0	10	0.993459	0	1.23434	0	3.52276e-07	0
1	10	0.993459	0	1.23434	0	3.52276e-07	0
2	9	0.942478	0	1.43998	0	4.38524e-07	0
3	10	0.993459	0	1.23434	0	3.52276e-07	0
4	10	0.993459	0	1.23434	0	3.52276e-07	0
5	9	0.942478	-0	1.43998	0	4.386e-07	0
6	8	0.888577	0	1.65106	0	4.5008e-07	0
7	9	0.942478	0	1.43998	0	4.386e-07	0
8	9	0.942478	-0	1.43998	0	4.386e-07	0
9	6	0.76953	-0	2.09147	0	2.58029e-07	0
10	5	0.702481	0	2.32193	0	-3.01325e-07	0
11	6	0.76953	0	2.09147	0	2.58029e-07	0
12	9	0.942478	0	1.43998	0	4.386e-07	0
13	8	0.888577	0	1.65106	0	4.5008e-07	0
14	5	0.702481	0	2.32193	0	-3.01325e-07	0
15	4	0.628319	0	2.56014	0	-5.54249e-08	0
16	5	0.702481	0	2.32193	0	-3.01325e-07	0
17	8	0.888577	0	1.65106	0	4.5008e-07	0
18	9	0.942478	0	1.43998	0	4.386e-07	0
19	6	0.76953	0	2.09147	0	2.58029e-07	0
20	5	0.702481	0	2.32193	0	-3.01325e-07	0
21	6	0.76953	0	2.09147	0	2.58029e-07	0
22	9	0.942478	0	1.43998	0	4.386e-07	0
23	9	0.942478	0	1.43998	0	4.386e-07	0
24	8	0.888577	0	1.65106	0	4.5008e-07	0
25	9	0.942478	0	1.43998	0	4.386e-07	0
26	10	0.993459	0	1.23434	0	3.52276e-07	0
27	9	0.942478	-0	1.43998	0	4.386e-07	0
28	6	0.76953	-0	2.09147	0	2.58029e-07	0
29	5	0.702481	0	2.32193	0	-3.01325e-07	0
30	6	0.76953	0	2.09147	0	2.58029e-07	0
31	9	0.942478	0	1.43998	0	4.386e-07	0
32	6	0.76953	-0	2.09147	0	2.58029e-07	0
33	3	0.54414	-0	2.80694	0	3.15003e-07	0
34	2	0.444288	0	3.06333	0	-3.26481e-07	0
35	3	0.54414	0	2.80694	0	3.15003e-07	0
36	6	0.76953	0	2.09147	0	2.58029e-07	0
37	10	0.993459	0	1.23434	0	3.52276e-07	0
38	5	0.702481	0	2.32193	0	-3.01325e-07	0
39	2	0.444288	0	3.06333	0	-3.26481e-07	0
40	1	0.314159	0	3.33052	0	3.98734e-06	0
41	2	0.444288	0	3.06333	0	-3.26481e-07	0
42	5	0.702481	0	2.32193	0	-3.01325e-07	0
43	10	0.993459	0	1.23434	0	3.52276e-07	0
44	6	0.76953	0	2.09147	0	2.58029e-07	0
45	3	0.54414	0	2.80694	0	3.15003e-07	0
46	2	0.444288	0	3.06333	0	-3.26481e-07	0
47	3	0.54414	0	2.80694	0	3.15003e-07	0
48	6	0.76953	0	2.09147	0	2.58029e-07	0
49	9	0.942478	0	1.43998	0	4.386e-07	0
50	6	0.76953	0	2.09147	0	2.58029e-07	0
51	5	0.702481	0	2.32193	0	-3.01325e-07	0
52	6	0.76953	0	2.09147	0	2.58029e-07	0
53	9	0.942478	0	1.43998	0	4.386e-07	0
54	10	0.993459	0	1.23434	0	3.52276e-07	0
55	10	0.993459	0	1.23434	0	3.52276e-07	0
56	9	0.942478	0	1.43998	0	4.38524e-07	0
57	10	0.993459	0	1.23434	0	3.52276e-07	0
58	8	0.888577	0	1.65106	0	4.5008e-07	0
59	5	0.702481	0	2.32193	0	-3.01325e-07	0
60	4	0.628319	0	2.56014	0	-5.54249e-08	0
61	5	0.702481	0	2.32193	0	-3.01325e-07	0
62	8	0.888577	0	1.65106	0	4.5008e-07	0
63	10	0.993459	0	1.23434	0	3.52276e-07	0
64	5	0.702481	0	2.32193	0	-3.01325e-07	0
65	2	0.444288	0	3.06333	0	-3.26481e-07	0
66	1	0.314159	0	3.33052	0	3.98734e-06	0
67	2	0.444288	0	3.06333	0	-3.26481e-07	0
68	5	0.702481	0	2.32193	0	-3.01325e-07	0
69	10	0.993459	0	1.23434	0	3.52276e-07	0
70	9	0.942478	0	1.43998	0	4.38524e-07	0
71	4	0.628319	0	2.56014	0	-5.54249e-08	0
72	1	0.314159	0	3.33052	0	3.98734e-06	0
73	0	0	0	3.61	0	7.97149e-07	0
74	1	0.314159	0	3.33052	0	3.98734e-06	0
75	4	0.628319	0	2.56014	0	-5.54249e-08	0
76	9	0.942478	0	1.43998	0	4.38524e-07	0
77	10	0.993459	0	1.23434	0	3.52276e-07	0
78	5	0.702481	0	2.32193	0	-3.01325e-07	0
79	2	0.444288	0	3.06333	0	-3.26481e-07	0
80	1	0.314159	0	3.33052	0	3.98734e-06	0
81	2	0.444288	0	3.06333	0	-3.26481e-07	0
82	5	0.702481	0	2.32193	0	-3.01325e-07	0
83	10	0.993459	0	1.23434	0	3.52276e-07	0
84	8	0.888577	0	1.65106	0	4.5008e-07	0
85	5	0.702481	0	2.32193	0	-3.01325e-07	0
86	4	0.628319	0	2.56014	0	-5.54249e-08	0
87	5	0.702481	0	2.32193	0	-3.01325e-07	0
88	8	0.888577	0	1.65106	0	4.5008e-07	0
89	10	0.993459	0	1.23434	0	3.52276e-07	0
90	9	0.942478	0	1.43998	0	4.38524e-07	0
91	10	0.993459	0	1.23434	0	3.52276e-07	0
92	10	0.993459	0	1.23434	0	3.52276e-07	0
93	9	0.942478	0	1.43998	0	4.386e-07	0
94	6	0.76953	0	2.09147	0	2.58029e-07	0
95	5	0.702481	0	2.32193	0	-3.01325e-07	0
96	6	0.76953	0	2.09147	0	2.58029e-07	0
97	9	0.942478	0	1.43998	0	4.386e-07	0
98	6	0.76953	0	2.09147	0	2.58029e-07	0
99	3	0.54414	0	2.80694	0	3.15003e-07	0
100	2	0.444288	0	3.06333	0	-3.26481e-07	0
101	3	0.54414	0	2.80694	0	3.15003e-07	0
102	6	0.76953	0	2.09147	0	2.58029e-07	0
103	10	0.993459	0	1.23434	0	3.52276e-07	0
104	5	0.702481	0	2.32193	0	-3.01325e-07	0
105	2	0.444288	0	3.06333	0	-3.26481e-07	0
106	1	0.314159	0	3.33052	0	3.98734e-06	0
107	2	0.444288	0	3.06333	0	-3.26481e-07	0
108	5	0.702481	0	2.32193	0	-3.01325e-07	0
109	10	0.993459	0	1.23434	0	3.52276e-07	0
110	6	0.76953	0	2.09147	0	2.58029e-07	0
111	3	0.54414	0	2.80694	0	3.15003e-07	0
112	2	0.444288	0	3.06333	0	-3.26481e-07	0
113	3	0.54414	0	2.80694	0	3.15003e-07	0
114	6	0.76953	0	2.09147	0	2.58029e-07	0
115	9	0.942478	0	1.43998	0	4.386e-07	0
116	6	0.76953	0	2.09147	0	2.58029e-07	0
117	5	0.702481	0	2.32193	0	-3.01325e-07	0
118	6	0.76953	0	2.09147	0	2.58029e-07	0
119	9	0.942478	0	1.43998	0	4.386e-07	0
120	10	0.993459	0	1.23434	0	3.52276e-07	0
121	9	0.942478	0	1.43998	0	4.386e-07	0
122	8	0.888577	0	1.65106	0	4.5008e-07	0
123	9	0.942478	0	1.43998	0	4.386e-07	0
124	9	0.942478	0	1.43998	0	4.386e-07	0
125	6	0.76953	0	2.09147	0	2.58029e-07	0
126	5	0.702481	0	2.32193	0	-3.01325e-07	0
127	6	0.76953	0	2.09147	0	2.58029e-07	0
128	9	0.942478	0	1.43998	0	4.386e-07	0
129	8	0.888577	0	1.65106	0	4.5008e-07	0
130	5	0.702481	0	2.32193	0	-3.01325e-07	0
131	4	0.628319	0	2.56014	0	-5.54249e-08	0
132	5	0.702481	0	2.32193	0	-3.01325e-07	0
133	8	0.888577	0	1.65106	0	4.5008e-07	0
134	9	0.942478	0	1.43998	0	4.386e-07	0
135	6	0.76953	0	2.09147	0	2.58029e-07	0
136	5	0.702481	0	2.32193	0	-3.01325e-07	0
137	6	0.76953	0	2.09147	0	2.58029e-07	0
138	9	0.942478	0	1.43998	0	4.386e-07	0
139	9	0.942478	0	1.43998	0	4.386e-07	0
140	8	0.888577	0	1.65106	0	4.5008e-07	0
141	9	0.942478	0	1.43998	0	4.386e-07	0
142	10	0.993459	0	1.23434	0	3.52276e-07	0
143	10	0.993459	0	1.23434	0	3.52276e-07	0
144	9	0.942478	0	1.43998	0	4.38524e-07	0
145	10	0.993459	0	1.23434	0	3.52276e-07	0
146	10	0.993459	0	1.23434	0	3.52276e-07	0
