0.640582	0.33802	0	0	0.00463584	0.16604	0	0	-0.000584697	0	0	0
0.640582	0.33802	1	0	0.00463584	0.16604	0.0005	0	-0.00027219	0	0	0
0.640582	0.33802	2	0	0.00463584	0.16604	0.001	0	3.70159e-05	0	0	0
0.640582	0.33802	3	0	0.00463584	0.16604	0.0015	0	0.000342919	0	0	0
0.640582	0.33802	4	0	0.00463584	0.16604	0.002	0	0.000645521	0	0	0
0.640582	0.33802	5	0	0.00463584	0.16604	0.0025	0	0.000944823	0	0	0
0.640582	0.33802	6	0	0.00463584	0.16604	0.003	0	0.00124082	0	0	0
0.640582	0.33802	7	0	0.00463584	0.16604	0.0035	0	0.00153353	0	0	0
0.640582	0.33802	8	0	0.00463584	0.16604	0.004	0	0.00182294	0	0	0
0.640582	0.33802	9	0	0.00463584	0.16604	0.0045	0	0.00210905	0	0	0
0.640582	0.33802	10	0	0.00463584	0.16604	0.005	0	0.00239187	0	0	0
0.640582	0.33802	11	0	0.00463584	0.16604	0.0055	0	0.0026714	0	0	0
0.640582	0.33802	12	0	0.00463584	0.16604	0.006	0	0.00294765	0	0	0
0.640582	0.33802	13	0	0.00463584	0.16604	0.0065	0	0.00322061	0	0	0
0.640582	0.33802	14	0	0.00463584	0.16604	0.007	0	0.00349029	0	0	0
0.640582	0.33802	15	0	0.00463584	0.16604	0.0075	0	0.0037567	0	0	0
0.640582	0.33802	16	0	0.00463584	0.16604	0.008	0	0.00401983	0	0	0
0.640582	0.33802	17	0	0.00463584	0.16604	0.0085	0	0.00427969	0	0	0
0.640582	0.33802	18	0	0.00463584	0.16604	0.009	0	0.00453629	0	0	0
0.640582	0.33802	19	0	0.00463584	0.16604	0.0095	0	0.00478962	0	2.54611e-29	0
0.640582	0.33802	20	0	0.00463584	0.16604	0.01	0	0.0050397	0	1.403e-14	0
0.640582	0.33802	21	0	0.00463584	0.16604	0.0105	0	0.00528653	0	3.7694e-11	0
0.640582	0.33802	22	0	0.00463584	0.16604	0.011	0	0.00553012	0	1.25201e-09	0
0.640582	0.33802	23	0	0.00463584	0.16604	0.0115	0	0.00577046	0	8.97368e-09	0
0.640582	0.33802	24	0	0.00463584	0.16604	0.012	0	0.00600757	0	3.15207e-08	0
0.640582	0.33802	25	0	0.00463584	0.16604	0.0125	0	0.00624146	0	7.50103e-08	0
0.640582	0.33802	26	0	0.00463584	0.16604	0.013	0	0.00647212	0	1.41014e-07	0
0.640582	0.33802	27	0	0.00463584	0.16604	0.0135	0	0.00669956	0	2.27377e-07	0
0.640582	0.33802	28	0	0.00463584	0.16604	0.014	0	0.0069238	0	3.29939e-07	0
0.640582	0.33802	29	0	0.00463584	0.16604	0.0145	0	0.00714483	0	4.4394e-07	0
0.640582	0.33802	30	0	0.00463584	0.16604	0.015	0	0.00736267	0	5.64863e-07	0
0.640582	0.33802	31	0	0.00463584	0.16604	0.0155	0	0.00757732	0	6.8883e-07	0
0.640582	0.33802	32	0	0.00463584	0.16604	0.016	0	0.00778879	0	8.12725e-07	0
0.640582	0.33802	33	0	0.00463584	0.16604	0.0165	0	0.00799709	0	9.34172e-07	0
0.640582	0.33802	34	0	0.00463584	0.16604	0.017	0	0.00820223	0	1.05144e-06	0
0.640582	0.33802	35	0	0.00463584	0.16604	0.0175	0	0.00840421	0	1.16335e-06	0
0.640582	0.33802	36	0	0.00463584	0.16604	0.018	0	0.00860304	0	1.26914e-06	0
0.640582	0.33802	37	0	0.00463584	0.16604	0.0185	0	0.00879873	0	1.36838e-06	0
0.640582	0.33802	38	0	0.00463584	0.16604	0.019	0	0.00899129	0	1.46091e-06	0
0.640582	0.33802	39	0	0.00463584	0.16604	0.0195	0	0.00918073	0	1.54674e-06	0
0.640582	0.33802	40	0	0.00463584	0.16604	0.02	0	0.00936706	0	1.62604e-06	0
0.640582	0.33802	41	0	0.00463584	0.16604	0.0205	0	0.00955029	0	1.69905e-06	0
0.640582	0.33802	42	0	0.00463584	0.16604	0.021	0	0.00973042	0	1.7661e-06	0
0.640582	0.33802	43	0	0.00463584	0.16604	0.0215	0	0.00990747	0	1.82754e-06	0
0.640582	0.33802	44	0	0.00463584	0.16604	0.022	0	0.0100814	0	1.88374e-06	0
0.640582	0.33802	45	0	0.00463584	0.16604	0.0225	0	0.0102524	0	1.93511e-06	0
0.640582	0.33802	46	0	0.00463584	0.16604	0.023	0	0.0104202	0	1.98203e-06	0
0.640582	0.33802	47	0	0.00463584	0.16604	0.0235	0	0.010585	0	2.02487e-06	0
0.640582	0.33802	48	0	0.00463584	0.16604	0.024	0	0.0107468	0	2.06402e-06	0
0.640582	0.33802	49	0	0.00463584	0.16604	0.0245	0	0.0109056	0	2.09982e-06	0
0.640582	0.33802	50	0	0.00463584	0.16604	0.025	0	0.0110613	0	2.1326e-06	0
0.640582	0.33802	51	0	0.00463584	0.16604	0.0255	0	0.0112141	0	2.16269e-06	0
0.640582	0.33802	52	0	0.00463584	0.16604	0.026	0	0.0113639	0	2.19038e-06	0
0.640582	0.33802	53	0	0.00463584	0.16604	0.0265	0	0.0115107	0	2.21594e-06	0
0.640582	0.33802	54	0	0.00463584	0.16604	0.027	0	0.0116545	0	2.23964e-06	0
0.640582	0.33802	55	0	0.00463584	0.16604	0.0275	0	0.0117954	0	2.2617e-06	0
0.640582	0.33802	56	0	0.00463584	0.16604	0.028	0	0.0119333	0	2.28235e-06	0
0.640582	0.33802	57	0	0.00463584	0.16604	0.0285	0	0.0120683	0	2.3018e-06	0
0.640582	0.33802	58	0	0.00463584	0.16604	0.029	0	0.0122004	0	2.32022e-06	0
0.640582	0.33802	59	0	0.00463584	0.16604	0.0295	0	0.0123296	0	2.33778e-06	0
0.640582	0.33802	60	0	0.00463584	0.16604	0.03	0	0.0124559	0	2.35465e-06	0
0.640582	0.33802	61	0	0.00463584	0.16604	0.0305	0	0.0125793	0	2.37096e-06	0
0.640582	0.33802	62	0	0.00463584	0.16604	0.031	0	0.0126998	0	2.38683e-06	0
0.640582	0.33802	63	0	0.00463584	0.16604	0.0315	0	0.0128175	0	2.4024e-06	0
0.640582	0.33802	64	0	0.00463584	0.16604	0.032	0	0.0129324	0	2.41775e-06	0
0.640582	0.33802	65	0	0.00463584	0.16604	0.0325	0	0.0130444	0	2.433e-06	0
0.640582	0.33802	66	0	0.00463584	0.16604	0.033	0	0.0131536	0	2.44821e-06	0
0.640582	0.33802	67	0	0.00463584	0.16604	0.0335	0	0.01326	0	2.46347e-06	0
0.640582	0.33802	68	0	0.00463584	0.16604	0.034	0	0.0133636	0	2.47884e-06	0
0.640582	0.33802	69	0	0.00463584	0.16604	0.0345	0	0.0134645	0	2.49439e-06	0
0.640582	0.33802	70	0	0.00463584	0.16604	0.035	0	0.0135626	0	2.51017e-06	0
0.640582	0.33802	71	0	0.00463584	0.16604	0.0355	0	0.0136579	0	2.52622e-06	0
0.640582	0.33802	72	0	0.00463584	0.16604	0.036	0	0.0137505	0	2.54258e-06	0
0.640582	0.33802	73	0	0.00463584	0.16604	0.0365	0	0.0138404	0	2.55929e-06	0
0.640582	0.33802	74	0	0.00463584	0.16604	0.037	0	0.0139275	0	2.57638e-06	0
0.640582	0.33802	75	0	0.00463584	0.16604	0.0375	0	0.014012	0	2.59387e-06	0
0.640582	0.33802	76	0	0.00463584	0.16604	0.038	0	0.0140938	0	2.61178e-06	0
0.640582	0.33802	77	0	0.00463584	0.16604	0.0385	0	0.0141729	0	2.63014e-06	0
0.640582	0.33802	78	0	0.00463584	0.16604	0.039	0	0.0142494	0	2.64895e-06	0
0.640582	0.33802	79	0	0.00463584	0.16604	0.0395	0	0.0143232	0	2.66821e-06	0
0.640582	0.33802	80	0	0.00463584	0.16604	0.04	0	0.0143944	0	2.68795e-06	0
0.640582	0.33802	81	0	0.00463584	0.16604	0.0405	0	0.014463	0	2.70816e-06	0
0.640582	0.33802	82	0	0.00463584	0.16604	0.041	0	0.0145291	0	2.72884e-06	0
0.640582	0.33802	83	0	0.00463584	0.16604	0.0415	0	0.0145925	0	2.74999e-06	0
0.640582	0.33802	84	0	0.00463584	0.16604	0.042	0	0.0146533	0	2.77161e-06	0
0.640582	0.33802	85	0	0.00463584	0.16604	0.0425	0	0.0147117	0	2.7937e-06	0
0.640582	0.33802	86	0	0.00463584	0.16604	0.043	0	0.0147674	0	2.81623e-06	0
0.640582	0.33802	87	0	0.00463584	0.16604	0.0435	0	0.0148207	0	2.83921e-06	0
0.640582	0.33802	88	0	0.00463584	0.16604	0.044	0	0.0148714	0	2.86263e-06	0
0.640582	0.33802	89	0	0.00463584	0.16604	0.0445	0	0.0149197	0	2.88647e-06	0
0.640582	0.33802	90	0	0.00463584	0.16604	0.045	0	0.0149654	0	2.91071e-06	0
0.640582	0.33802	91	0	0.00463584	0.16604	0.0455	0	0.0150087	0	2.93535e-06	0
0.640582	0.33802	92	0	0.00463584	0.16604	0.046	0	0.0150496	0	2.96038e-06	0
0.640582	0.33802	93	0	0.00463584	0.16604	0.0465	0	0.015088	0	2.98576e-06	0
0.640582	0.33802	94	0	0.00463584	0.16604	0.047	0	0.015124	0	3.01149e-06	0
0.640582	0.33802	95	0	0.00463584	0.16604	0.0475	0	0.0151576	0	3.03754e-06	0
0.640582	0.33802	96	0	0.00463584	0.16604	0.048	0	0.0151888	0	3.06391e-06	0
0.640582	0.33802	97	0	0.00463584	0.16604	0.0485	0	0.0152176	0	3.09056e-06	0
0.640582	0.33802	98	0	0.00463584	0.16604	0.049	0	0.0152441	0	3.11749e-06	0
0.640582	0.33802	99	0	0.00463584	0.16604	0.0495	0	0.0152682	0	3.14466e-06	0
0.640582	0.33802	100	0	0.00463584	0.16604	0.05	0	0.0152899	0	3.17206e-06	0
0.640582	0.33802	101	0	0.00463584	0.16604	0.0505	0	0.0153094	0	3.19966e-06	0
0.640582	0.33802	102	0	0.00463584	0.16604	0.051	0	0.0153266	0	3.22745e-06	0
0.640582	0.33802	103	0	0.00463584	0.16604	0.0515	0	0.0153414	0	3.2554e-06	0
0.640582	0.33802	104	0	0.00463584	0.16604	0.052	0	0.015354	0	3.2835e-06	0
0.640582	0.33802	105	0	0.00463584	0.16604	0.0525	0	0.0153643	0	3.3117e-06	0
0.640582	0.33802	106	0	0.00463584	0.16604	0.053	0	0.0153724	0	3.34001e-06	0
0.640582	0.33802	107	0	0.00463584	0.16604	0.0535	0	0.0153783	0	3.36838e-06	0
0.640582	0.33802	108	0	0.00463584	0.16604	0.054	0	0.0153819	0	3.39679e-06	0
0.640582	0.33802	109	0	0.00463584	0.16604	0.0545	0	0.0153833	0	3.42523e-06	0
0.640582	0.33802	110	0	0.00463584	0.16604	0.055	0	0.0153825	0	3.45367e-06	0
0.640582	0.33802	111	0	0.00463584	0.16604	0.0555	0	0.0153796	0	3.48208e-06	0
0.640582	0.33802	112	0	0.00463584	0.16604	0.056	0	0.0153745	0	3.51044e-06	0
0.640582	0.33802	113	0	0.00463584	0.16604	0.0565	0	0.0153673	0	3.53873e-06	0
0.640582	0.33802	114	0	0.00463584	0.16604	0.057	0	0.0153579	0	3.56691e-06	0
0.640582	0.33802	115	0	0.00463584	0.16604	0.0575	0	0.0153464	0	3.59497e-06	0
0.640582	0.33802	116	0	0.00463584	0.16604	0.058	0	0.0153328	0	3.62287e-06	0
0.640582	0.33802	117	0	0.00463584	0.16604	0.0585	0	0.0153172	0	3.6506e-06	0
0.640582	0.33802	118	0	0.00463584	0.16604	0.059	0	0.0152994	0	3.67813e-06	0
0.640582	0.33802	119	0	0.00463584	0.16604	0.0595	0	0.0152796	0	3.70542e-06	0
0.640582	0.33802	120	0	0.00463584	0.16604	0.06	0	0.0152578	0	3.73246e-06	0
0.640582	0.33802	121	0	0.00463584	0.16604	0.0605	0	0.0152339	0	3.75921e-06	0
0.640582	0.33802	122	0	0.00463584	0.16604	0.061	0	0.015208	0	3.78565e-06	0
0.640582	0.33802	123	0	0.00463584	0.16604	0.0615	0	0.0151801	0	3.81176e-06	0
0.640582	0.33802	124	0	0.00463584	0.16604	0.062	0	0.0151502	0	3.8375e-06	0
0.640582	0.33802	125	0	0.00463584	0.16604	0.0625	0	0.0151183	0	3.86285e-06	0
0.640582	0.33802	126	0	0.00463584	0.16604	0.063	0	0.0150845	0	3.88778e-06	0
0.640582	0.33802	127	0	0.00463584	0.16604	0.0635	0	0.0150487	0	3.91225e-06	0
0.640582	0.33802	128	0	0.00463584	0.16604	0.064	0	0.015011	0	3.93625e-06	0
0.640582	0.33802	129	0	0.00463584	0.16604	0.0645	0	0.0149713	0	3.95974e-06	0
0.640582	0.33802	130	0	0.00463584	0.16604	0.065	0	0.0149298	0	3.98269e-06	0
0.640582	0.33802	131	0	0.00463584	0.16604	0.0655	0	0.0148864	0	4.00507e-06	0
0.640582	0.33802	132	0	0.00463584	0.16604	0.066	0	0.0148411	0	4.02685e-06	0
0.640582	0.33802	133	0	0.00463584	0.16604	0.0665	0	0.0147939	0	4.048e-06	0
0.640582	0.33802	134	0	0.00463584	0.16604	0.067	0	0.0147449	0	4.06848e-06	0
0.640582	0.33802	135	0	0.00463584	0.16604	0.0675	0	0.014694	0	4.08827e-06	0
0.640582	0.33802	136	0	0.00463584	0.16604	0.068	0	0.0146413	0	4.10733e-06	0
0.640582	0.33802	137	0	0.00463584	0.16604	0.0685	0	0.0145868	0	4.12563e-06	0
0.640582	0.33802	138	0	0.00463584	0.16604	0.069	0	0.0145305	0	4.14313e-06	0
0.640582	0.33802	139	0	0.00463584	0.16604	0.0695	0	0.0144724	0	4.1598e-06	0
0.640582	0.33802	140	0	0.00463584	0.16604	0.07	0	0.0144125	0	4.1756e-06	0
0.640582	0.33802	141	0	0.00463584	0.16604	0.0705	0	0.0143509	0	4.1905e-06	0
0.640582	0.33802	142	0	0.00463584	0.16604	0.071	0	0.0142875	0	4.20445e-06	0
0.640582	0.33802	143	0	0.00463584	0.16604	0.0715	0	0.0142224	0	4.21742e-06	0
0.640582	0.33802	144	0	0.00463584	0.16604	0.072	0	0.0141556	0	4.22937e-06	0
0.640582	0.33802	145	0	0.00463584	0.16604	0.0725	0	0.014087	0	4.24026e-06	0
0.640582	0.33802	146	0	0.00463584	0.16604	0.073	0	0.0140168	0	4.25005e-06	0
0.640582	0.33802	147	0	0.00463584	0.16604	0.0735	0	0.0139449	0	4.25869e-06	0
0.640582	0.33802	148	0	0.00463584	0.16604	0.074	0	0.0138713	0	4.26614e-06	0
0.640582	0.33802	149	0	0.00463584	0.16604	0.0745	0	0.013796	0	4.27236e-06	0
0.640582	0.33802	150	0	0.00463584	0.16604	0.075	0	0.0137191	0	4.27729e-06	0
0.640582	0.33802	151	0	0.00463584	0.16604	0.0755	0	0.0136406	0	4.2809e-06	0
0.640582	0.33802	152	0	0.00463584	0.16604	0.076	0	0.0135604	0	4.28313e-06	0
0.640582	0.33802	153	0	0.00463584	0.16604	0.0765	0	0.0134786	0	4.28393e-06	0
0.640582	0.33802	154	0	0.00463584	0.16604	0.077	0	0.0133953	0	4.28325e-06	0
0.640582	0.33802	155	0	0.00463584	0.16604	0.0775	0	0.0133103	0	4.28104e-06	0
0.640582	0.33802	156	0	0.00463584	0.16604	0.078	0	0.0132238	0	4.27724e-06	0
0.640582	0.33802	157	0	0.00463584	0.16604	0.0785	0	0.0131357	0	4.27179e-06	0
0.640582	0.33802	158	0	0.00463584	0.16604	0.079	0	0.013046	0	4.26463e-06	0
0.640582	0.33802	159	0	0.00463584	0.16604	0.0795	0	0.0129549	0	4.25571e-06	0
0.640582	0.33802	160	0	0.00463584	0.16604	0.08	0	0.0128621	0	4.24495e-06	0
0.640582	0.33802	161	0	0.00463584	0.16604	0.0805	0	0.0127679	0	4.23231e-06	0
0.640582	0.33802	162	0	0.00463584	0.16604	0.081	0	0.0126722	0	4.2177e-06	0
0.640582	0.33802	163	0	0.00463584	0.16604	0.0815	0	0.012575	0	4.20105e-06	0
0.640582	0.33802	164	0	0.00463584	0.16604	0.082	0	0.0124763	0	4.18231e-06	0
0.640582	0.33802	165	0	0.00463584	0.16604	0.0825	0	0.0123761	0	4.16139e-06	0
0.640582	0.33802	166	0	0.00463584	0.16604	0.083	0	0.0122744	0	4.13821e-06	0
0.640582	0.33802	167	0	0.00463584	0.16604	0.0835	0	0.0121714	0	4.1127e-06	0
0.640582	0.33802	168	0	0.00463584	0.16604	0.084	0	0.0120668	0	4.08479e-06	0
0.640582	0.33802	169	0	0.00463584	0.16604	0.0845	0	0.0119609	0	4.05437e-06	0
0.640582	0.33802	170	0	0.00463584	0.16604	0.085	0	0.0118535	0	4.02137e-06	0
0.640582	0.33802	171	0	0.00463584	0.16604	0.0855	0	0.0117448	0	3.98571e-06	0
0.640582	0.33802	172	0	0.00463584	0.16604	0.086	0	0.0116346	0	3.94729e-06	0
0.640582	0.33802	173	0	0.00463584	0.16604	0.0865	0	0.011523	0	3.90601e-06	0
0.640582	0.33802	174	0	0.00463584	0.16604	0.087	0	0.0114101	0	3.86179e-06	0
0.640582	0.33802	175	0	0.00463584	0.16604	0.0875	0	0.0112958	0	3.81452e-06	0
0.640582	0.33802	176	0	0.00463584	0.16604	0.088	0	0.0111802	0	3.76412e-06	0
0.640582	0.33802	177	0	0.00463584	0.16604	0.0885	0	0.0110632	0	3.71048e-06	0
0.640582	0.33802	178	0	0.00463584	0.16604	0.089	0	0.0109449	0	3.6535e-06	0
0.640582	0.33802	179	0	0.00463584	0.16604	0.0895	0	0.0108253	0	3.59309e-06	0
0.640582	0.33802	180	0	0.00463584	0.16604	0.09	0	0.0107044	0	3.52913e-06	0
0.640582	0.33802	181	0	0.00463584	0.16604	0.0905	0	0.0105821	0	3.46155e-06	0
0.640582	0.33802	182	0	0.00463584	0.16604	0.091	0	0.0104586	0	3.39023e-06	0
0.640582	0.33802	183	0	0.00463584	0.16604	0.0915	0	0.0103338	0	3.31509e-06	0
0.640582	0.33802	184	0	0.00463584	0.16604	0.092	0	0.0102077	0	3.23604e-06	0
0.640582	0.33802	185	0	0.00463584	0.16604	0.0925	0	0.0100804	0	3.153e-06	0
0.640582	0.33802	186	0	0.00463584	0.16604	0.093	0	0.00995179	0	3.0659e-06	0
0.640582	0.33802	187	0	0.00463584	0.16604	0.0935	0	0.00982196	0	2.97467e-06	0
0.640582	0.33802	188	0	0.00463584	0.16604	0.094	0	0.00969089	0	2.87926e-06	0
0.640582	0.33802	189	0	0.00463584	0.16604	0.0945	0	0.0095586	0	2.77965e-06	0
0.640582	0.33802	190	0	0.00463584	0.16604	0.095	0	0.0094251	0	2.67583e-06	0
0.640582	0.33802	191	0	0.00463584	0.16604	0.0955	0	0.0092904	0	2.5678e-06	0
0.640582	0.33802	192	0	0.00463584	0.16604	0.096	0	0.0091545	0	2.45562e-06	0
0.640582	0.33802	193	0	0.00463584	0.16604	0.0965	0	0.00901741	0	2.33937e-06	0
0.640582	0.33802	194	0	0.00463584	0.16604	0.097	0	0.00887915	0	2.21918e-06	0
0.640582	0.33802	195	0	0.00463584	0.16604	0.0975	0	0.00873972	0	2.09524e-06	0
0.640582	0.33802	196	0	0.00463584	0.16604	0.098	0	0.00859913	0	1.96779e-06	0
0.640582	0.33802	197	0	0.00463584	0.16604	0.0985	0	0.00845739	0	1.83715e-06	0
0.640582	0.33802	198	0	0.00463584	0.16604	0.099	0	0.00831452	0	1.70374e-06	0
0.640582	0.33802	199	0	0.00463584	0.16604	0.0995	0	0.00817051	0	1.56806e-06	0
0.640582	0.33802	200	0	0.00463584	0.16604	0.1	0	0.00802537	0	1.43074e-06	0
0.640582	0.33802	201	0	0.00463584	0.16604	0.1005	0	0.00787913	0	1.29256e-06	0
0.640582	0.33802	202	0	0.00463584	0.16604	0.101	0	0.00773177	0	1.15441e-06	0
0.640582	0.33802	203	0	0.00463584	0.16604	0.1015	0	0.00758332	0	1.01739e-06	0
0.640582	0.33802	204	0	0.00463584	0.16604	0.102	0	0.00743378	0	8.82744e-07	0
0.640582	0.33802	205	0	0.00463584	0.16604	0.1025	0	0.00728316	0	7.5192e-07	0
0.640582	0.33802	206	0	0.00463584	0.16604	0.103	0	0.00713147	0	6.26538e-07	0
0.640582	0.33802	207	0	0.00463584	0.16604	0.1035	0	0.00697872	0	5.08377e-07	0
0.640582	0.33802	208	0	0.00463584	0.16604	0.104	0	0.00682491	0	3.99326e-07	0
0.640582	0.33802	209	0	0.00463584	0.16604	0.1045	0	0.00667005	0	3.013e-07	0
0.640582	0.33802	210	0	0.00463584	0.16604	0.105	0	0.00651415	0	2.16104e-07	0
0.640582	0.33802	211	0	0.00463584	0.16604	0.1055	0	0.00635722	0	1.45231e-07	0
0.640582	0.33802	212	0	0.00463584	0.16604	0.106	0	0.00619926	0	8.96024e-08	0
0.640582	0.33802	213	0	0.00463584	0.16604	0.1065	0	0.00604029	0	4.92532e-08	0
0.640582	0.33802	214	0	0.00463584	0.16604	0.107	0	0.00588032	0	2.30426e-08	0
0.640582	0.33802	215	0	0.00463584	0.16604	0.1075	0	0.00571934	0	8.52408e-09	0
0.640582	0.33802	216	0	0.00463584	0.16604	0.108	0	0.00555737	0	2.19741e-09	0
0.640582	0.33802	217	0	0.00463584	0.16604	0.1085	0	0.00539441	0	3.11536e-10	0
0.640582	0.33802	218	0	0.00463584	0.16604	0.109	0	0.00523048	0	1.47139e-11	0
0.640582	0.33802	219	0	0.00463584	0.16604	0.1095	0	0.00506558	0	6.44468e-14	0
0.640582	0.33802	220	0	0.00463584	0.16604	0.11	0	0.00489971	0	2.85663e-19	0
0.640582	0.33802	221	0	0.00463584	0.16604	0.1105	0	0.00473289	0	3.93548e-43	0
0.640582	0.33802	222	0	0.00463584	0.16604	0.111	0	0.00456512	0	0	0
0.640582	0.33802	223	0	0.00463584	0.16604	0.1115	0	0.00439641	0	0	0
0.640582	0.33802	224	0	0.00463584	0.16604	0.112	0	0.00422677	0	0	0
0.640582	0.33802	225	0	0.00463584	0.16604	0.1125	0	0.0040562	0	0	0
0.640582	0.33802	226	0	0.00463584	0.16604	0.113	0	0.00388471	0	0	0
0.640582	0.33802	227	0	0.00463584	0.16604	0.1135	0	0.00371231	0	0	0
0.640582	0.33802	228	0	0.00463584	0.16604	0.114	0	0.00353901	0	0	0
0.640582	0.33802	229	0	0.00463584	0.16604	0.1145	0	0.0033648	0	0	0
0.640582	0.33802	230	0	0.00463584	0.16604	0.115	0	0.0031897	0	0	0
0.640582	0.33802	231	0	0.00463584	0.16604	0.1155	0	0.00301372	0	0	0
0.640582	0.33802	232	0	0.00463584	0.16604	0.116	0	0.00283686	0	0	0
0.640582	0.33802	233	0	0.00463584	0.16604	0.1165	0	0.00265913	0	0	0
0.640582	0.33802	234	0	0.00463584	0.16604	0.117	0	0.00248054	0	0	0
0.640582	0.33802	235	0	0.00463584	0.16604	0.1175	0	0.00230108	0	0	0
0.640582	0.33802	236	0	0.00463584	0.16604	0.118	0	0.00212078	0	0	0
0.640582	0.33802	237	0	0.00463584	0.16604	0.1185	0	0.00193963	0	0	0
0.640582	0.33802	238	0	0.00463584	0.16604	0.119	0	0.00175764	0	0	0
0.640582	0.33802	239	0	0.00463584	0.16604	0.1195	0	0.00157481	0	0	0
0.640582	0.33802	240	0	0.00463584	0.16604	0.12	0	0.00139116	0	0	0
0.640582	0.33802	241	0	0.00463584	0.16604	0.1205	0	0.00120669	0	0	0
0.640582	0.33802	242	0	0.00463584	0.16604	0.121	0	0.00102141	0	0	0
0.640582	0.33802	243	0	0.00463584	0.16604	0.1215	0	0.000835319	0	0	0
0.640582	0.33802	244	0	0.00463584	0.16604	0.122	0	0.000648426	0	0	0
0.640582	0.33802	245	0	0.00463584	0.16604	0.1225	0	0.000460737	0	0	0
0.640582	0.33802	246	0	0.00463584	0.16604	0.123	0	0.000272258	0	0	0
0.640582	0.33802	247	0	0.00463584	0.16604	0.1235	0	8.29951e-05	0	0	0
0.640582	0.33802	248	0	0.00463584	0.16604	0.124	0	-0.000107046	0	0	0
0.640582	0.33802	249	0	0.00463584	0.16604	0.1245	0	-0.000297859	0	0	0
0.640582	0.33802	250	0	0.00463584	0.16604	0.125	0	-0.000489438	0	0	0
0.640582	0.33802	251	0	0.00463584	0.16604	0.1255	0	-0.000681778	0	0	0
0.640582	0.33802	252	0	0.00463584	0.16604	0.126	0	-0.000874873	0	0	0
0.640582	0.33802	253	0	0.00463584	0.16604	0.1265	0	-0.00106872	0	0	0
0.640582	0.33802	254	0	0.00463584	0.16604	0.127	0	-0.00126331	0	0	0
0.640582	0.33802	255	0	0.00463584	0.16604	0.1275	0	-0.00145863	0	0	0
0.640582	0.33802	256	0	0.00463584	0.16604	0.128	0	-0.00165469	0	0	0
0.640582	0.33802	257	0	0.00463584	0.16604	0.1285	0	-0.00185148	0	0	0
0.640582	0.33802	258	0	0.00463584	0.16604	0.129	0	-0.00204899	0	0	0
0.640582	0.33802	259	0	0.00463584	0.16604	0.1295	0	-0.00224721	0	0	0
0.640582	0.33802	260	0	0.00463584	0.16604	0.13	0	-0.00244615	0	0	0
0.640582	0.33802	261	0	0.00463584	0.16604	0.1305	0	-0.00264579	0	0	0
0.640582	0.33802	262	0	0.00463584	0.16604	0.131	0	-0.00284614	0	0	0
0.640582	0.33802	263	0	0.00463584	0.16604	0.1315	0	-0.00304718	0	0	0
0.640582	0.33802	264	0	0.00463584	0.16604	0.132	0	-0.00324891	0	0	0
0.640582	0.33802	265	0	0.00463584	0.16604	0.1325	0	-0.00345132	0	0	0
0.640582	0.33802	266	0	0.00463584	0.16604	0.133	0	-0.00365442	0	0	0
0.640582	0.33802	267	0	0.00463584	0.16604	0.1335	0	-0.00385819	0	0	0
0.640582	0.33802	268	0	0.00463584	0.16604	0.134	0	-0.00406263	0	0	0
0.640582	0.33802	269	0	0.00463584	0.16604	0.1345	0	-0.00426774	0	0	0
0.640582	0.33802	270	0	0.00463584	0.16604	0.135	0	-0.00447351	0	0	0
0.640582	0.33802	271	0	0.00463584	0.16604	0.1355	0	-0.00467993	0	0	0
0.640582	0.33802	272	0	0.00463584	0.16604	0.136	0	-0.00488701	0	0	0
0.640582	0.33802	273	0	0.00463584	0.16604	0.1365	0	-0.00509473	0	0	0
0.640582	0.33802	274	0	0.00463584	0.16604	0.137	0	-0.00530309	0	0	0
0.640582	0.33802	275	0	0.00463584	0.16604	0.1375	0	-0.00551209	0	0	0
0.640582	0.33802	276	0	0.00463584	0.16604	0.138	0	-0.00572172	0	0	0
0.640582	0.33802	277	0	0.00463584	0.16604	0.1385	0	-0.00593198	0	0	0
0.640582	0.33802	278	0	0.00463584	0.16604	0.139	0	-0.00614287	0	0	0
0.640582	0.33802	279	0	0.00463584	0.16604	0.1395	0	-0.00635437	0	0	0
0.640582	0.33802	280	0	0.00463584	0.16604	0.14	0	-0.00656649	0	0	0
0.640582	0.33802	281	0	0.00463584	0.16604	0.1405	0	-0.00677921	0	0	0
0.640582	0.33802	282	0	0.00463584	0.16604	0.141	0	-0.00699254	0	0	0
0.640582	0.33802	283	0	0.00463584	0.16604	0.1415	0	-0.00720648	0	0	0
0.640582	0.33802	284	0	0.00463584	0.16604	0.142	0	-0.00742101	0	0	0
0.640582	0.33802	285	0	0.00463584	0.16604	0.1425	0	-0.00763613	0	0	0
0.640582	0.33802	286	0	0.00463584	0.16604	0.143	0	-0.00785184	0	0	0
0.640582	0.33802	287	0	0.00463584	0.16604	0.1435	0	-0.00806813	0	0	0
0.640582	0.33802	288	0	0.00463584	0.16604	0.144	0	-0.00828501	0	0	0
0.640582	0.33802	289	0	0.00463584	0.16604	0.1445	0	-0.00850246	0	0	0
0.640582	0.33802	290	0	0.00463584	0.16604	0.145	0	-0.00872048	0	0	0
0.640582	0.33802	291	0	0.00463584	0.16604	0.1455	0	-0.00893907	0	0	0
0.640582	0.33802	292	0	0.00463584	0.16604	0.146	0	-0.00915822	0	0	0
0.640582	0.33802	293	0	0.00463584	0.16604	0.1465	0	-0.00937793	0	0	0
0.640582	0.33802	294	0	0.00463584	0.16604	0.147	0	-0.0095982	0	0	0
0.640582	0.33802	295	0	0.00463584	0.16604	0.1475	0	-0.00981902	0	0	0
0.640582	0.33802	296	0	0.00463584	0.16604	0.148	0	-0.0100404	0	0	0
0.640582	0.33802	297	0	0.00463584	0.16604	0.1485	0	-0.0102623	0	0	0
0.640582	0.33802	298	0	0.00463584	0.16604	0.149	0	-0.0104847	0	0	0
0.640582	0.33802	299	0	0.00463584	0.16604	0.1495	0	-0.0107077	0	0	0
0.640582	0.33802	300	0	0.00463584	0.16604	0.15	0	-0.0109312	0	0	0
0.640582	0.33802	301	0	0.00463584	0.16604	0.1505	0	-0.0111553	0	0	0
0.640582	0.33802	302	0	0.00463584	0.16604	0.151	0	-0.0113799	0	0	0
0.640582	0.33802	303	0	0.00463584	0.16604	0.1515	0	-0.011605	0	0	0
0.640582	0.33802	304	0	0.00463584	0.16604	0.152	0	-0.0118306	0	0	0
0.640582	0.33802	305	0	0.00463584	0.16604	0.1525	0	-0.0120567	0	0	0
0.640582	0.33802	306	0	0.00463584	0.16604	0.153	0	-0.0122833	0	0	0
0.640582	0.33802	307	0	0.00463584	0.16604	0.1535	0	-0.0125105	0	0	0
0.640582	0.33802	308	0	0.00463584	0.16604	0.154	0	-0.0127381	0	0	0
0.640582	0.33802	309	0	0.00463584	0.16604	0.1545	0	-0.0129663	0	0	0
0.640582	0.33802	310	0	0.00463584	0.16604	0.155	0	-0.0131949	0	0	0
0.640582	0.33802	311	0	0.00463584	0.16604	0.1555	0	-0.013424	0	0	0
0.640582	0.33802	312	0	0.00463584	0.16604	0.156	0	-0.0136537	0	0	0
0.640582	0.33802	313	0	0.00463584	0.16604	0.1565	0	-0.0138838	0	0	0
0.640582	0.33802	314	0	0.00463584	0.16604	0.157	0	-0.0141144	0	0	0
0.640582	0.33802	315	0	0.00463584	0.16604	0.1575	0	-0.0143454	0	0	0
0.640582	0.33802	316	0	0.00463584	0.16604	0.158	0	-0.014577	0	0	0
0.640582	0.33802	317	0	0.00463584	0.16604	0.1585	0	-0.014809	0	0	0
0.640582	0.33802	318	0	0.00463584	0.16604	0.159	0	-0.0150415	0	0	0
0.640582	0.33802	319	0	0.00463584	0.16604	0.1595	0	-0.0152744	0	0	0
0.640582	0.33802	320	0	0.00463584	0.16604	0.16	0	-0.0155079	0	0	0
0.640582	0.33802	321	0	0.00463584	0.16604	0.1605	0	-0.0157417	0	0	0
0.640582	0.33802	322	0	0.00463584	0.16604	0.161	0	-0.0159761	0	0	0
0.640582	0.33802	323	0	0.00463584	0.16604	0.1615	0	-0.0162109	0	0	0
0.640582	0.33802	324	0	0.00463584	0.16604	0.162	0	-0.0164461	0	0	0
0.640582	0.33802	325	0	0.00463584	0.16604	0.1625	0	-0.0166818	0	0	0
0.640582	0.33802	326	0	0.00463584	0.16604	0.163	0	-0.0169179	0	0	0
0.640582	0.33802	327	0	0.00463584	0.16604	0.1635	0	-0.0171545	0	0	0
0.640582	0.33802	328	0	0.00463584	0.16604	0.164	0	-0.0173915	0	0	0
0.640582	0.33802	329	0	0.00463584	0.16604	0.1645	0	-0.017629	0	0	0
0.640582	0.33802	330	0	0.00463584	0.16604	0.165	0	-0.0178668	0	0	0
0.640582	0.33802	331	0	0.00463584	0.16604	0.1655	0	-0.0181052	0	0	0
0.640582	0.33802	332	0	0.00463584	0.16604	0.166	0	-0.0183439	0	0	0
0.640582	0.33802	333	0	0.00463584	0.16604	0.1665	0	-0.0185831	0	0	0
0.640582	0.33802	334	0	0.00463584	0.16604	0.167	0	-0.0188226	0	0	0
0.640582	0.33802	335	0	0.00463584	0.16604	0.1675	0	-0.0190626	0	0	0
0.640582	0.33802	336	0	0.00463584	0.16604	0.168	0	-0.0193031	0	0	0
0.640582	0.33802	337	0	0.00463584	0.16604	0.1685	0	-0.0195439	0	0	0
0.640582	0.33802	338	0	0.00463584	0.16604	0.169	0	-0.0197851	0	0	0
0.640582	0.33802	339	0	0.00463584	0.16604	0.1695	0	-0.0200268	0	0	0
0.640582	0.33802	340	0	0.00463584	0.16604	0.17	0	-0.0202688	0	0	0
0.640582	0.33802	341	0	0.00463584	0.16604	0.1705	0	-0.0205113	0	0	0
0.640582	0.33802	342	0	0.00463584	0.16604	0.171	0	-0.0207541	0	0	0
0.640582	0.33802	343	0	0.00463584	0.16604	0.1715	0	-0.0209974	0	0	0
0.640582	0.33802	344	0	0.00463584	0.16604	0.172	0	-0.021241	0	0	0
0.640582	0.33802	345	0	0.00463584	0.16604	0.1725	0	-0.021485	0	0	0
0.640582	0.33802	346	0	0.00463584	0.16604	0.173	0	-0.0217295	0	0	0
0.640582	0.33802	347	0	0.00463584	0.16604	0.1735	0	-0.0219743	0	0	0
0.640582	0.33802	348	0	0.00463584	0.16604	0.174	0	-0.0222195	0	0	0
0.640582	0.33802	349	0	0.00463584	0.16604	0.1745	0	-0.022465	0	0	0
0.640582	0.33802	350	0	0.00463584	0.16604	0.175	0	-0.022711	0	0	0
0.640582	0.33802	351	0	0.00463584	0.16604	0.1755	0	-0.0229573	0	0	0
0.640582	0.33802	352	0	0.00463584	0.16604	0.176	0	-0.023204	0	0	0
0.640582	0.33802	353	0	0.00463584	0.16604	0.1765	0	-0.0234511	0	0	0
0.640582	0.33802	354	0	0.00463584	0.16604	0.177	0	-0.0236985	0	0	0
0.640582	0.33802	355	0	0.00463584	0.16604	0.1775	0	-0.0239463	0	0	0
0.640582	0.33802	356	0	0.00463584	0.16604	0.178	0	-0.0241945	0	0	0
0.640582	0.33802	357	0	0.00463584	0.16604	0.1785	0	-0.024443	0	0	0
0.640582	0.33802	358	0	0.00463584	0.16604	0.179	0	-0.0246919	0	0	0
0.640582	0.33802	359	0	0.00463584	0.16604	0.1795	0	-0.0249412	0	0	0
0.640582	0.33802	360	0	0.00463584	0.16604	0.18	0	-0.0251908	0	0	0
0.640582	0.33802	361	0	0.00463584	0.16604	0.1805	0	-0.0254407	0	0	0
0.640582	0.33802	362	0	0.00463584	0.16604	0.181	0	-0.025691	0	0	0
0.640582	0.33802	363	0	0.00463584	0.16604	0.1815	0	-0.0259417	0	0	0
0.640582	0.33802	364	0	0.00463584	0.16604	0.182	0	-0.0261927	0	0	0
0.640582	0.33802	365	0	0.00463584	0.16604	0.1825	0	-0.026444	0	0	0
0.640582	0.33802	366	0	0.00463584	0.16604	0.183	0	-0.0266957	0	0	0
0.640582	0.33802	367	0	0.00463584	0.16604	0.1835	0	-0.0269477	0	0	0
0.640582	0.33802	368	0	0.00463584	0.16604	0.184	0	-0.0272001	0	0	0
0.640582	0.33802	369	0	0.00463584	0.16604	0.1845	0	-0.0274528	0	0	0
0.640582	0.33802	370	0	0.00463584	0.16604	0.185	0	-0.0277058	0	0	0
0.640582	0.33802	371	0	0.00463584	0.16604	0.1855	0	-0.0279592	0	0	0
0.640582	0.33802	372	0	0.00463584	0.16604	0.186	0	-0.0282129	0	0	0
0.640582	0.33802	373	0	0.00463584	0.16604	0.1865	0	-0.0284669	0	0	0
0.640582	0.33802	374	0	0.00463584	0.16604	0.187	0	-0.0287212	0	0	0
0.640582	0.33802	375	0	0.00463584	0.16604	0.1875	0	-0.0289759	0	0	0
0.640582	0.33802	376	0	0.00463584	0.16604	0.188	0	-0.0292309	0	0	0
0.640582	0.33802	377	0	0.00463584	0.16604	0.1885	0	-0.0294862	0	0	0
0.640582	0.33802	378	0	0.00463584	0.16604	0.189	0	-0.0297418	0	0	0
0.640582	0.33802	379	0	0.00463584	0.16604	0.1895	0	-0.0299977	0	0	0
0.640582	0.33802	380	0	0.00463584	0.16604	0.19	0	-0.030254	0	0	0
0.640582	0.33802	381	0	0.00463584	0.16604	0.1905	0	-0.0305105	0	0	0
0.640582	0.33802	382	0	0.00463584	0.16604	0.191	0	-0.0307674	0	0	0
0.640582	0.33802	383	0	0.00463584	0.16604	0.1915	0	-0.0310245	0	0	0
0.640582	0.33802	384	0	0.00463584	0.16604	0.192	0	-0.031282	0	0	0
0.640582	0.33802	385	0	0.00463584	0.16604	0.1925	0	-0.0315398	0	0	0
0.640582	0.33802	386	0	0.00463584	0.16604	0.193	0	-0.0317979	0	0	0
0.640582	0.33802	387	0	0.00463584	0.16604	0.1935	0	-0.0320562	0	0	0
0.640582	0.33802	388	0	0.00463584	0.16604	0.194	0	-0.0323149	0	0	0
0.640582	0.33802	389	0	0.00463584	0.16604	0.1945	0	-0.0325739	0	0	0
0.640582	0.33802	390	0	0.00463584	0.16604	0.195	0	-0.0328331	0	0	0
0.640582	0.33802	391	0	0.00463584	0.16604	0.1955	0	-0.0330927	0	0	0
0.640582	0.33802	392	0	0.00463584	0.16604	0.196	0	-0.0333525	0	0	0
0.640582	0.33802	393	0	0.00463584	0.16604	0.1965	0	-0.0336126	0	0	0
0.640582	0.33802	394	0	0.00463584	0.16604	0.197	0	-0.0338731	0	0	0
0.640582	0.33802	395	0	0.00463584	0.16604	0.1975	0	-0.0341338	0	0	0
0.640582	0.33802	396	0	0.00463584	0.16604	0.198	0	-0.0343947	0	0	0
0.640582	0.33802	397	0	0.00463584	0.16604	0.1985	0	-0.034656	0	0	0
0.640582	0.33802	398	0	0.00463584	0.16604	0.199	0	-0.0349175	0	0	0
0.640582	0.33802	399	0	0.00463584	0.16604	0.1995	0	-0.0351794	0	0	0
0.640582	0.33802	400	0	0.00463584	0.16604	0.2	0	-0.0354415	0	0	0
0.640582	0.33802	401	0	0.00463584	0.16604	0.2005	0	-0.0357038	0	0	0
0.640582	0.33802	402	0	0.00463584	0.16604	0.201	0	-0.0359665	0	0	0
0.640582	0.33802	403	0	0.00463584	0.16604	0.2015	0	-0.0362294	0	0	0
0.640582	0.33802	404	0	0.00463584	0.16604	0.202	0	-0.0364926	0	0	0
0.640582	0.33802	405	0	0.00463584	0.16604	0.2025	0	-0.036756	0	0	0
0.640582	0.33802	406	0	0.00463584	0.16604	0.203	0	-0.0370197	0	0	0
0.640582	0.33802	407	0	0.00463584	0.16604	0.2035	0	-0.0372837	0	0	0
0.640582	0.33802	408	0	0.00463584	0.16604	0.204	0	-0.037548	0	0	0
0.640582	0.33802	409	0	0.00463584	0.16604	0.2045	0	-0.0378125	0	0	0
0.640582	0.33802	410	0	0.00463584	0.16604	0.205	0	-0.0380772	0	0	0
0.640582	0.33802	411	0	0.00463584	0.16604	0.2055	0	-0.0383423	0	0	0
0.640582	0.33802	412	0	0.00463584	0.16604	0.206	0	-0.0386076	0	0	0
0.640582	0.33802	413	0	0.00463584	0.16604	0.2065	0	-0.0388731	0	0	0
0.640582	0.33802	414	0	0.00463584	0.16604	0.207	0	-0.0391389	0	0	0
0.640582	0.33802	415	0	0.00463584	0.16604	0.2075	0	-0.0394049	0	0	0
0.640582	0.33802	416	0	0.00463584	0.16604	0.208	0	-0.0396712	0	0	0
0.640582	0.33802	417	0	0.00463584	0.16604	0.2085	0	-0.0399378	0	0	0
0.640582	0.33802	418	0	0.00463584	0.16604	0.209	0	-0.0402045	0	0	0
0.640582	0.33802	419	0	0.00463584	0.16604	0.2095	0	-0.0404716	0	0	0
0.640582	0.33802	420	0	0.00463584	0.16604	0.21	0	-0.0407389	0	0	0
0.640582	0.33802	421	0	0.00463584	0.16604	0.2105	0	-0.0410064	0	0	0
0.640582	0.33802	422	0	0.00463584	0.16604	0.211	0	-0.0412742	0	0	0
0.640582	0.33802	423	0	0.00463584	0.16604	0.2115	0	-0.0415422	0	0	0
0.640582	0.33802	424	0	0.00463584	0.16604	0.212	0	-0.0418104	0	0	0
0.640582	0.33802	425	0	0.00463584	0.16604	0.2125	0	-0.0420789	0	0	0
0.640582	0.33802	426	0	0.00463584	0.16604	0.213	0	-0.0423476	0	0	0
0.640582	0.33802	427	0	0.00463584	0.16604	0.2135	0	-0.0426166	0	0	0
0.640582	0.33802	428	0	0.00463584	0.16604	0.214	0	-0.0428858	0	0	0
0.640582	0.33802	429	0	0.00463584	0.16604	0.2145	0	-0.0431552	0	0	0
0.640582	0.33802	430	0	0.00463584	0.16604	0.215	0	-0.0434248	0	0	0
0.640582	0.33802	431	0	0.00463584	0.16604	0.2155	0	-0.0436947	0	0	0
0.640582	0.33802	432	0	0.00463584	0.16604	0.216	0	-0.0439648	0	0	0
0.640582	0.33802	433	0	0.00463584	0.16604	0.2165	0	-0.0442352	0	0	0
0.640582	0.33802	434	0	0.00463584	0.16604	0.217	0	-0.0445057	0	0	0
0.640582	0.33802	435	0	0.00463584	0.16604	0.2175	0	-0.0447765	0	0	0
0.640582	0.33802	436	0	0.00463584	0.16604	0.218	0	-0.0450475	0	0	0
0.640582	0.33802	437	0	0.00463584	0.16604	0.2185	0	-0.0453188	0	0	0
0.640582	0.33802	438	0	0.00463584	0.16604	0.219	0	-0.0455902	0	0	0
0.640582	0.33802	439	0	0.00463584	0.16604	0.2195	0	-0.0458619	0	0	0
0.640582	0.33802	440	0	0.00463584	0.16604	0.22	0	-0.0461338	0	0	0
0.640582	0.33802	441	0	0.00463584	0.16604	0.2205	0	-0.0464059	0	0	0
0.640582	0.33802	442	0	0.00463584	0.16604	0.221	0	-0.0466782	0	0	0
0.640582	0.33802	443	0	0.00463584	0.16604	0.2215	0	-0.0469507	0	0	0
0.640582	0.33802	444	0	0.00463584	0.16604	0.222	0	-0.0472235	0	0	0
0.640582	0.33802	445	0	0.00463584	0.16604	0.2225	0	-0.0474964	0	0	0
0.640582	0.33802	446	0	0.00463584	0.16604	0.223	0	-0.0477696	0	0	0
0.640582	0.33802	447	0	0.00463584	0.16604	0.2235	0	-0.048043	0	0	0
0.640582	0.33802	448	0	0.00463584	0.16604	0.224	0	-0.0483166	0	0	0
0.640582	0.33802	449	0	0.00463584	0.16604	0.2245	0	-0.0485904	0	0	0
0.640582	0.33802	450	0	0.00463584	0.16604	0.225	0	-0.0488644	0	0	0
0.640582	0.33802	451	0	0.00463584	0.16604	0.2255	0	-0.0491386	0	0	0
0.640582	0.33802	452	0	0.00463584	0.16604	0.226	0	-0.049413	0	0	0
0.640582	0.33802	453	0	0.00463584	0.16604	0.2265	0	-0.0496876	0	0	0
0.640582	0.33802	454	0	0.00463584	0.16604	0.227	0	-0.0499624	0	0	0
0.640582	0.33802	455	0	0.00463584	0.16604	0.2275	0	-0.0502375	0	0	0
0.640582	0.33802	456	0	0.00463584	0.16604	0.228	0	-0.0505127	0	0	0
0.640582	0.33802	457	0	0.00463584	0.16604	0.2285	0	-0.0507881	0	0	0
0.640582	0.33802	458	0	0.00463584	0.16604	0.229	0	-0.0510637	0	0	0
0.640582	0.33802	459	0	0.00463584	0.16604	0.2295	0	-0.0513395	0	0	0
0.640582	0.33802	460	0	0.00463584	0.16604	0.23	0	-0.0516155	0	0	0
0.640582	0.33802	461	0	0.00463584	0.16604	0.2305	0	-0.0518917	0	0	0
0.640582	0.33802	462	0	0.00463584	0.16604	0.231	0	-0.0521681	0	0	0
0.640582	0.33802	463	0	0.00463584	0.16604	0.2315	0	-0.0524447	0	0	0
0.640582	0.33802	464	0	0.00463584	0.16604	0.232	0	-0.0527214	0	0	0
0.640582	0.33802	465	0	0.00463584	0.16604	0.2325	0	-0.0529984	0	0	0
0.640582	0.33802	466	0	0.00463584	0.16604	0.233	0	-0.0532755	0	0	0
0.640582	0.33802	467	0	0.00463584	0.16604	0.2335	0	-0.0535529	0	0	0
0.640582	0.33802	468	0	0.00463584	0.16604	0.234	0	-0.0538304	0	0	0
0.640582	0.33802	469	0	0.00463584	0.16604	0.2345	0	-0.0541081	0	0	0
0.640582	0.33802	470	0	0.00463584	0.16604	0.235	0	-0.054386	0	0	0
0.640582	0.33802	471	0	0.00463584	0.16604	0.2355	0	-0.0546641	0	0	0
0.640582	0.33802	472	0	0.00463584	0.16604	0.236	0	-0.0549423	0	0	0
0.640582	0.33802	473	0	0.00463584	0.16604	0.2365	0	-0.0552207	0	0	0
0.640582	0.33802	474	0	0.00463584	0.16604	0.237	0	-0.0554994	0	0	0
0.640582	0.33802	475	0	0.00463584	0.16604	0.2375	0	-0.0557782	0	0	0
0.640582	0.33802	476	0	0.00463584	0.16604	0.238	0	-0.0560571	0	0	0
0.640582	0.33802	477	0	0.00463584	0.16604	0.2385	0	-0.0563363	0	0	0
0.640582	0.33802	478	0	0.00463584	0.16604	0.239	0	-0.0566156	0	0	0
0.640582	0.33802	479	0	0.00463584	0.16604	0.2395	0	-0.0568951	0	0	0
0.640582	0.33802	480	0	0.00463584	0.16604	0.24	0	-0.0571748	0	0	0
0.640582	0.33802	481	0	0.00463584	0.16604	0.2405	0	-0.0574547	0	0	0
0.640582	0.33802	482	0	0.00463584	0.16604	0.241	0	-0.0577347	0	0	0
0.640582	0.33802	483	0	0.00463584	0.16604	0.2415	0	-0.0580149	0	0	0
0.640582	0.33802	484	0	0.00463584	0.16604	0.242	0	-0.0582953	0	0	0
0.640582	0.33802	485	0	0.00463584	0.16604	0.2425	0	-0.0585758	0	0	0
0.640582	0.33802	486	0	0.00463584	0.16604	0.243	0	-0.0588565	0	0	0
0.640582	0.33802	487	0	0.00463584	0.16604	0.2435	0	-0.0591374	0	0	0
0.640582	0.33802	488	0	0.00463584	0.16604	0.244	0	-0.0594184	0	0	0
0.640582	0.33802	489	0	0.00463584	0.16604	0.2445	0	-0.0596996	0	0	0
0.640582	0.33802	490	0	0.00463584	0.16604	0.245	0	-0.059981	0	0	0
0.640582	0.33802	491	0	0.00463584	0.16604	0.2455	0	-0.0602625	0	0	0
0.640582	0.33802	492	0	0.00463584	0.16604	0.246	0	-0.0605442	0	0	0
0.640582	0.33802	493	0	0.00463584	0.16604	0.2465	0	-0.0608261	0	0	0
0.640582	0.33802	494	0	0.00463584	0.16604	0.247	0	-0.0611081	0	0	0
0.640582	0.33802	495	0	0.00463584	0.16604	0.2475	0	-0.0613903	0	0	0
0.640582	0.33802	496	0	0.00463584	0.16604	0.248	0	-0.0616727	0	0	0
0.640582	0.33802	497	0	0.00463584	0.16604	0.2485	0	-0.0619552	0	0	0
0.640582	0.33802	498	0	0.00463584	0.16604	0.249	0	-0.0622379	0	0	0
0.640582	0.33802	499	0	0.00463584	0.16604	0.2495	0	-0.0625207	0	0	0
0.640582	0.33802	500	0	0.00463584	0.16604	0.25	0	-0.0628037	0	0	0
0.640582	0.33802	501	0	0.00463584	0.16604	0.2505	0	-0.0630868	0	0	0
0.640582	0.33802	502	0	0.00463584	0.16604	0.251	0	-0.0633701	0	0	0
0.640582	0.33802	503	0	0.00463584	0.16604	0.2515	0	-0.0636536	0	0	0
0.640582	0.33802	504	0	0.00463584	0.16604	0.252	0	-0.0639372	0	0	0
0.640582	0.33802	505	0	0.00463584	0.16604	0.2525	0	-0.0642209	0	0	0
0.640582	0.33802	506	0	0.00463584	0.16604	0.253	0	-0.0645048	0	0	0
0.640582	0.33802	507	0	0.00463584	0.16604	0.2535	0	-0.0647889	0	0	0
0.640582	0.33802	508	0	0.00463584	0.16604	0.254	0	-0.0650731	0	0	0
0.640582	0.33802	509	0	0.00463584	0.16604	0.2545	0	-0.0653575	0	0	0
0.640582	0.33802	510	0	0.00463584	0.16604	0.255	0	-0.065642	0	0	0
0.640582	0.33802	511	0	0.00463584	0.16604	0.2555	0	-0.0659266	0	0	0
0.640582	0.33802	512	0	0.00463584	0.16604	0.256	0	-0.0662114	0	0	0
0.640582	0.33802	513	0	0.00463584	0.16604	0.2565	0	-0.0664964	0	0	0
0.640582	0.33802	514	0	0.00463584	0.16604	0.257	0	-0.0667815	0	0	0
0.640582	0.33802	515	0	0.00463584	0.16604	0.2575	0	-0.0670667	0	0	0
0.640582	0.33802	516	0	0.00463584	0.16604	0.258	0	-0.0673521	0	0	0
0.640582	0.33802	517	0	0.00463584	0.16604	0.2585	0	-0.0676376	0	0	0
0.640582	0.33802	518	0	0.00463584	0.16604	0.259	0	-0.0679233	0	0	0
0.640582	0.33802	519	0	0.00463584	0.16604	0.2595	0	-0.0682091	0	0	0
0.640582	0.33802	520	0	0.00463584	0.16604	0.26	0	-0.0684951	0	0	0
0.640582	0.33802	521	0	0.00463584	0.16604	0.2605	0	-0.0687812	0	0	0
0.640582	0.33802	522	0	0.00463584	0.16604	0.261	0	-0.0690674	0	0	0
0.640582	0.33802	523	0	0.00463584	0.16604	0.2615	0	-0.0693538	0	0	0
0.640582	0.33802	524	0	0.00463584	0.16604	0.262	0	-0.0696403	0	0	0
0.640582	0.33802	525	0	0.00463584	0.16604	0.2625	0	-0.069927	0	0	0
0.640582	0.33802	526	0	0.00463584	0.16604	0.263	0	-0.0702138	0	0	0
0.640582	0.33802	527	0	0.00463584	0.16604	0.2635	0	-0.0705007	0	0	0
0.640582	0.33802	528	0	0.00463584	0.16604	0.264	0	-0.0707878	0	0	0
0.640582	0.33802	529	0	0.00463584	0.16604	0.2645	0	-0.071075	0	0	0
0.640582	0.33802	530	0	0.00463584	0.16604	0.265	0	-0.0713623	0	0	0
0.640582	0.33802	531	0	0.00463584	0.16604	0.2655	0	-0.0716498	0	0	0
0.640582	0.33802	532	0	0.00463584	0.16604	0.266	0	-0.0719374	0	0	0
0.640582	0.33802	533	0	0.00463584	0.16604	0.2665	0	-0.0722251	0	0	0
0.640582	0.33802	534	0	0.00463584	0.16604	0.267	0	-0.072513	0	0	0
0.640582	0.33802	535	0	0.00463584	0.16604	0.2675	0	-0.072801	0	0	0
0.640582	0.33802	536	0	0.00463584	0.16604	0.268	0	-0.0730892	0	0	0
0.640582	0.33802	537	0	0.00463584	0.16604	0.2685	0	-0.0733774	0	0	0
0.640582	0.33802	538	0	0.00463584	0.16604	0.269	0	-0.0736658	0	0	0
0.640582	0.33802	539	0	0.00463584	0.16604	0.2695	0	-0.0739543	0	0	0
0.640582	0.33802	540	0	0.00463584	0.16604	0.27	0	-0.074243	0	0	0
0.640582	0.33802	541	0	0.00463584	0.16604	0.2705	0	-0.0745318	0	0	0
0.640582	0.33802	542	0	0.00463584	0.16604	0.271	0	-0.0748207	0	0	0
0.640582	0.33802	543	0	0.00463584	0.16604	0.2715	0	-0.0751097	0	0	0
0.640582	0.33802	544	0	0.00463584	0.16604	0.272	0	-0.0753988	0	0	0
0.640582	0.33802	545	0	0.00463584	0.16604	0.2725	0	-0.0756881	0	0	0
0.640582	0.33802	546	0	0.00463584	0.16604	0.273	0	-0.0759775	0	0	0
0.640582	0.33802	547	0	0.00463584	0.16604	0.2735	0	-0.0762671	0	0	0
0.640582	0.33802	548	0	0.00463584	0.16604	0.274	0	-0.0765567	0	0	0
0.640582	0.33802	549	0	0.00463584	0.16604	0.2745	0	-0.0768465	0	0	0
0.640582	0.33802	550	0	0.00463584	0.16604	0.275	0	-0.0771364	0	0	0
0.640582	0.33802	551	0	0.00463584	0.16604	0.2755	0	-0.0774264	0	0	0
0.640582	0.33802	552	0	0.00463584	0.16604	0.276	0	-0.0777165	0	0	0
0.640582	0.33802	553	0	0.00463584	0.16604	0.2765	0	-0.0780068	0	0	0
0.640582	0.33802	554	0	0.00463584	0.16604	0.277	0	-0.0782972	0	0	0
0.640582	0.33802	555	0	0.00463584	0.16604	0.2775	0	-0.0785877	0	0	0
0.640582	0.33802	556	0	0.00463584	0.16604	0.278	0	-0.0788783	0	0	0
0.640582	0.33802	557	0	0.00463584	0.16604	0.2785	0	-0.079169	0	0	0
0.640582	0.33802	558	0	0.00463584	0.16604	0.279	0	-0.0794599	0	0	0
0.640582	0.33802	559	0	0.00463584	0.16604	0.2795	0	-0.0797509	0	0	0
0.640582	0.33802	560	0	0.00463584	0.16604	0.28	0	-0.0800419	0	0	0
0.640582	0.33802	561	0	0.00463584	0.16604	0.2805	0	-0.0803331	0	0	0
0.640582	0.33802	562	0	0.00463584	0.16604	0.281	0	-0.0806245	0	0	0
0.640582	0.33802	563	0	0.00463584	0.16604	0.2815	0	-0.0809159	0	0	0
0.640582	0.33802	564	0	0.00463584	0.16604	0.282	0	-0.0812074	0	0	0
0.640582	0.33802	565	0	0.00463584	0.16604	0.2825	0	-0.0814991	0	0	0
0.640582	0.33802	566	0	0.00463584	0.16604	0.283	0	-0.0817909	0	0	0
0.640582	0.33802	567	0	0.00463584	0.16604	0.2835	0	-0.0820828	0	0	0
0.640582	0.33802	568	0	0.00463584	0.16604	0.284	0	-0.0823747	0	0	0
0.640582	0.33802	569	0	0.00463584	0.16604	0.2845	0	-0.0826669	0	0	0
0.640582	0.33802	570	0	0.00463584	0.16604	0.285	0	-0.0829591	0	0	0
0.640582	0.33802	571	0	0.00463584	0.16604	0.2855	0	-0.0832514	0	0	0
0.640582	0.33802	572	0	0.00463584	0.16604	0.286	0	-0.0835438	0	0	0
0.640582	0.33802	573	0	0.00463584	0.16604	0.2865	0	-0.0838364	0	0	0
0.640582	0.33802	574	0	0.00463584	0.16604	0.287	0	-0.0841291	0	0	0
0.640582	0.33802	575	0	0.00463584	0.16604	0.2875	0	-0.0844218	0	0	0
0.640582	0.33802	576	0	0.00463584	0.16604	0.288	0	-0.0847147	0	0	0
0.640582	0.33802	577	0	0.00463584	0.16604	0.2885	0	-0.0850077	0	0	0
0.640582	0.33802	578	0	0.00463584	0.16604	0.289	0	-0.0853008	0	0	0
0.640582	0.33802	579	0	0.00463584	0.16604	0.2895	0	-0.085594	0	0	0
0.640582	0.33802	580	0	0.00463584	0.16604	0.29	0	-0.0858873	0	0	0
0.640582	0.33802	581	0	0.00463584	0.16604	0.2905	0	-0.0861807	0	0	0
0.640582	0.33802	582	0	0.00463584	0.16604	0.291	0	-0.0864742	0	0	0
0.640582	0.33802	583	0	0.00463584	0.16604	0.2915	0	-0.0867678	0	0	0
0.640582	0.33802	584	0	0.00463584	0.16604	0.292	0	-0.0870615	0	0	0
0.640582	0.33802	585	0	0.00463584	0.16604	0.2925	0	-0.0873553	0	0	0
0.640582	0.33802	586	0	0.00463584	0.16604	0.293	0	-0.0876493	0	0	0
0.640582	0.33802	587	0	0.00463584	0.16604	0.2935	0	-0.0879433	0	0	0
0.640582	0.33802	588	0	0.00463584	0.16604	0.294	0	-0.0882374	0	0	0
0.640582	0.33802	589	0	0.00463584	0.16604	0.2945	0	-0.0885316	0	0	0
0.640582	0.33802	590	0	0.00463584	0.16604	0.295	0	-0.088826	0	0	0
0.640582	0.33802	591	0	0.00463584	0.16604	0.2955	0	-0.0891204	0	0	0
0.640582	0.33802	592	0	0.00463584	0.16604	0.296	0	-0.0894149	0	0	0
0.640582	0.33802	593	0	0.00463584	0.16604	0.2965	0	-0.0897096	0	0	0
0.640582	0.33802	594	0	0.00463584	0.16604	0.297	0	-0.0900043	0	0	0
0.640582	0.33802	595	0	0.00463584	0.16604	0.2975	0	-0.0902991	0	0	0
0.640582	0.33802	596	0	0.00463584	0.16604	0.298	0	-0.0905941	0	0	0
0.640582	0.33802	597	0	0.00463584	0.16604	0.2985	0	-0.0908891	0	0	0
0.640582	0.33802	598	0	0.00463584	0.16604	0.299	0	-0.0911842	0	0	0
0.640582	0.33802	599	0	0.00463584	0.16604	0.2995	0	-0.0914794	0	0	0
0.640582	0.33802	600	0	0.00463584	0.16604	0.3	0	-0.0917748	0	0	0
0.640582	0.33802	601	0	0.00463584	0.16604	0.3005	0	-0.0920702	0	0	0
0.640582	0.33802	602	0	0.00463584	0.16604	0.301	0	-0.0923657	0	0	0
0.640582	0.33802	603	0	0.00463584	0.16604	0.3015	0	-0.0926613	0	0	0
0.640582	0.33802	604	0	0.00463584	0.16604	0.302	0	-0.092957	0	0	0
0.640582	0.33802	605	0	0.00463584	0.16604	0.3025	0	-0.0932528	0	0	0
0.640582	0.33802	606	0	0.00463584	0.16604	0.303	0	-0.0935487	0	0	0
0.640582	0.33802	607	0	0.00463584	0.16604	0.3035	0	-0.0938447	0	0	0
0.640582	0.33802	608	0	0.00463584	0.16604	0.304	0	-0.0941407	0	0	0
0.640582	0.33802	609	0	0.00463584	0.16604	0.3045	0	-0.0944369	0	0	0
0.640582	0.33802	610	0	0.00463584	0.16604	0.305	0	-0.0947332	0	0	0
0.640582	0.33802	611	0	0.00463584	0.16604	0.3055	0	-0.0950295	0	0	0
0.640582	0.33802	612	0	0.00463584	0.16604	0.306	0	-0.095326	0	0	0
0.640582	0.33802	613	0	0.00463584	0.16604	0.3065	0	-0.0956225	0	0	0
0.640582	0.33802	614	0	0.00463584	0.16604	0.307	0	-0.0959191	0	0	0
0.640582	0.33802	615	0	0.00463584	0.16604	0.3075	0	-0.0962158	0	0	0
0.640582	0.33802	616	0	0.00463584	0.16604	0.308	0	-0.0965126	0	0	0
0.640582	0.33802	617	0	0.00463584	0.16604	0.3085	0	-0.0968095	0	0	0
0.640582	0.33802	618	0	0.00463584	0.16604	0.309	0	-0.0971065	0	0	0
0.640582	0.33802	619	0	0.00463584	0.16604	0.3095	0	-0.0974036	0	0	0
0.640582	0.33802	620	0	0.00463584	0.16604	0.31	0	-0.0977007	0	0	0
0.640582	0.33802	621	0	0.00463584	0.16604	0.3105	0	-0.097998	0	0	0
0.640582	0.33802	622	0	0.00463584	0.16604	0.311	0	-0.0982953	0	0	0
0.640582	0.33802	623	0	0.00463584	0.16604	0.3115	0	-0.0985927	0	0	0
0.640582	0.33802	624	0	0.00463584	0.16604	0.312	0	-0.0988903	0	0	0
0.640582	0.33802	625	0	0.00463584	0.16604	0.3125	0	-0.0991879	0	0	0
0.640582	0.33802	626	0	0.00463584	0.16604	0.313	0	-0.0994855	0	0	0
0.640582	0.33802	627	0	0.00463584	0.16604	0.3135	0	-0.0997833	0	0	0
0.640582	0.33802	628	0	0.00463584	0.16604	0.314	0	-0.100081	0	0	0
0.640582	0.33802	629	1	0.00463584	0.16604	0.3145	0	-0.100379	0	0	0
0.640582	0.33802	630	1	0.00463584	0.16604	0.315	0	-0.100677	0	0	0
0.640582	0.33802	631	1	0.00463584	0.16604	0.3155	0	-0.100975	0	0	0
0.640582	0.33802	632	1	0.00463584	0.16604	0.316	0	-0.101273	0	0	0
0.640582	0.33802	633	1	0.00463584	0.16604	0.3165	0	-0.101572	0	0	0
0.640582	0.33802	634	1	0.00463584	0.16604	0.317	0	-0.10187	0	0	0
0.640582	0.33802	635	1	0.00463584	0.16604	0.3175	0	-0.102168	0	0	0
0.640582	0.33802	636	1	0.00463584	0.16604	0.318	0	-0.102467	0	0	0
0.640582	0.33802	637	1	0.00463584	0.16604	0.3185	0	-0.102766	0	0	0
0.640582	0.33802	638	1	0.00463584	0.16604	0.319	0	-0.103064	0	0	0
0.640582	0.33802	639	1	0.00463584	0.16604	0.3195	0	-0.103363	0	0	0
0.640582	0.33802	640	1	0.00463584	0.16604	0.32	0	-0.103662	0	0	0
0.640582	0.33802	641	1	0.00463584	0.16604	0.3205	0	-0.103961	0	0	0
0.640582	0.33802	642	1	0.00463584	0.16604	0.321	0	-0.10426	0	0	0
0.640582	0.33802	643	1	0.00463584	0.16604	0.3215	0	-0.104559	0	0	0
0.640582	0.33802	644	1	0.00463584	0.16604	0.322	0	-0.104858	0	0	0
0.640582	0.33802	645	1	0.00463584	0.16604	0.3225	0	-0.105157	0	0	0
0.640582	0.33802	646	1	0.00463584	0.16604	0.323	0	-0.105457	0	0	0
0.640582	0.33802	647	1	0.00463584	0.16604	0.3235	0	-0.105756	0	0	0
0.640582	0.33802	648	1	0.00463584	0.16604	0.324	0	-0.106056	0	0	0
0.640582	0.33802	649	1	0.00463584	0.16604	0.3245	0	-0.106355	0	0	0
0.640582	0.33802	650	1	0.00463584	0.16604	0.325	0	-0.106655	0	0	0
0.640582	0.33802	651	1	0.00463584	0.16604	0.3255	0	-0.106954	0	0	0
0.640582	0.33802	652	1	0.00463584	0.16604	0.326	0	-0.107254	0	0	0
0.640582	0.33802	653	1	0.00463584	0.16604	0.3265	0	-0.107554	0	0	0
0.640582	0.33802	654	1	0.00463584	0.16604	0.327	0	-0.107854	0	0	0
0.640582	0.33802	655	1	0.00463584	0.16604	0.3275	0	-0.108154	0	0	0
0.640582	0.33802	656	1	0.00463584	0.16604	0.328	0	-0.108454	0	0	0
0.640582	0.33802	657	1	0.00463584	0.16604	0.3285	0	-0.108754	0	0	0
0.640582	0.33802	658	1	0.00463584	0.16604	0.329	0	-0.109055	0	0	0
0.640582	0.33802	659	1	0.00463584	0.16604	0.3295	0	-0.109355	0	0	0
0.640582	0.33802	660	1	0.00463584	0.16604	0.33	0	-0.109655	0	0	0
0.640582	0.33802	661	1	0.00463584	0.16604	0.3305	0	-0.109956	0	0	0
0.640582	0.33802	662	1	0.00463584	0.16604	0.331	0	-0.110256	0	0	0
0.640582	0.33802	663	1	0.00463584	0.16604	0.3315	0	-0.110557	0	0	0
0.640582	0.33802	664	1	0.00463584	0.16604	0.332	0	-0.110858	0	0	0
0.640582	0.33802	665	1	0.00463584	0.16604	0.3325	0	-0.111158	0	0	0
0.640582	0.33802	666	1	0.00463584	0.16604	0.333	0	-0.111459	0	0	0
0.640582	0.33802	667	1	0.00463584	0.16604	0.3335	0	-0.11176	0	0	0
0.640582	0.33802	668	1	0.00463584	0.16604	0.334	0	-0.112061	0	0	0
0.640582	0.33802	669	1	0.00463584	0.16604	0.3345	0	-0.112362	0	0	0
0.640582	0.33802	670	1	0.00463584	0.16604	0.335	0	-0.112663	0	0	0
0.640582	0.33802	671	1	0.00463584	0.16604	0.3355	0	-0.112965	0	0	0
0.640582	0.33802	672	1	0.00463584	0.16604	0.336	0	-0.113266	0	0	0
0.640582	0.33802	673	1	0.00463584	0.16604	0.3365	0	-0.113567	0	0	0
0.640582	0.33802	674	1	0.00463584	0.16604	0.337	0	-0.113869	0	0	0
0.640582	0.33802	675	1	0.00463584	0.16604	0.3375	0	-0.11417	0	0	0
0.640582	0.33802	676	1	0.00463584	0.16604	0.338	0	-0.114472	0	0	0
0.640582	0.33802	677	1	0.00463584	0.16604	0.3385	0	-0.114773	0	0	0
0.640582	0.33802	678	1	0.00463584	0.16604	0.339	0	-0.115075	0	0	0
0.640582	0.33802	679	1	0.00463584	0.16604	0.3395	0	-0.115377	0	0	0
0.640582	0.33802	680	1	0.00463584	0.16604	0.34	0	-0.115678	0	0	0
0.640582	0.33802	681	1	0.00463584	0.16604	0.3405	0	-0.11598	0	0	0
0.640582	0.33802	682	1	0.00463584	0.16604	0.341	0	-0.116282	0	0	0
0.640582	0.33802	683	1	0.00463584	0.16604	0.3415	0	-0.116584	0	0	0
0.640582	0.33802	684	1	0.00463584	0.16604	0.342	0	-0.116886	0	0	0
0.640582	0.33802	685	1	0.00463584	0.16604	0.3425	0	-0.117189	0	0	0
0.640582	0.33802	686	1	0.00463584	0.16604	0.343	0	-0.117491	0	0	0
0.640582	0.33802	687	1	0.00463584	0.16604	0.3435	0	-0.117793	0	0	0
0.640582	0.33802	688	1	0.00463584	0.16604	0.344	0	-0.118095	0	0	0
0.640582	0.33802	689	1	0.00463584	0.16604	0.3445	0	-0.118398	0	0	0
0.640582	0.33802	690	1	0.00463584	0.16604	0.345	0	-0.1187	0	0	0
0.640582	0.33802	691	1	0.00463584	0.16604	0.3455	0	-0.119003	0	0	0
0.640582	0.33802	692	1	0.00463584	0.16604	0.346	0	-0.119305	0	0	0
0.640582	0.33802	693	1	0.00463584	0.16604	0.3465	0	-0.119608	0	0	0
0.640582	0.33802	694	1	0.00463584	0.16604	0.347	0	-0.119911	0	0	0
0.640582	0.33802	695	1	0.00463584	0.16604	0.3475	0	-0.120214	0	0	0
0.640582	0.33802	696	1	0.00463584	0.16604	0.348	0	-0.120517	0	0	0
0.640582	0.33802	697	1	0.00463584	0.16604	0.3485	0	-0.12082	0	0	0
0.640582	0.33802	698	1	0.00463584	0.16604	0.349	0	-0.121123	0	0	0
0.640582	0.33802	699	1	0.00463584	0.16604	0.3495	0	-0.121426	0	0	0
0.640582	0.33802	700	1	0.00463584	0.16604	0.35	0	-0.121729	0	0	0
0.640582	0.33802	701	1	0.00463584	0.16604	0.3505	0	-0.122032	0	0	0
0.640582	0.33802	702	1	0.00463584	0.16604	0.351	0	-0.122335	0	0	0
0.640582	0.33802	703	1	0.00463584	0.16604	0.3515	0	-0.122639	0	0	0
0.640582	0.33802	704	1	0.00463584	0.16604	0.352	0	-0.122942	0	0	0
0.640582	0.33802	705	1	0.00463584	0.16604	0.3525	0	-0.123245	0	0	0
0.640582	0.33802	706	1	0.00463584	0.16604	0.353	0	-0.123549	0	0	0
0.640582	0.33802	707	1	0.00463584	0.16604	0.3535	0	-0.123852	0	0	0
0.640582	0.33802	708	1	0.00463584	0.16604	0.354	0	-0.124156	0	0	0
0.640582	0.33802	709	1	0.00463584	0.16604	0.3545	0	-0.12446	0	0	0
0.640582	0.33802	710	1	0.00463584	0.16604	0.355	0	-0.124763	0	0	0
0.640582	0.33802	711	1	0.00463584	0.16604	0.3555	0	-0.125067	0	0	0
0.640582	0.33802	712	1	0.00463584	0.16604	0.356	0	-0.125371	0	0	0
0.640582	0.33802	713	1	0.00463584	0.16604	0.3565	0	-0.125675	0	0	0
0.640582	0.33802	714	1	0.00463584	0.16604	0.357	0	-0.125979	0	0	0
0.640582	0.33802	715	1	0.00463584	0.16604	0.3575	0	-0.126283	0	0	0
0.640582	0.33802	716	1	0.00463584	0.16604	0.358	0	-0.126587	0	0	0
0.640582	0.33802	717	1	0.00463584	0.16604	0.3585	0	-0.126891	0	0	0
0.640582	0.33802	718	1	0.00463584	0.16604	0.359	0	-0.127196	0	0	0
0.640582	0.33802	719	1	0.00463584	0.16604	0.3595	0	-0.1275	0	0	0
0.640582	0.33802	720	1	0.00463584	0.16604	0.36	0	-0.127804	0	0	0
0.640582	0.33802	721	1	0.00463584	0.16604	0.3605	0	-0.128109	0	0	0
0.640582	0.33802	722	1	0.00463584	0.16604	0.361	0	-0.128413	0	0	0
0.640582	0.33802	723	1	0.00463584	0.16604	0.3615	0	-0.128718	0	0	0
0.640582	0.33802	724	1	0.00463584	0.16604	0.362	0	-0.129022	0	0	0
0.640582	0.33802	725	1	0.00463584	0.16604	0.3625	0	-0.129327	0	0	0
0.640582	0.33802	726	1	0.00463584	0.16604	0.363	0	-0.129632	0	0	0
0.640582	0.33802	727	1	0.00463584	0.16604	0.3635	0	-0.129936	0	0	0
0.640582	0.33802	728	1	0.00463584	0.16604	0.364	0	-0.130241	0	0	0
0.640582	0.33802	729	1	0.00463584	0.16604	0.3645	0	-0.130546	0	0	0
0.640582	0.33802	730	1	0.00463584	0.16604	0.365	0	-0.130851	0	0	0
0.640582	0.33802	731	1	0.00463584	0.16604	0.3655	0	-0.131156	0	0	0
0.640582	0.33802	732	1	0.00463584	0.16604	0.366	0	-0.131461	0	0	0
0.640582	0.33802	733	1	0.00463584	0.16604	0.3665	0	-0.131766	0	0	0
0.640582	0.33802	734	1	0.00463584	0.16604	0.367	0	-0.132071	0	0	0
0.640582	0.33802	735	1	0.00463584	0.16604	0.3675	0	-0.132376	0	0	0
0.640582	0.33802	736	1	0.00463584	0.16604	0.368	0	-0.132682	0	0	0
0.640582	0.33802	737	1	0.00463584	0.16604	0.3685	0	-0.132987	0	0	0
0.640582	0.33802	738	1	0.00463584	0.16604	0.369	0	-0.133292	0	0	0
0.640582	0.33802	739	1	0.00463584	0.16604	0.3695	0	-0.133598	0	0	0
0.640582	0.33802	740	1	0.00463584	0.16604	0.37	0	-0.133903	0	0	0
0.640582	0.33802	741	1	0.00463584	0.16604	0.3705	0	-0.134209	0	0	0
0.640582	0.33802	742	1	0.00463584	0.16604	0.371	0	-0.134514	0	0	0
0.640582	0.33802	743	1	0.00463584	0.16604	0.3715	0	-0.13482	0	0	0
0.640582	0.33802	744	1	0.00463584	0.16604	0.372	0	-0.135125	0	0	0
0.640582	0.33802	745	1	0.00463584	0.16604	0.3725	0	-0.135431	0	0	0
0.640582	0.33802	746	1	0.00463584	0.16604	0.373	0	-0.135737	0	0	0
0.640582	0.33802	747	1	0.00463584	0.16604	0.3735	0	-0.136043	0	0	0
0.640582	0.33802	748	1	0.00463584	0.16604	0.374	0	-0.136349	0	0	0
0.640582	0.33802	749	1	0.00463584	0.16604	0.3745	0	-0.136655	0	0	0
0.640582	0.33802	750	1	0.00463584	0.16604	0.375	0	-0.136961	0	0	0
0.640582	0.33802	751	1	0.00463584	0.16604	0.3755	0	-0.137267	0	0	0
0.640582	0.33802	752	1	0.00463584	0.16604	0.376	0	-0.137573	0	0	0
0.640582	0.33802	753	1	0.00463584	0.16604	0.3765	0	-0.137879	0	0	0
0.640582	0.33802	754	1	0.00463584	0.16604	0.377	0	-0.138185	0	0	0
0.640582	0.33802	755	1	0.00463584	0.16604	0.3775	0	-0.138491	0	0	0
0.640582	0.33802	756	1	0.00463584	0.16604	0.378	0	-0.138798	0	0	0
0.640582	0.33802	757	1	0.00463584	0.16604	0.3785	0	-0.139104	0	0	0
0.640582	0.33802	758	1	0.00463584	0.16604	0.379	0	-0.13941	0	0	0
0.640582	0.33802	759	1	0.00463584	0.16604	0.3795	0	-0.139717	0	0	0
0.640582	0.33802	760	1	0.00463584	0.16604	0.38	0	-0.140023	0	0	0
0.640582	0.33802	761	1	0.00463584	0.16604	0.3805	0	-0.14033	0	0	0
0.640582	0.33802	762	1	0.00463584	0.16604	0.381	0	-0.140637	0	0	0
0.640582	0.33802	763	1	0.00463584	0.16604	0.3815	0	-0.140943	0	0	0
0.640582	0.33802	764	1	0.00463584	0.16604	0.382	0	-0.14125	0	0	0
0.640582	0.33802	765	1	0.00463584	0.16604	0.3825	0	-0.141557	0	0	0
0.640582	0.33802	766	1	0.00463584	0.16604	0.383	0	-0.141863	0	0	0
0.640582	0.33802	767	1	0.00463584	0.16604	0.3835	0	-0.14217	0	0	0
0.640582	0.33802	768	1	0.00463584	0.16604	0.384	0	-0.142477	0	0	0
0.640582	0.33802	769	1	0.00463584	0.16604	0.3845	0	-0.142784	0	0	0
0.640582	0.33802	770	1	0.00463584	0.16604	0.385	0	-0.143091	0	0	0
0.640582	0.33802	771	1	0.00463584	0.16604	0.3855	0	-0.143398	0	0	0
0.640582	0.33802	772	1	0.00463584	0.16604	0.386	0	-0.143705	0	0	0
0.640582	0.33802	773	1	0.00463584	0.16604	0.3865	0	-0.144012	0	0	0
0.640582	0.33802	774	1	0.00463584	0.16604	0.387	0	-0.14432	0	0	0
0.640582	0.33802	775	1	0.00463584	0.16604	0.3875	0	-0.144627	0	0	0
0.640582	0.33802	776	1	0.00463584	0.16604	0.388	0	-0.144934	0	0	0
0.640582	0.33802	777	1	0.00463584	0.16604	0.3885	0	-0.145241	0	0	0
0.640582	0.33802	778	1	0.00463584	0.16604	0.389	0	-0.145549	0	0	0
0.640582	0.33802	779	1	0.00463584	0.16604	0.3895	0	-0.145856	0	0	0
0.640582	0.33802	780	1	0.00463584	0.16604	0.39	0	-0.146164	0	0	0
0.640582	0.33802	781	1	0.00463584	0.16604	0.3905	0	-0.146471	0	0	0
0.640582	0.33802	782	1	0.00463584	0.16604	0.391	0	-0.146779	0	0	0
0.640582	0.33802	783	1	0.00463584	0.16604	0.3915	0	-0.147086	0	0	0
0.640582	0.33802	784	1	0.00463584	0.16604	0.392	0	-0.147394	0	0	0
0.640582	0.33802	785	1	0.00463584	0.16604	0.3925	0	-0.147702	0	0	0
0.640582	0.33802	786	1	0.00463584	0.16604	0.393	0	-0.148009	0	0	0
0.640582	0.33802	787	1	0.00463584	0.16604	0.3935	0	-0.148317	0	0	0
0.640582	0.33802	788	1	0.00463584	0.16604	0.394	0	-0.148625	0	0	0
0.640582	0.33802	789	1	0.00463584	0.16604	0.3945	0	-0.148933	0	0	0
0.640582	0.33802	790	1	0.00463584	0.16604	0.395	0	-0.149241	0	0	0
0.640582	0.33802	791	1	0.00463584	0.16604	0.3955	0	-0.149549	0	0	0
0.640582	0.33802	792	1	0.00463584	0.16604	0.396	0	-0.149857	0	0	0
0.640582	0.33802	793	1	0.00463584	0.16604	0.3965	0	-0.150165	0	0	0
0.640582	0.33802	794	1	0.00463584	0.16604	0.397	0	-0.150473	0	0	0
0.640582	0.33802	795	1	0.00463584	0.16604	0.3975	0	-0.150781	0	0	0
0.640582	0.33802	796	1	0.00463584	0.16604	0.398	0	-0.151089	0	0	0
0.640582	0.33802	797	1	0.00463584	0.16604	0.3985	0	-0.151398	0	0	0
0.640582	0.33802	798	1	0.00463584	0.16604	0.399	0	-0.151706	0	0	0
0.640582	0.33802	799	1	0.00463584	0.16604	0.3995	0	-0.152014	0	0	0
0.640582	0.33802	800	1	0.00463584	0.16604	0.4	0	-0.152323	0	0	0
0.640582	0.33802	801	1	0.00463584	0.16604	0.4005	0	-0.152631	0	0	0
0.640582	0.33802	802	1	0.00463584	0.16604	0.401	0	-0.152939	0	0	0
0.640582	0.33802	803	1	0.00463584	0.16604	0.4015	0	-0.153248	0	0	0
0.640582	0.33802	804	1	0.00463584	0.16604	0.402	0	-0.153556	0	0	0
0.640582	0.33802	805	1	0.00463584	0.16604	0.4025	0	-0.153865	0	0	0
0.640582	0.33802	806	1	0.00463584	0.16604	0.403	0	-0.154174	0	0	0
0.640582	0.33802	807	1	0.00463584	0.16604	0.4035	0	-0.154482	0	0	0
0.640582	0.33802	808	1	0.00463584	0.16604	0.404	0	-0.154791	0	0	0
0.640582	0.33802	809	1	0.00463584	0.16604	0.4045	0	-0.1551	0	0	0
0.640582	0.33802	810	1	0.00463584	0.16604	0.405	0	-0.155409	0	0	0
0.640582	0.33802	811	1	0.00463584	0.16604	0.4055	0	-0.155717	0	0	0
0.640582	0.33802	812	1	0.00463584	0.16604	0.406	0	-0.156026	0	0	0
0.640582	0.33802	813	1	0.00463584	0.16604	0.4065	0	-0.156335	0	0	0
0.640582	0.33802	814	1	0.00463584	0.16604	0.407	0	-0.156644	0	0	0
0.640582	0.33802	815	1	0.00463584	0.16604	0.4075	0	-0.156953	0	0	0
0.640582	0.33802	816	1	0.00463584	0.16604	0.408	0	-0.157262	0	0	0
0.640582	0.33802	817	1	0.00463584	0.16604	0.4085	0	-0.157571	0	0	0
0.640582	0.33802	818	1	0.00463584	0.16604	0.409	0	-0.15788	0	0	0
0.640582	0.33802	819	1	0.00463584	0.16604	0.4095	0	-0.15819	0	0	0
0.640582	0.33802	820	1	0.00463584	0.16604	0.41	0	-0.158499	0	0	0
0.640582	0.33802	821	1	0.00463584	0.16604	0.4105	0	-0.158808	0	0	0
0.640582	0.33802	822	1	0.00463584	0.16604	0.411	0	-0.159117	0	0	0
0.640582	0.33802	823	1	0.00463584	0.16604	0.4115	0	-0.159427	0	0	0
0.640582	0.33802	824	1	0.00463584	0.16604	0.412	0	-0.159736	0	0	0
0.640582	0.33802	825	1	0.00463584	0.16604	0.4125	0	-0.160045	0	0	0
0.640582	0.33802	826	1	0.00463584	0.16604	0.413	0	-0.160355	0	0	0
0.640582	0.33802	827	1	0.00463584	0.16604	0.4135	0	-0.160664	0	0	0
0.640582	0.33802	828	1	0.00463584	0.16604	0.414	0	-0.160974	0	0	0
0.640582	0.33802	829	1	0.00463584	0.16604	0.4145	0	-0.161283	0	0	0
0.640582	0.33802	830	1	0.00463584	0.16604	0.415	0	-0.161593	0	0	0
0.640582	0.33802	831	1	0.00463584	0.16604	0.4155	0	-0.161903	0	0	0
0.640582	0.33802	832	1	0.00463584	0.16604	0.416	0	-0.162212	0	0	0
0.640582	0.33802	833	1	0.00463584	0.16604	0.4165	0	-0.162522	0	0	0
0.640582	0.33802	834	1	0.00463584	0.16604	0.417	0	-0.162832	0	0	0
0.640582	0.33802	835	1	0.00463584	0.16604	0.4175	0	-0.163142	0	0	0
0.640582	0.33802	836	1	0.00463584	0.16604	0.418	0	-0.163451	0	0	0
0.640582	0.33802	837	1	0.00463584	0.16604	0.4185	0	-0.163761	0	0	0
0.640582	0.33802	838	1	0.00463584	0.16604	0.419	0	-0.164071	0	0	0
0.640582	0.33802	839	1	0.00463584	0.16604	0.4195	0	-0.164381	0	0	0
0.640582	0.33802	840	1	0.00463584	0.16604	0.42	0	-0.164691	0	0	0
0.640582	0.33802	841	1	0.00463584	0.16604	0.4205	0	-0.165001	0	0	0
0.640582	0.33802	842	1	0.00463584	0.16604	0.421	0	-0.165311	0	0	0
0.640582	0.33802	843	1	0.00463584	0.16604	0.4215	0	-0.165621	0	0	0
0.640582	0.33802	844	1	0.00463584	0.16604	0.422	0	-0.165931	0	0	0
0.640582	0.33802	845	1	0.00463584	0.16604	0.4225	0	-0.166242	0	0	0
0.640582	0.33802	846	1	0.00463584	0.16604	0.423	0	-0.166552	0	0	0
0.640582	0.33802	847	1	0.00463584	0.16604	0.4235	0	-0.166862	0	0	0
0.640582	0.33802	848	1	0.00463584	0.16604	0.424	0	-0.167172	0	0	0
0.640582	0.33802	849	1	0.00463584	0.16604	0.4245	0	-0.167483	0	0	0
0.640582	0.33802	850	1	0.00463584	0.16604	0.425	0	-0.167793	0	0	0
0.640582	0.33802	851	1	0.00463584	0.16604	0.4255	0	-0.168103	0	0	0
0.640582	0.33802	852	1	0.00463584	0.16604	0.426	0	-0.168414	0	0	0
0.640582	0.33802	853	1	0.00463584	0.16604	0.4265	0	-0.168724	0	0	0
0.640582	0.33802	854	1	0.00463584	0.16604	0.427	0	-0.169035	0	0	0
0.640582	0.33802	855	1	0.00463584	0.16604	0.4275	0	-0.169345	0	0	0
0.640582	0.33802	856	1	0.00463584	0.16604	0.428	0	-0.169656	0	0	0
0.640582	0.33802	857	1	0.00463584	0.16604	0.4285	0	-0.169966	0	0	0
0.640582	0.33802	858	1	0.00463584	0.16604	0.429	0	-0.170277	0	0	0
0.640582	0.33802	859	1	0.00463584	0.16604	0.4295	0	-0.170588	0	0	0
0.640582	0.33802	860	1	0.00463584	0.16604	0.43	0	-0.170898	0	0	0
0.640582	0.33802	861	1	0.00463584	0.16604	0.4305	0	-0.171209	0	0	0
0.640582	0.33802	862	1	0.00463584	0.16604	0.431	0	-0.17152	0	0	0
0.640582	0.33802	863	1	0.00463584	0.16604	0.4315	0	-0.171831	0	0	0
0.640582	0.33802	864	1	0.00463584	0.16604	0.432	0	-0.172142	0	0	0
0.640582	0.33802	865	1	0.00463584	0.16604	0.4325	0	-0.172452	0	0	0
0.640582	0.33802	866	1	0.00463584	0.16604	0.433	0	-0.172763	0	0	0
0.640582	0.33802	867	1	0.00463584	0.16604	0.4335	0	-0.173074	0	0	0
0.640582	0.33802	868	1	0.00463584	0.16604	0.434	0	-0.173385	0	0	0
0.640582	0.33802	869	1	0.00463584	0.16604	0.4345	0	-0.173696	0	0	0
0.640582	0.33802	870	1	0.00463584	0.16604	0.435	0	-0.174007	0	0	0
0.640582	0.33802	871	1	0.00463584	0.16604	0.4355	0	-0.174319	0	0	0
0.640582	0.33802	872	1	0.00463584	0.16604	0.436	0	-0.17463	0	0	0
0.640582	0.33802	873	1	0.00463584	0.16604	0.4365	0	-0.174941	0	0	0
0.640582	0.33802	874	1	0.00463584	0.16604	0.437	0	-0.175252	0	0	0
0.640582	0.33802	875	1	0.00463584	0.16604	0.4375	0	-0.175563	0	0	0
0.640582	0.33802	876	1	0.00463584	0.16604	0.438	0	-0.175874	0	0	0
0.640582	0.33802	877	1	0.00463584	0.16604	0.4385	0	-0.176186	0	0	0
0.640582	0.33802	878	1	0.00463584	0.16604	0.439	0	-0.176497	0	0	0
0.640582	0.33802	879	1	0.00463584	0.16604	0.4395	0	-0.176808	0	0	0
0.640582	0.33802	880	1	0.00463584	0.16604	0.44	0	-0.17712	0	0	0
0.640582	0.33802	881	1	0.00463584	0.16604	0.4405	0	-0.177431	0	0	0
0.640582	0.33802	882	1	0.00463584	0.16604	0.441	0	-0.177743	0	0	0
0.640582	0.33802	883	1	0.00463584	0.16604	0.4415	0	-0.178054	0	0	0
0.640582	0.33802	884	1	0.00463584	0.16604	0.442	0	-0.178366	0	0	0
0.640582	0.33802	885	1	0.00463584	0.16604	0.4425	0	-0.178677	0	0	0
0.640582	0.33802	886	1	0.00463584	0.16604	0.443	0	-0.178989	0	0	0
0.640582	0.33802	887	1	0.00463584	0.16604	0.4435	0	-0.179301	0	0	0
0.640582	0.33802	888	1	0.00463584	0.16604	0.444	0	-0.179612	0	0	0
0.640582	0.33802	889	1	0.00463584	0.16604	0.4445	0	-0.179924	0	0	0
0.640582	0.33802	890	1	0.00463584	0.16604	0.445	0	-0.180236	0	0	0
0.640582	0.33802	891	1	0.00463584	0.16604	0.4455	0	-0.180547	0	0	0
0.640582	0.33802	892	1	0.00463584	0.16604	0.446	0	-0.180859	0	0	0
0.640582	0.33802	893	1	0.00463584	0.16604	0.4465	0	-0.181171	0	0	0
0.640582	0.33802	894	1	0.00463584	0.16604	0.447	0	-0.181483	0	0	0
0.640582	0.33802	895	1	0.00463584	0.16604	0.4475	0	-0.181795	0	0	0
0.640582	0.33802	896	1	0.00463584	0.16604	0.448	0	-0.182107	0	0	0
0.640582	0.33802	897	1	0.00463584	0.16604	0.4485	0	-0.182418	0	0	0
0.640582	0.33802	898	1	0.00463584	0.16604	0.449	0	-0.18273	0	0	0
0.640582	0.33802	899	1	0.00463584	0.16604	0.4495	0	-0.183042	0	0	0
0.640582	0.33802	900	1	0.00463584	0.16604	0.45	0	-0.183354	0	0	0
0.640582	0.33802	901	1	0.00463584	0.16604	0.4505	0	-0.183667	0	0	0
0.640582	0.33802	902	1	0.00463584	0.16604	0.451	0	-0.183979	0	0	0
0.640582	0.33802	903	1	0.00463584	0.16604	0.4515	0	-0.184291	0	0	0
0.640582	0.33802	904	1	0.00463584	0.16604	0.452	0	-0.184603	0	0	0
0.640582	0.33802	905	1	0.00463584	0.16604	0.4525	0	-0.184915	0	0	0
0.640582	0.33802	906	1	0.00463584	0.16604	0.453	0	-0.185227	0	0	0
0.640582	0.33802	907	1	0.00463584	0.16604	0.4535	0	-0.18554	0	0	0
0.640582	0.33802	908	1	0.00463584	0.16604	0.454	0	-0.185852	0	0	0
0.640582	0.33802	909	1	0.00463584	0.16604	0.4545	0	-0.186164	0	0	0
0.640582	0.33802	910	1	0.00463584	0.16604	0.455	0	-0.186476	0	0	0
0.640582	0.33802	911	1	0.00463584	0.16604	0.4555	0	-0.186789	0	0	0
0.640582	0.33802	912	1	0.00463584	0.16604	0.456	0	-0.187101	0	0	0
0.640582	0.33802	913	1	0.00463584	0.16604	0.4565	0	-0.187414	0	0	0
0.640582	0.33802	914	1	0.00463584	0.16604	0.457	0	-0.187726	0	0	0
0.640582	0.33802	915	1	0.00463584	0.16604	0.4575	0	-0.188039	0	0	0
0.640582	0.33802	916	1	0.00463584	0.16604	0.458	0	-0.188351	0	0	0
0.640582	0.33802	917	1	0.00463584	0.16604	0.4585	0	-0.188664	0	0	0
0.640582	0.33802	918	1	0.00463584	0.16604	0.459	0	-0.188976	0	0	0
0.640582	0.33802	919	1	0.00463584	0.16604	0.4595	0	-0.189289	0	0	0
0.640582	0.33802	920	1	0.00463584	0.16604	0.46	0	-0.189601	0	0	0
0.640582	0.33802	921	1	0.00463584	0.16604	0.4605	0	-0.189914	0	0	0
0.640582	0.33802	922	1	0.00463584	0.16604	0.461	0	-0.190227	0	0	0
0.640582	0.33802	923	1	0.00463584	0.16604	0.4615	0	-0.190539	0	0	0
0.640582	0.33802	924	1	0.00463584	0.16604	0.462	0	-0.190852	0	0	0
0.640582	0.33802	925	1	0.00463584	0.16604	0.4625	0	-0.191165	0	0	0
0.640582	0.33802	926	1	0.00463584	0.16604	0.463	0	-0.191478	0	0	0
0.640582	0.33802	927	1	0.00463584	0.16604	0.4635	0	-0.191791	0	0	0
0.640582	0.33802	928	1	0.00463584	0.16604	0.464	0	-0.192104	0	0	0
0.640582	0.33802	929	1	0.00463584	0.16604	0.4645	0	-0.192416	0	0	0
0.640582	0.33802	930	1	0.00463584	0.16604	0.465	0	-0.192729	0	0	0
0.640582	0.33802	931	1	0.00463584	0.16604	0.4655	0	-0.193042	0	0	0
0.640582	0.33802	932	1	0.00463584	0.16604	0.466	0	-0.193355	0	0	0
0.640582	0.33802	933	1	0.00463584	0.16604	0.4665	0	-0.193668	0	0	0
0.640582	0.33802	934	1	0.00463584	0.16604	0.467	0	-0.193981	0	0	0
0.640582	0.33802	935	1	0.00463584	0.16604	0.4675	0	-0.194294	0	0	0
0.640582	0.33802	936	1	0.00463584	0.16604	0.468	0	-0.194607	0	0	0
0.640582	0.33802	937	1	0.00463584	0.16604	0.4685	0	-0.194921	0	0	0
0.640582	0.33802	938	1	0.00463584	0.16604	0.469	0	-0.195234	0	0	0
0.640582	0.33802	939	1	0.00463584	0.16604	0.4695	0	-0.195547	0	0	0
0.640582	0.33802	940	1	0.00463584	0.16604	0.47	0	-0.19586	0	0	0
0.640582	0.33802	941	1	0.00463584	0.16604	0.4705	0	-0.196173	0	0	0
0.640582	0.33802	942	1	0.00463584	0.16604	0.471	0	-0.196486	0	0	0
0.640582	0.33802	943	1	0.00463584	0.16604	0.4715	0	-0.1968	0	0	0
0.640582	0.33802	944	1	0.00463584	0.16604	0.472	0	-0.197113	0	0	0
0.640582	0.33802	945	1	0.00463584	0.16604	0.4725	0	-0.197426	0	0	0
0.640582	0.33802	946	1	0.00463584	0.16604	0.473	0	-0.19774	0	0	0
0.640582	0.33802	947	1	0.00463584	0.16604	0.4735	0	-0.198053	0	0	0
0.640582	0.33802	948	1	0.00463584	0.16604	0.474	0	-0.198367	0	0	0
0.640582	0.33802	949	1	0.00463584	0.16604	0.4745	0	-0.19868	0	0	0
0.640582	0.33802	950	1	0.00463584	0.16604	0.475	0	-0.198993	0	0	0
0.640582	0.33802	951	1	0.00463584	0.16604	0.4755	0	-0.199307	0	0	0
0.640582	0.33802	952	1	0.00463584	0.16604	0.476	0	-0.19962	0	0	0
0.640582	0.33802	953	1	0.00463584	0.16604	0.4765	0	-0.199934	0	0	0
0.640582	0.33802	954	1	0.00463584	0.16604	0.477	0	-0.200248	0	0	0
0.640582	0.33802	955	1	0.00463584	0.16604	0.4775	0	-0.200561	0	0	0
0.640582	0.33802	956	1	0.00463584	0.16604	0.478	0	-0.200875	0	0	0
0.640582	0.33802	957	1	0.00463584	0.16604	0.4785	0	-0.201188	0	0	0
0.640582	0.33802	958	1	0.00463584	0.16604	0.479	0	-0.201502	0	0	0
0.640582	0.33802	959	1	0.00463584	0.16604	0.4795	0	-0.201816	0	0	0
0.640582	0.33802	960	1	0.00463584	0.16604	0.48	0	-0.202129	0	0	0
0.640582	0.33802	961	1	0.00463584	0.16604	0.4805	0	-0.202443	0	0	0
0.640582	0.33802	962	1	0.00463584	0.16604	0.481	0	-0.202757	0	0	0
0.640582	0.33802	963	1	0.00463584	0.16604	0.4815	0	-0.203071	0	0	0
0.640582	0.33802	964	1	0.00463584	0.16604	0.482	0	-0.203385	0	0	0
0.640582	0.33802	965	1	0.00463584	0.16604	0.4825	0	-0.203698	0	0	0
0.640582	0.33802	966	1	0.00463584	0.16604	0.483	0	-0.204012	0	0	0
0.640582	0.33802	967	1	0.00463584	0.16604	0.4835	0	-0.204326	0	0	0
0.640582	0.33802	968	1	0.00463584	0.16604	0.484	0	-0.20464	0	0	0
0.640582	0.33802	969	1	0.00463584	0.16604	0.4845	0	-0.204954	0	0	0
0.640582	0.33802	970	1	0.00463584	0.16604	0.485	0	-0.205268	0	0	0
0.640582	0.33802	971	1	0.00463584	0.16604	0.4855	0	-0.205582	0	0	0
0.640582	0.33802	972	1	0.00463584	0.16604	0.486	0	-0.205896	0	0	0
0.640582	0.33802	973	1	0.00463584	0.16604	0.4865	0	-0.20621	0	0	0
0.640582	0.33802	974	1	0.00463584	0.16604	0.487	0	-0.206524	0	0	0
0.640582	0.33802	975	1	0.00463584	0.16604	0.4875	0	-0.206838	0	0	0
0.640582	0.33802	976	1	0.00463584	0.16604	0.488	0	-0.207152	0	0	0
0.640582	0.33802	977	1	0.00463584	0.16604	0.4885	0	-0.207467	0	0	0
0.640582	0.33802	978	1	0.00463584	0.16604	0.489	0	-0.207781	0	0	0
0.640582	0.33802	979	1	0.00463584	0.16604	0.4895	0	-0.208095	0	0	0
0.640582	0.33802	980	1	0.00463584	0.16604	0.49	0	-0.208409	0	0	0
0.640582	0.33802	981	1	0.00463584	0.16604	0.4905	0	-0.208723	0	0	0
0.640582	0.33802	982	1	0.00463584	0.16604	0.491	0	-0.209038	0	0	0
0.640582	0.33802	983	1	0.00463584	0.16604	0.4915	0	-0.209352	0	0	0
0.640582	0.33802	984	1	0.00463584	0.16604	0.492	0	-0.209666	0	0	0
0.640582	0.33802	985	1	0.00463584	0.16604	0.4925	0	-0.209981	0	0	0
0.640582	0.33802	986	1	0.00463584	0.16604	0.493	0	-0.210295	0	0	0
0.640582	0.33802	987	1	0.00463584	0.16604	0.4935	0	-0.210609	0	0	0
0.640582	0.33802	988	1	0.00463584	0.16604	0.494	0	-0.210924	0	0	0
0.640582	0.33802	989	1	0.00463584	0.16604	0.4945	0	-0.211238	0	0	0
0.640582	0.33802	990	1	0.00463584	0.16604	0.495	0	-0.211553	0	0	0
0.640582	0.33802	991	1	0.00463584	0.16604	0.4955	0	-0.211867	0	0	0
0.640582	0.33802	992	1	0.00463584	0.16604	0.496	0	-0.212182	0	0	0
0.640582	0.33802	993	1	0.00463584	0.16604	0.4965	0	-0.212496	0	0	0
0.640582	0.33802	994	1	0.00463584	0.16604	0.497	0	-0.212811	0	0	0
0.640582	0.33802	995	1	0.00463584	0.16604	0.4975	0	-0.213125	0	0	0
0.640582	0.33802	996	1	0.00463584	0.16604	0.498	0	-0.21344	0	0	0
0.640582	0.33802	997	1	0.00463584	0.16604	0.4985	0	-0.213755	0	0	0
0.640582	0.33802	998	1	0.00463584	0.16604	0.499	0	-0.214069	0	0	0
0.640582	0.33802	999	1	0.00463584	0.16604	0.4995	0	-0.214384	0	0	0
0.640582	0.33802	1000	1	0.00463584	0.16604	0.5	0	-0.214699	0	0	0
