0.558256	0.33802	0	0	0.00463584	0.16604	0	0	0.0153833	0	-3.43866e-06	0
0.558256	0.33802	1	0	0.00463584	0.16604	0.0005	0	0.0156961	0	-3.67268e-06	0
0.558256	0.33802	2	0	0.00463584	0.16604	0.001	0	0.0160059	0	-3.90481e-06	0
0.558256	0.33802	3	0	0.00463584	0.16604	0.0015	0	0.0163129	0	-4.13453e-06	0
0.558256	0.33802	4	0	0.00463584	0.16604	0.002	0	0.0166169	0	-4.36135e-06	0
0.558256	0.33802	5	0	0.00463584	0.16604	0.0025	0	0.0169182	0	-4.58483e-06	0
0.558256	0.33802	6	0	0.00463584	0.16604	0.003	0	0.0172165	0	-4.80455e-06	0
0.558256	0.33802	7	0	0.00463584	0.16604	0.0035	0	0.017512	0	-5.0201e-06	0
0.558256	0.33802	8	0	0.00463584	0.16604	0.004	0	0.0178045	0	-5.23113e-06	0
0.558256	0.33802	9	0	0.00463584	0.16604	0.0045	0	0.0180943	0	-5.43727e-06	0
0.558256	0.33802	10	0	0.00463584	0.16604	0.005	0	0.0183811	0	-5.63821e-06	0
0.558256	0.33802	11	0	0.00463584	0.16604	0.0055	0	0.0186651	0	-5.83364e-06	0
0.558256	0.33802	12	0	0.00463584	0.16604	0.006	0	0.0189462	0	-6.02326e-06	0
0.558256	0.33802	13	0	0.00463584	0.16604	0.0065	0	0.0192245	0	-6.2068e-06	0
0.558256	0.33802	14	0	0.00463584	0.16604	0.007	0	0.0194999	0	-6.384e-06	0
0.558256	0.33802	15	0	0.00463584	0.16604	0.0075	0	0.0197724	0	-6.55464e-06	0
0.558256	0.33802	16	0	0.00463584	0.16604	0.008	0	0.0200421	0	-6.7185e-06	0
0.558256	0.33802	17	0	0.00463584	0.16604	0.0085	0	0.0203089	0	-6.87538e-06	0
0.558256	0.33802	18	0	0.00463584	0.16604	0.009	0	0.0205729	0	-7.02511e-06	0
0.558256	0.33802	19	0	0.00463584	0.16604	0.0095	0	0.0208341	0	-7.16754e-06	0
0.558256	0.33802	20	0	0.00463584	0.16604	0.01	0	0.0210924	0	-7.30257e-06	0
0.558256	0.33802	21	0	0.00463584	0.16604	0.0105	0	0.0213479	0	-7.43009e-06	0
0.558256	0.33802	22	0	0.00463584	0.16604	0.011	0	0.0216005	0	-7.55006e-06	0
0.558256	0.33802	23	0	0.00463584	0.16604	0.0115	0	0.0218504	0	-7.66245e-06	0
0.558256	0.33802	24	0	0.00463584	0.16604	0.012	0	0.0220974	0	-7.76729e-06	0
0.558256	0.33802	25	0	0.00463584	0.16604	0.0125	0	0.0223416	0	-7.86464e-06	0
0.558256	0.33802	26	0	0.00463584	0.16604	0.013	0	0.022583	0	-7.9546e-06	0
0.558256	0.33802	27	0	0.00463584	0.16604	0.0135	0	0.0228216	0	-8.03732e-06	0
0.558256	0.33802	28	0	0.00463584	0.16604	0.014	0	0.0230574	0	-8.113e-06	0
0.558256	0.33802	29	0	0.00463584	0.16604	0.0145	0	0.0232904	0	-8.18189e-06	0
0.558256	0.33802	30	0	0.00463584	0.16604	0.015	0	0.0235206	0	-8.24427e-06	0
0.558256	0.33802	31	0	0.00463584	0.16604	0.0155	0	0.023748	0	-8.30048e-06	0
0.558256	0.33802	32	0	0.00463584	0.16604	0.016	0	0.0239727	0	-8.35087e-06	0
0.558256	0.33802	33	0	0.00463584	0.16604	0.0165	0	0.0241946	0	-8.39583e-06	0
0.558256	0.33802	34	0	0.00463584	0.16604	0.017	0	0.0244137	0	-8.43578e-06	0
0.558256	0.33802	35	0	0.00463584	0.16604	0.0175	0	0.0246301	0	-8.47111e-06	0
0.558256	0.33802	36	0	0.00463584	0.16604	0.018	0	0.0248438	0	-8.50221e-06	0
0.558256	0.33802	37	0	0.00463584	0.16604	0.0185	0	0.0250547	0	-8.52946e-06	0
0.558256	0.33802	38	0	0.00463584	0.16604	0.019	0	0.0252629	0	-8.55317e-06	0
0.558256	0.33802	39	0	0.00463584	0.16604	0.0195	0	0.0254684	0	-8.57362e-06	0
0.558256	0.33802	40	0	0.00463584	0.16604	0.02	0	0.0256711	0	-8.59103e-06	0
0.558256	0.33802	41	0	0.00463584	0.16604	0.0205	0	0.0258712	0	-8.60555e-06	0
0.558256	0.33802	42	0	0.00463584	0.16604	0.021	0	0.0260685	0	-8.61733e-06	0
0.558256	0.33802	43	0	0.00463584	0.16604	0.0215	0	0.0262632	0	-8.62645e-06	0
0.558256	0.33802	44	0	0.00463584	0.16604	0.022	0	0.0264552	0	-8.63299e-06	0
0.558256	0.33802	45	0	0.00463584	0.16604	0.0225	0	0.0266445	0	-8.63703e-06	0
0.558256	0.33802	46	0	0.00463584	0.16604	0.023	0	0.0268312	0	-8.63864e-06	0
0.558256	0.33802	47	0	0.00463584	0.16604	0.0235	0	0.0270152	0	-8.6379e-06	0
0.558256	0.33802	48	0	0.00463584	0.16604	0.024	0	0.0271966	0	-8.63487e-06	0
0.558256	0.33802	49	0	0.00463584	0.16604	0.0245	0	0.0273753	0	-8.62962e-06	0
0.558256	0.33802	50	0	0.00463584	0.16604	0.025	0	0.0275514	0	-8.62222e-06	0
0.558256	0.33802	51	0	0.00463584	0.16604	0.0255	0	0.0277249	0	-8.61273e-06	0
0.558256	0.33802	52	0	0.00463584	0.16604	0.026	0	0.0278958	0	-8.60123e-06	0
0.558256	0.33802	53	0	0.00463584	0.16604	0.0265	0	0.0280641	0	-8.58777e-06	0
0.558256	0.33802	54	0	0.00463584	0.16604	0.027	0	0.0282298	0	-8.57242e-06	0
0.558256	0.33802	55	0	0.00463584	0.16604	0.0275	0	0.028393	0	-8.55524e-06	0
0.558256	0.33802	56	0	0.00463584	0.16604	0.028	0	0.0285536	0	-8.53629e-06	0
0.558256	0.33802	57	0	0.00463584	0.16604	0.0285	0	0.0287116	0	-8.51563e-06	0
0.558256	0.33802	58	0	0.00463584	0.16604	0.029	0	0.0288671	0	-8.49333e-06	0
0.558256	0.33802	59	0	0.00463584	0.16604	0.0295	0	0.02902	0	-8.46943e-06	0
0.558256	0.33802	60	0	0.00463584	0.16604	0.03	0	0.0291705	0	-8.44399e-06	0
0.558256	0.33802	61	0	0.00463584	0.16604	0.0305	0	0.0293184	0	-8.41707e-06	0
0.558256	0.33802	62	0	0.00463584	0.16604	0.031	0	0.0294638	0	-8.38872e-06	0
0.558256	0.33802	63	0	0.00463584	0.16604	0.0315	0	0.0296068	0	-8.359e-06	0
0.558256	0.33802	64	0	0.00463584	0.16604	0.032	0	0.0297472	0	-8.32795e-06	0
0.558256	0.33802	65	0	0.00463584	0.16604	0.0325	0	0.0298852	0	-8.29563e-06	0
0.558256	0.33802	66	0	0.00463584	0.16604	0.033	0	0.0300208	0	-8.26209e-06	0
0.558256	0.33802	67	0	0.00463584	0.16604	0.0335	0	0.0301539	0	-8.22737e-06	0
0.558256	0.33802	68	0	0.00463584	0.16604	0.034	0	0.0302846	0	-8.19151e-06	0
0.558256	0.33802	69	0	0.00463584	0.16604	0.0345	0	0.0304128	0	-8.15458e-06	0
0.558256	0.33802	70	0	0.00463584	0.16604	0.035	0	0.0305387	0	-8.11661e-06	0
0.558256	0.33802	71	0	0.00463584	0.16604	0.0355	0	0.0306621	0	-8.07764e-06	0
0.558256	0.33802	72	0	0.00463584	0.16604	0.036	0	0.0307832	0	-8.03771e-06	0
0.558256	0.33802	73	0	0.00463584	0.16604	0.0365	0	0.0309019	0	-7.99688e-06	0
0.558256	0.33802	74	0	0.00463584	0.16604	0.037	0	0.0310182	0	-7.95517e-06	0
0.558256	0.33802	75	0	0.00463584	0.16604	0.0375	0	0.0311322	0	-7.91263e-06	0
0.558256	0.33802	76	0	0.00463584	0.16604	0.038	0	0.0312439	0	-7.8693e-06	0
0.558256	0.33802	77	0	0.00463584	0.16604	0.0385	0	0.0313532	0	-7.82521e-06	0
0.558256	0.33802	78	0	0.00463584	0.16604	0.039	0	0.0314602	0	-7.78039e-06	0
0.558256	0.33802	79	0	0.00463584	0.16604	0.0395	0	0.031565	0	-7.73489e-06	0
0.558256	0.33802	80	0	0.00463584	0.16604	0.04	0	0.0316674	0	-7.68873e-06	0
0.558256	0.33802	81	0	0.00463584	0.16604	0.0405	0	0.0317676	0	-7.64196e-06	0
0.558256	0.33802	82	0	0.00463584	0.16604	0.041	0	0.0318655	0	-7.59459e-06	0
0.558256	0.33802	83	0	0.00463584	0.16604	0.0415	0	0.0319611	0	-7.54667e-06	0
0.558256	0.33802	84	0	0.00463584	0.16604	0.042	0	0.0320545	0	-7.49822e-06	0
0.558256	0.33802	85	0	0.00463584	0.16604	0.0425	0	0.0321457	0	-7.44927e-06	0
0.558256	0.33802	86	0	0.00463584	0.16604	0.043	0	0.0322347	0	-7.39985e-06	0
0.558256	0.33802	87	0	0.00463584	0.16604	0.0435	0	0.0323215	0	-7.34999e-06	0
0.558256	0.33802	88	0	0.00463584	0.16604	0.044	0	0.0324061	0	-7.29971e-06	0
0.558256	0.33802	89	0	0.00463584	0.16604	0.0445	0	0.0324885	0	-7.24903e-06	0
0.558256	0.33802	90	0	0.00463584	0.16604	0.045	0	0.0325688	0	-7.19799e-06	0
0.558256	0.33802	91	0	0.00463584	0.16604	0.0455	0	0.0326469	0	-7.14661e-06	0
0.558256	0.33802	92	0	0.00463584	0.16604	0.046	0	0.0327229	0	-7.0949e-06	0
0.558256	0.33802	93	0	0.00463584	0.16604	0.0465	0	0.0327967	0	-7.0429e-06	0
0.558256	0.33802	94	0	0.00463584	0.16604	0.047	0	0.0328685	0	-6.99062e-06	0
0.558256	0.33802	95	0	0.00463584	0.16604	0.0475	0	0.0329381	0	-6.93808e-06	0
0.558256	0.33802	96	0	0.00463584	0.16604	0.048	0	0.0330057	0	-6.88531e-06	0
0.558256	0.33802	97	0	0.00463584	0.16604	0.0485	0	0.0330712	0	-6.83232e-06	0
0.558256	0.33802	98	0	0.00463584	0.16604	0.049	0	0.0331346	0	-6.77912e-06	0
0.558256	0.33802	99	0	0.00463584	0.16604	0.0495	0	0.033196	0	-6.72575e-06	0
0.558256	0.33802	100	0	0.00463584	0.16604	0.05	0	0.0332553	0	-6.67221e-06	0
0.558256	0.33802	101	0	0.00463584	0.16604	0.0505	0	0.0333126	0	-6.61853e-06	0
0.558256	0.33802	102	0	0.00463584	0.16604	0.051	0	0.033368	0	-6.56471e-06	0
0.558256	0.33802	103	0	0.00463584	0.16604	0.0515	0	0.0334213	0	-6.51078e-06	0
0.558256	0.33802	104	0	0.00463584	0.16604	0.052	0	0.0334726	0	-6.45674e-06	0
0.558256	0.33802	105	0	0.00463584	0.16604	0.0525	0	0.033522	0	-6.40261e-06	0
0.558256	0.33802	106	0	0.00463584	0.16604	0.053	0	0.0335694	0	-6.34841e-06	0
0.558256	0.33802	107	0	0.00463584	0.16604	0.0535	0	0.0336149	0	-6.29415e-06	0
0.558256	0.33802	108	0	0.00463584	0.16604	0.054	0	0.0336584	0	-6.23983e-06	0
0.558256	0.33802	109	0	0.00463584	0.16604	0.0545	0	0.0337001	0	-6.18548e-06	0
0.558256	0.33802	110	0	0.00463584	0.16604	0.055	0	0.0337398	0	-6.1311e-06	0
0.558256	0.33802	111	0	0.00463584	0.16604	0.0555	0	0.0337776	0	-6.0767e-06	0
0.558256	0.33802	112	0	0.00463584	0.16604	0.056	0	0.0338135	0	-6.0223e-06	0
0.558256	0.33802	113	0	0.00463584	0.16604	0.0565	0	0.0338476	0	-5.9679e-06	0
0.558256	0.33802	114	0	0.00463584	0.16604	0.057	0	0.0338798	0	-5.91352e-06	0
0.558256	0.33802	115	0	0.00463584	0.16604	0.0575	0	0.0339102	0	-5.85916e-06	0
0.558256	0.33802	116	0	0.00463584	0.16604	0.058	0	0.0339387	0	-5.80483e-06	0
0.558256	0.33802	117	0	0.00463584	0.16604	0.0585	0	0.0339654	0	-5.75054e-06	0
0.558256	0.33802	118	0	0.00463584	0.16604	0.059	0	0.0339903	0	-5.69629e-06	0
0.558256	0.33802	119	0	0.00463584	0.16604	0.0595	0	0.0340134	0	-5.6421e-06	0
0.558256	0.33802	120	0	0.00463584	0.16604	0.06	0	0.0340348	0	-5.58798e-06	0
0.558256	0.33802	121	0	0.00463584	0.16604	0.0605	0	0.0340543	0	-5.53392e-06	0
0.558256	0.33802	122	0	0.00463584	0.16604	0.061	0	0.0340721	0	-5.47993e-06	0
0.558256	0.33802	123	0	0.00463584	0.16604	0.0615	0	0.0340882	0	-5.42603e-06	0
0.558256	0.33802	124	0	0.00463584	0.16604	0.062	0	0.0341025	0	-5.37221e-06	0
0.558256	0.33802	125	0	0.00463584	0.16604	0.0625	0	0.0341151	0	-5.31849e-06	0
0.558256	0.33802	126	0	0.00463584	0.16604	0.063	0	0.034126	0	-5.26486e-06	0
0.558256	0.33802	127	0	0.00463584	0.16604	0.0635	0	0.0341352	0	-5.21134e-06	0
0.558256	0.33802	128	0	0.00463584	0.16604	0.064	0	0.0341427	0	-5.15792e-06	0
0.558256	0.33802	129	0	0.00463584	0.16604	0.0645	0	0.0341485	0	-5.10461e-06	0
0.558256	0.33802	130	0	0.00463584	0.16604	0.065	0	0.0341527	0	-5.05142e-06	0
0.558256	0.33802	131	0	0.00463584	0.16604	0.0655	0	0.0341552	0	-4.99835e-06	0
0.558256	0.33802	132	0	0.00463584	0.16604	0.066	0	0.0341561	0	-4.9454e-06	0
0.558256	0.33802	133	0	0.00463584	0.16604	0.0665	0	0.0341554	0	-4.89257e-06	0
0.558256	0.33802	134	0	0.00463584	0.16604	0.067	0	0.034153	0	-4.83988e-06	0
0.558256	0.33802	135	0	0.00463584	0.16604	0.0675	0	0.0341491	0	-4.78732e-06	0
0.558256	0.33802	136	0	0.00463584	0.16604	0.068	0	0.0341435	0	-4.73489e-06	0
0.558256	0.33802	137	0	0.00463584	0.16604	0.0685	0	0.0341364	0	-4.6826e-06	0
0.558256	0.33802	138	0	0.00463584	0.16604	0.069	0	0.0341277	0	-4.63046e-06	0
0.558256	0.33802	139	0	0.00463584	0.16604	0.0695	0	0.0341175	0	-4.57845e-06	0
0.558256	0.33802	140	0	0.00463584	0.16604	0.07	0	0.0341057	0	-4.52659e-06	0
0.558256	0.33802	141	0	0.00463584	0.16604	0.0705	0	0.0340923	0	-4.47488e-06	0
0.558256	0.33802	142	0	0.00463584	0.16604	0.071	0	0.0340775	0	-4.42331e-06	0
0.558256	0.33802	143	0	0.00463584	0.16604	0.0715	0	0.0340611	0	-4.3719e-06	0
0.558256	0.33802	144	0	0.00463584	0.16604	0.072	0	0.0340432	0	-4.32063e-06	0
0.558256	0.33802	145	0	0.00463584	0.16604	0.0725	0	0.0340239	0	-4.26952e-06	0
0.558256	0.33802	146	0	0.00463584	0.16604	0.073	0	0.034003	0	-4.21856e-06	0
0.558256	0.33802	147	0	0.00463584	0.16604	0.0735	0	0.0339807	0	-4.16776e-06	0
0.558256	0.33802	148	0	0.00463584	0.16604	0.074	0	0.033957	0	-4.11712e-06	0
0.558256	0.33802	149	0	0.00463584	0.16604	0.0745	0	0.0339317	0	-4.06663e-06	0
0.558256	0.33802	150	0	0.00463584	0.16604	0.075	0	0.0339051	0	-4.0163e-06	0
0.558256	0.33802	151	0	0.00463584	0.16604	0.0755	0	0.033877	0	-3.96613e-06	0
0.558256	0.33802	152	0	0.00463584	0.16604	0.076	0	0.0338476	0	-3.91612e-06	0
0.558256	0.33802	153	0	0.00463584	0.16604	0.0765	0	0.0338167	0	-3.86627e-06	0
0.558256	0.33802	154	0	0.00463584	0.16604	0.077	0	0.0337844	0	-3.81658e-06	0
0.558256	0.33802	155	0	0.00463584	0.16604	0.0775	0	0.0337507	0	-3.76704e-06	0
0.558256	0.33802	156	0	0.00463584	0.16604	0.078	0	0.0337157	0	-3.71767e-06	0
0.558256	0.33802	157	0	0.00463584	0.16604	0.0785	0	0.0336793	0	-3.66846e-06	0
0.558256	0.33802	158	0	0.00463584	0.16604	0.079	0	0.0336415	0	-3.61941e-06	0
0.558256	0.33802	159	0	0.00463584	0.16604	0.0795	0	0.0336025	0	-3.57053e-06	0
0.558256	0.33802	160	0	0.00463584	0.16604	0.08	0	0.033562	0	-3.5218e-06	0
0.558256	0.33802	161	0	0.00463584	0.16604	0.0805	0	0.0335203	0	-3.47323e-06	0
0.558256	0.33802	162	0	0.00463584	0.16604	0.081	0	0.0334772	0	-3.42483e-06	0
0.558256	0.33802	163	0	0.00463584	0.16604	0.0815	0	0.0334329	0	-3.37658e-06	0
0.558256	0.33802	164	0	0.00463584	0.16604	0.082	0	0.0333872	0	-3.32849e-06	0
0.558256	0.33802	165	0	0.00463584	0.16604	0.0825	0	0.0333403	0	-3.28057e-06	0
0.558256	0.33802	166	0	0.00463584	0.16604	0.083	0	0.0332921	0	-3.2328e-06	0
0.558256	0.33802	167	0	0.00463584	0.16604	0.0835	0	0.0332427	0	-3.18519e-06	0
0.558256	0.33802	168	0	0.00463584	0.16604	0.084	0	0.0331919	0	-3.13774e-06	0
0.558256	0.33802	169	0	0.00463584	0.16604	0.0845	0	0.03314	0	-3.09044e-06	0
0.558256	0.33802	170	0	0.00463584	0.16604	0.085	0	0.0330868	0	-3.04331e-06	0
0.558256	0.33802	171	0	0.00463584	0.16604	0.0855	0	0.0330324	0	-2.99632e-06	0
0.558256	0.33802	172	0	0.00463584	0.16604	0.086	0	0.0329767	0	-2.9495e-06	0
0.558256	0.33802	173	0	0.00463584	0.16604	0.0865	0	0.0329199	0	-2.90283e-06	0
0.558256	0.33802	174	0	0.00463584	0.16604	0.087	0	0.0328619	0	-2.85631e-06	0
0.558256	0.33802	175	0	0.00463584	0.16604	0.0875	0	0.0328027	0	-2.80995e-06	0
0.558256	0.33802	176	0	0.00463584	0.16604	0.088	0	0.0327423	0	-2.76374e-06	0
0.558256	0.33802	177	0	0.00463584	0.16604	0.0885	0	0.0326807	0	-2.71768e-06	0
0.558256	0.33802	178	0	0.00463584	0.16604	0.089	0	0.032618	0	-2.67177e-06	0
0.558256	0.33802	179	0	0.00463584	0.16604	0.0895	0	0.0325541	0	-2.62601e-06	0
0.558256	0.33802	180	0	0.00463584	0.16604	0.09	0	0.0324891	0	-2.5804e-06	0
0.558256	0.33802	181	0	0.00463584	0.16604	0.0905	0	0.0324229	0	-2.53493e-06	0
0.558256	0.33802	182	0	0.00463584	0.16604	0.091	0	0.0323557	0	-2.48962e-06	0
0.558256	0.33802	183	0	0.00463584	0.16604	0.0915	0	0.0322873	0	-2.44445e-06	0
0.558256	0.33802	184	0	0.00463584	0.16604	0.092	0	0.0322178	0	-2.39942e-06	0
0.558256	0.33802	185	0	0.00463584	0.16604	0.0925	0	0.0321472	0	-2.35454e-06	0
0.558256	0.33802	186	0	0.00463584	0.16604	0.093	0	0.0320755	0	-2.3098e-06	0
0.558256	0.33802	187	0	0.00463584	0.16604	0.0935	0	0.0320027	0	-2.2652e-06	0
0.558256	0.33802	188	0	0.00463584	0.16604	0.094	0	0.0319289	0	-2.22074e-06	0
0.558256	0.33802	189	0	0.00463584	0.16604	0.0945	0	0.0318539	0	-2.17642e-06	0
0.558256	0.33802	190	0	0.00463584	0.16604	0.095	0	0.031778	0	-2.13223e-06	0
0.558256	0.33802	191	0	0.00463584	0.16604	0.0955	0	0.031701	0	-2.08819e-06	0
0.558256	0.33802	192	0	0.00463584	0.16604	0.096	0	0.0316229	0	-2.04427e-06	0
0.558256	0.33802	193	0	0.00463584	0.16604	0.0965	0	0.0315438	0	-2.0005e-06	0
0.558256	0.33802	194	0	0.00463584	0.16604	0.097	0	0.0314637	0	-1.95685e-06	0
0.558256	0.33802	195	0	0.00463584	0.16604	0.0975	0	0.0313825	0	-1.91334e-06	0
0.558256	0.33802	196	0	0.00463584	0.16604	0.098	0	0.0313004	0	-1.86996e-06	0
0.558256	0.33802	197	0	0.00463584	0.16604	0.0985	0	0.0312173	0	-1.8267e-06	0
0.558256	0.33802	198	0	0.00463584	0.16604	0.099	0	0.0311331	0	-1.78358e-06	0
0.558256	0.33802	199	0	0.00463584	0.16604	0.0995	0	0.031048	0	-1.74057e-06	0
0.558256	0.33802	200	0	0.00463584	0.16604	0.1	0	0.0309619	0	-1.6977e-06	0
0.558256	0.33802	201	0	0.00463584	0.16604	0.1005	0	0.0308748	0	-1.65495e-06	0
0.558256	0.33802	202	0	0.00463584	0.16604	0.101	0	0.0307868	0	-1.61232e-06	0
0.558256	0.33802	203	0	0.00463584	0.16604	0.1015	0	0.0306978	0	-1.56981e-06	0
0.558256	0.33802	204	0	0.00463584	0.16604	0.102	0	0.0306078	0	-1.52741e-06	0
0.558256	0.33802	205	0	0.00463584	0.16604	0.1025	0	0.0305169	0	-1.48514e-06	0
0.558256	0.33802	206	0	0.00463584	0.16604	0.103	0	0.0304251	0	-1.44298e-06	0
0.558256	0.33802	207	0	0.00463584	0.16604	0.1035	0	0.0303324	0	-1.40094e-06	0
0.558256	0.33802	208	0	0.00463584	0.16604	0.104	0	0.0302387	0	-1.35901e-06	0
0.558256	0.33802	209	0	0.00463584	0.16604	0.1045	0	0.0301441	0	-1.3172e-06	0
0.558256	0.33802	210	0	0.00463584	0.16604	0.105	0	0.0300486	0	-1.27549e-06	0
0.558256	0.33802	211	0	0.00463584	0.16604	0.1055	0	0.0299522	0	-1.23389e-06	0
0.558256	0.33802	212	0	0.00463584	0.16604	0.106	0	0.029855	0	-1.1924e-06	0
0.558256	0.33802	213	0	0.00463584	0.16604	0.1065	0	0.0297568	0	-1.15101e-06	0
0.558256	0.33802	214	0	0.00463584	0.16604	0.107	0	0.0296578	0	-1.10973e-06	0
0.558256	0.33802	215	0	0.00463584	0.16604	0.1075	0	0.0295578	0	-1.06855e-06	0
0.558256	0.33802	216	0	0.00463584	0.16604	0.108	0	0.0294571	0	-1.02747e-06	0
0.558256	0.33802	217	0	0.00463584	0.16604	0.1085	0	0.0293554	0	-9.86488e-07	0
0.558256	0.33802	218	0	0.00463584	0.16604	0.109	0	0.0292529	0	-9.45604e-07	0
0.558256	0.33802	219	0	0.00463584	0.16604	0.1095	0	0.0291496	0	-9.04816e-07	0
0.558256	0.33802	220	0	0.00463584	0.16604	0.11	0	0.0290454	0	-8.64123e-07	0
0.558256	0.33802	221	0	0.00463584	0.16604	0.1105	0	0.0289404	0	-8.23521e-07	0
0.558256	0.33802	222	0	0.00463584	0.16604	0.111	0	0.0288346	0	-7.8301e-07	0
0.558256	0.33802	223	0	0.00463584	0.16604	0.1115	0	0.0287279	0	-7.42587e-07	0
0.558256	0.33802	224	0	0.00463584	0.16604	0.112	0	0.0286205	0	-7.02251e-07	0
0.558256	0.33802	225	0	0.00463584	0.16604	0.1125	0	0.0285122	0	-6.62001e-07	0
0.558256	0.33802	226	0	0.00463584	0.16604	0.113	0	0.0284031	0	-6.21834e-07	0
0.558256	0.33802	227	0	0.00463584	0.16604	0.1135	0	0.0282933	0	-5.81748e-07	0
0.558256	0.33802	228	0	0.00463584	0.16604	0.114	0	0.0281826	0	-5.41741e-07	0
0.558256	0.33802	229	0	0.00463584	0.16604	0.1145	0	0.0280712	0	-5.01813e-07	0
0.558256	0.33802	230	0	0.00463584	0.16604	0.115	0	0.0279589	0	-4.6196e-07	0
0.558256	0.33802	231	0	0.00463584	0.16604	0.1155	0	0.027846	0	-4.22181e-07	0
0.558256	0.33802	232	0	0.00463584	0.16604	0.116	0	0.0277322	0	-3.82474e-07	0
0.558256	0.33802	233	0	0.00463584	0.16604	0.1165	0	0.0276177	0	-3.42837e-07	0
0.558256	0.33802	234	0	0.00463584	0.16604	0.117	0	0.0275024	0	-3.03268e-07	0
0.558256	0.33802	235	0	0.00463584	0.16604	0.1175	0	0.0273864	0	-2.63765e-07	0
0.558256	0.33802	236	0	0.00463584	0.16604	0.118	0	0.0272696	0	-2.24326e-07	0
0.558256	0.33802	237	0	0.00463584	0.16604	0.1185	0	0.0271521	0	-1.84948e-07	0
0.558256	0.33802	238	0	0.00463584	0.16604	0.119	0	0.0270339	0	-1.4563e-07	0
0.558256	0.33802	239	0	0.00463584	0.16604	0.1195	0	0.026915	0	-1.0637e-07	0
0.558256	0.33802	240	0	0.00463584	0.16604	0.12	0	0.0267953	0	-6.71651e-08	0
0.558256	0.33802	241	0	0.00463584	0.16604	0.1205	0	0.0266749	0	-2.80133e-08	0
0.558256	0.33802	242	0	0.00463584	0.16604	0.121	0	0.0265538	0	1.10874e-08	0
0.558256	0.33802	243	0	0.00463584	0.16604	0.1215	0	0.026432	0	5.01395e-08	0
0.558256	0.33802	244	0	0.00463584	0.16604	0.122	0	0.0263095	0	8.91451e-08	0
0.558256	0.33802	245	0	0.00463584	0.16604	0.1225	0	0.0261863	0	1.28107e-07	0
0.558256	0.33802	246	0	0.00463584	0.16604	0.123	0	0.0260624	0	1.67026e-07	0
0.558256	0.33802	247	0	0.00463584	0.16604	0.1235	0	0.0259379	0	2.05907e-07	0
0.558256	0.33802	248	0	0.00463584	0.16604	0.124	0	0.0258126	0	2.4475e-07	0
0.558256	0.33802	249	0	0.00463584	0.16604	0.1245	0	0.0256867	0	2.83558e-07	0
0.558256	0.33802	250	0	0.00463584	0.16604	0.125	0	0.0255601	0	3.22332e-07	0
0.558256	0.33802	251	0	0.00463584	0.16604	0.1255	0	0.0254329	0	3.61075e-07	0
0.558256	0.33802	252	0	0.00463584	0.16604	0.126	0	0.025305	0	3.99786e-07	0
0.558256	0.33802	253	0	0.00463584	0.16604	0.1265	0	0.0251764	0	4.38467e-07	0
0.558256	0.33802	254	0	0.00463584	0.16604	0.127	0	0.0250472	0	4.77115e-07	0
0.558256	0.33802	255	0	0.00463584	0.16604	0.1275	0	0.0249174	0	5.15728e-07	0
0.558256	0.33802	256	0	0.00463584	0.16604	0.128	0	0.0247869	0	5.54304e-07	0
0.558256	0.33802	257	0	0.00463584	0.16604	0.1285	0	0.0246558	0	5.92837e-07	0
0.558256	0.33802	258	0	0.00463584	0.16604	0.129	0	0.024524	0	6.31321e-07	0
0.558256	0.33802	259	0	0.00463584	0.16604	0.1295	0	0.0243916	0	6.69749e-07	0
0.558256	0.33802	260	0	0.00463584	0.16604	0.13	0	0.0242587	0	7.08111e-07	0
0.558256	0.33802	261	0	0.00463584	0.16604	0.1305	0	0.024125	0	7.46397e-07	0
0.558256	0.33802	262	0	0.00463584	0.16604	0.131	0	0.0239908	0	7.84594e-07	0
0.558256	0.33802	263	0	0.00463584	0.16604	0.1315	0	0.023856	0	8.22691e-07	0
0.558256	0.33802	264	0	0.00463584	0.16604	0.132	0	0.0237206	0	8.60673e-07	0
0.558256	0.33802	265	0	0.00463584	0.16604	0.1325	0	0.0235845	0	8.98525e-07	0
0.558256	0.33802	266	0	0.00463584	0.16604	0.133	0	0.0234479	0	9.3623e-07	0
0.558256	0.33802	267	0	0.00463584	0.16604	0.1335	0	0.0233107	0	9.73773e-07	0
0.558256	0.33802	268	0	0.00463584	0.16604	0.134	0	0.0231729	0	1.01114e-06	0
0.558256	0.33802	269	0	0.00463584	0.16604	0.1345	0	0.0230345	0	1.0483e-06	0
0.558256	0.33802	270	0	0.00463584	0.16604	0.135	0	0.0228956	0	1.08525e-06	0
0.558256	0.33802	271	0	0.00463584	0.16604	0.1355	0	0.0227561	0	1.12197e-06	0
0.558256	0.33802	272	0	0.00463584	0.16604	0.136	0	0.022616	0	1.15843e-06	0
0.558256	0.33802	273	0	0.00463584	0.16604	0.1365	0	0.0224753	0	1.19462e-06	0
0.558256	0.33802	274	0	0.00463584	0.16604	0.137	0	0.0223341	0	1.23052e-06	0
0.558256	0.33802	275	0	0.00463584	0.16604	0.1375	0	0.0221924	0	1.26612e-06	0
0.558256	0.33802	276	0	0.00463584	0.16604	0.138	0	0.02205	0	1.30138e-06	0
0.558256	0.33802	277	0	0.00463584	0.16604	0.1385	0	0.0219072	0	1.33631e-06	0
0.558256	0.33802	278	0	0.00463584	0.16604	0.139	0	0.0217638	0	1.37087e-06	0
0.558256	0.33802	279	0	0.00463584	0.16604	0.1395	0	0.0216198	0	1.40504e-06	0
0.558256	0.33802	280	0	0.00463584	0.16604	0.14	0	0.0214754	0	1.43882e-06	0
0.558256	0.33802	281	0	0.00463584	0.16604	0.1405	0	0.0213303	0	1.47219e-06	0
0.558256	0.33802	282	0	0.00463584	0.16604	0.141	0	0.0211848	0	1.50512e-06	0
0.558256	0.33802	283	0	0.00463584	0.16604	0.1415	0	0.0210387	0	1.5376e-06	0
0.558256	0.33802	284	0	0.00463584	0.16604	0.142	0	0.0208922	0	1.56962e-06	0
0.558256	0.33802	285	0	0.00463584	0.16604	0.1425	0	0.0207451	0	1.60115e-06	0
0.558256	0.33802	286	0	0.00463584	0.16604	0.143	0	0.0205974	0	1.63219e-06	0
0.558256	0.33802	287	0	0.00463584	0.16604	0.1435	0	0.0204493	0	1.66272e-06	0
0.558256	0.33802	288	0	0.00463584	0.16604	0.144	0	0.0203007	0	1.69271e-06	0
0.558256	0.33802	289	0	0.00463584	0.16604	0.1445	0	0.0201516	0	1.72216e-06	0
0.558256	0.33802	290	0	0.00463584	0.16604	0.145	0	0.0200019	0	1.75106e-06	0
0.558256	0.33802	291	0	0.00463584	0.16604	0.1455	0	0.0198518	0	1.77938e-06	0
0.558256	0.33802	292	0	0.00463584	0.16604	0.146	0	0.0197012	0	1.80711e-06	0
0.558256	0.33802	293	0	0.00463584	0.16604	0.1465	0	0.0195501	0	1.83423e-06	0
0.558256	0.33802	294	0	0.00463584	0.16604	0.147	0	0.0193985	0	1.86074e-06	0
0.558256	0.33802	295	0	0.00463584	0.16604	0.1475	0	0.0192465	0	1.88662e-06	0
0.558256	0.33802	296	0	0.00463584	0.16604	0.148	0	0.0190939	0	1.91184e-06	0
0.558256	0.33802	297	0	0.00463584	0.16604	0.1485	0	0.0189409	0	1.93641e-06	0
0.558256	0.33802	298	0	0.00463584	0.16604	0.149	0	0.0187874	0	1.96029e-06	0
0.558256	0.33802	299	0	0.00463584	0.16604	0.1495	0	0.0186335	0	1.98348e-06	0
0.558256	0.33802	300	0	0.00463584	0.16604	0.15	0	0.018479	0	2.00597e-06	0
0.558256	0.33802	301	0	0.00463584	0.16604	0.1505	0	0.0183242	0	2.02772e-06	0
0.558256	0.33802	302	0	0.00463584	0.16604	0.151	0	0.0181688	0	2.04874e-06	0
0.558256	0.33802	303	0	0.00463584	0.16604	0.1515	0	0.018013	0	2.06899e-06	0
0.558256	0.33802	304	0	0.00463584	0.16604	0.152	0	0.0178568	0	2.08847e-06	0
0.558256	0.33802	305	0	0.00463584	0.16604	0.1525	0	0.0177001	0	2.10716e-06	0
0.558256	0.33802	306	0	0.00463584	0.16604	0.153	0	0.017543	0	2.12504e-06	0
0.558256	0.33802	307	0	0.00463584	0.16604	0.1535	0	0.0173854	0	2.14208e-06	0
0.558256	0.33802	308	0	0.00463584	0.16604	0.154	0	0.0172274	0	2.15828e-06	0
0.558256	0.33802	309	0	0.00463584	0.16604	0.1545	0	0.0170689	0	2.1736e-06	0
0.558256	0.33802	310	0	0.00463584	0.16604	0.155	0	0.0169101	0	2.18804e-06	0
0.558256	0.33802	311	0	0.00463584	0.16604	0.1555	0	0.0167508	0	2.20156e-06	0
0.558256	0.33802	312	0	0.00463584	0.16604	0.156	0	0.016591	0	2.21414e-06	0
0.558256	0.33802	313	0	0.00463584	0.16604	0.1565	0	0.0164309	0	2.22577e-06	0
0.558256	0.33802	314	0	0.00463584	0.16604	0.157	0	0.0162703	0	2.23641e-06	0
0.558256	0.33802	315	0	0.00463584	0.16604	0.1575	0	0.0161093	0	2.24604e-06	0
0.558256	0.33802	316	0	0.00463584	0.16604	0.158	0	0.0159479	0	2.25463e-06	0
0.558256	0.33802	317	0	0.00463584	0.16604	0.1585	0	0.015786	0	2.26216e-06	0
0.558256	0.33802	318	0	0.00463584	0.16604	0.159	0	0.0156238	0	2.26859e-06	0
0.558256	0.33802	319	0	0.00463584	0.16604	0.1595	0	0.0154612	0	2.27389e-06	0
0.558256	0.33802	320	0	0.00463584	0.16604	0.16	0	0.0152981	0	2.27804e-06	0
0.558256	0.33802	321	0	0.00463584	0.16604	0.1605	0	0.0151347	0	2.28099e-06	0
0.558256	0.33802	322	0	0.00463584	0.16604	0.161	0	0.0149708	0	2.28272e-06	0
0.558256	0.33802	323	0	0.00463584	0.16604	0.1615	0	0.0148066	0	2.28317e-06	0
0.558256	0.33802	324	0	0.00463584	0.16604	0.162	0	0.0146419	0	2.28233e-06	0
0.558256	0.33802	325	0	0.00463584	0.16604	0.1625	0	0.0144769	0	2.28013e-06	0
0.558256	0.33802	326	0	0.00463584	0.16604	0.163	0	0.0143115	0	2.27655e-06	0
0.558256	0.33802	327	0	0.00463584	0.16604	0.1635	0	0.0141457	0	2.27154e-06	0
0.558256	0.33802	328	0	0.00463584	0.16604	0.164	0	0.0139795	0	2.26504e-06	0
0.558256	0.33802	329	0	0.00463584	0.16604	0.1645	0	0.013813	0	2.25702e-06	0
0.558256	0.33802	330	0	0.00463584	0.16604	0.165	0	0.0136461	0	2.24742e-06	0
0.558256	0.33802	331	0	0.00463584	0.16604	0.1655	0	0.0134787	0	2.23618e-06	0
0.558256	0.33802	332	0	0.00463584	0.16604	0.166	0	0.0133111	0	2.22326e-06	0
0.558256	0.33802	333	0	0.00463584	0.16604	0.1665	0	0.013143	0	2.2086e-06	0
0.558256	0.33802	334	0	0.00463584	0.16604	0.167	0	0.0129746	0	2.19213e-06	0
0.558256	0.33802	335	0	0.00463584	0.16604	0.1675	0	0.0128058	0	2.17379e-06	0
0.558256	0.33802	336	0	0.00463584	0.16604	0.168	0	0.0126367	0	2.15352e-06	0
0.558256	0.33802	337	0	0.00463584	0.16604	0.1685	0	0.0124672	0	2.13126e-06	0
0.558256	0.33802	338	0	0.00463584	0.16604	0.169	0	0.0122973	0	2.10693e-06	0
0.558256	0.33802	339	0	0.00463584	0.16604	0.1695	0	0.0121271	0	2.08047e-06	0
0.558256	0.33802	340	0	0.00463584	0.16604	0.17	0	0.0119565	0	2.05181e-06	0
0.558256	0.33802	341	0	0.00463584	0.16604	0.1705	0	0.0117856	0	2.02086e-06	0
0.558256	0.33802	342	0	0.00463584	0.16604	0.171	0	0.0116144	0	1.98757e-06	0
0.558256	0.33802	343	0	0.00463584	0.16604	0.1715	0	0.0114427	0	1.95185e-06	0
0.558256	0.33802	344	0	0.00463584	0.16604	0.172	0	0.0112708	0	1.91364e-06	0
0.558256	0.33802	345	0	0.00463584	0.16604	0.1725	0	0.0110985	0	1.87286e-06	0
0.558256	0.33802	346	0	0.00463584	0.16604	0.173	0	0.0109259	0	1.82944e-06	0
0.558256	0.33802	347	0	0.00463584	0.16604	0.1735	0	0.0107529	0	1.78332e-06	0
0.558256	0.33802	348	0	0.00463584	0.16604	0.174	0	0.0105796	0	1.73442e-06	0
0.558256	0.33802	349	0	0.00463584	0.16604	0.1745	0	0.0104059	0	1.68271e-06	0
0.558256	0.33802	350	0	0.00463584	0.16604	0.175	0	0.010232	0	1.62813e-06	0
0.558256	0.33802	351	0	0.00463584	0.16604	0.1755	0	0.0100577	0	1.57065e-06	0
0.558256	0.33802	352	0	0.00463584	0.16604	0.176	0	0.00988307	0	1.51024e-06	0
0.558256	0.33802	353	0	0.00463584	0.16604	0.1765	0	0.00970812	0	1.44691e-06	0
0.558256	0.33802	354	0	0.00463584	0.16604	0.177	0	0.00953286	0	1.38067e-06	0
0.558256	0.33802	355	0	0.00463584	0.16604	0.1775	0	0.00935727	0	1.31158e-06	0
0.558256	0.33802	356	0	0.00463584	0.16604	0.178	0	0.00918137	0	1.23971e-06	0
0.558256	0.33802	357	0	0.00463584	0.16604	0.1785	0	0.00900515	0	1.1652e-06	0
0.558256	0.33802	358	0	0.00463584	0.16604	0.179	0	0.00882862	0	1.08822e-06	0
0.558256	0.33802	359	0	0.00463584	0.16604	0.1795	0	0.00865178	0	1.00901e-06	0
0.558256	0.33802	360	0	0.00463584	0.16604	0.18	0	0.00847463	0	9.2787e-07	0
0.558256	0.33802	361	0	0.00463584	0.16604	0.1805	0	0.00829718	0	8.45208e-07	0
0.558256	0.33802	362	0	0.00463584	0.16604	0.181	0	0.00811941	0	7.61514e-07	0
0.558256	0.33802	363	0	0.00463584	0.16604	0.1815	0	0.00794135	0	6.77399e-07	0
0.558256	0.33802	364	0	0.00463584	0.16604	0.182	0	0.00776298	0	5.936e-07	0
0.558256	0.33802	365	0	0.00463584	0.16604	0.1825	0	0.00758432	0	5.10997e-07	0
0.558256	0.33802	366	0	0.00463584	0.16604	0.183	0	0.00740535	0	4.3062e-07	0
0.558256	0.33802	367	0	0.00463584	0.16604	0.1835	0	0.00722609	0	3.53645e-07	0
0.558256	0.33802	368	0	0.00463584	0.16604	0.184	0	0.00704654	0	2.81383e-07	0
0.558256	0.33802	369	0	0.00463584	0.16604	0.1845	0	0.0068667	0	2.15235e-07	0
0.558256	0.33802	370	0	0.00463584	0.16604	0.185	0	0.00668656	0	1.5662e-07	0
0.558256	0.33802	371	0	0.00463584	0.16604	0.1855	0	0.00650614	0	1.06845e-07	0
0.558256	0.33802	372	0	0.00463584	0.16604	0.186	0	0.00632543	0	6.69198e-08	0
0.558256	0.33802	373	0	0.00463584	0.16604	0.1865	0	0.00614444	0	3.73052e-08	0
0.558256	0.33802	374	0	0.00463584	0.16604	0.187	0	0.00596316	0	1.76408e-08	0
0.558256	0.33802	375	0	0.00463584	0.16604	0.1875	0	0.0057816	0	6.54052e-09	0
0.558256	0.33802	376	0	0.00463584	0.16604	0.188	0	0.00559977	0	1.65552e-09	0
0.558256	0.33802	377	0	0.00463584	0.16604	0.1885	0	0.00541766	0	2.18848e-10	0
0.558256	0.33802	378	0	0.00463584	0.16604	0.189	0	0.00523527	0	8.33379e-12	0
0.558256	0.33802	379	0	0.00463584	0.16604	0.1895	0	0.00505261	0	1.77233e-14	0
0.558256	0.33802	380	0	0.00463584	0.16604	0.19	0	0.00486967	0	2.3847e-21	0
0.558256	0.33802	381	0	0.00463584	0.16604	0.1905	0	0.00468647	0	4.82049e-78	0
0.558256	0.33802	382	0	0.00463584	0.16604	0.191	0	0.00450299	0	0	0
0.558256	0.33802	383	0	0.00463584	0.16604	0.1915	0	0.00431925	0	0	0
0.558256	0.33802	384	0	0.00463584	0.16604	0.192	0	0.00413524	0	0	0
0.558256	0.33802	385	0	0.00463584	0.16604	0.1925	0	0.00395097	0	0	0
0.558256	0.33802	386	0	0.00463584	0.16604	0.193	0	0.00376644	0	0	0
0.558256	0.33802	387	0	0.00463584	0.16604	0.1935	0	0.00358165	0	0	0
0.558256	0.33802	388	0	0.00463584	0.16604	0.194	0	0.0033966	0	0	0
0.558256	0.33802	389	0	0.00463584	0.16604	0.1945	0	0.00321129	0	0	0
0.558256	0.33802	390	0	0.00463584	0.16604	0.195	0	0.00302572	0	0	0
0.558256	0.33802	391	0	0.00463584	0.16604	0.1955	0	0.00283991	0	0	0
0.558256	0.33802	392	0	0.00463584	0.16604	0.196	0	0.00265383	0	0	0
0.558256	0.33802	393	0	0.00463584	0.16604	0.1965	0	0.00246751	0	0	0
0.558256	0.33802	394	0	0.00463584	0.16604	0.197	0	0.00228094	0	0	0
0.558256	0.33802	395	0	0.00463584	0.16604	0.1975	0	0.00209412	0	0	0
0.558256	0.33802	396	0	0.00463584	0.16604	0.198	0	0.00190705	0	0	0
0.558256	0.33802	397	0	0.00463584	0.16604	0.1985	0	0.00171974	0	0	0
0.558256	0.33802	398	0	0.00463584	0.16604	0.199	0	0.00153219	0	0	0
0.558256	0.33802	399	0	0.00463584	0.16604	0.1995	0	0.00134439	0	0	0
0.558256	0.33802	400	0	0.00463584	0.16604	0.2	0	0.00115635	0	0	0
0.558256	0.33802	401	0	0.00463584	0.16604	0.2005	0	0.000968077	0	0	0
0.558256	0.33802	402	0	0.00463584	0.16604	0.201	0	0.000779563	0	0	0
0.558256	0.33802	403	0	0.00463584	0.16604	0.2015	0	0.000590813	0	0	0
0.558256	0.33802	404	0	0.00463584	0.16604	0.202	0	0.000401828	0	0	0
0.558256	0.33802	405	0	0.00463584	0.16604	0.2025	0	0.00021261	0	0	0
0.558256	0.33802	406	0	0.00463584	0.16604	0.203	0	2.31595e-05	0	0	0
0.558256	0.33802	407	0	0.00463584	0.16604	0.2035	0	-0.000166521	0	0	0
0.558256	0.33802	408	0	0.00463584	0.16604	0.204	0	-0.000356431	0	0	0
0.558256	0.33802	409	0	0.00463584	0.16604	0.2045	0	-0.000546569	0	0	0
0.558256	0.33802	410	0	0.00463584	0.16604	0.205	0	-0.000736933	0	0	0
0.558256	0.33802	411	0	0.00463584	0.16604	0.2055	0	-0.000927522	0	0	0
0.558256	0.33802	412	0	0.00463584	0.16604	0.206	0	-0.00111834	0	0	0
0.558256	0.33802	413	0	0.00463584	0.16604	0.2065	0	-0.00130937	0	0	0
0.558256	0.33802	414	0	0.00463584	0.16604	0.207	0	-0.00150063	0	0	0
0.558256	0.33802	415	0	0.00463584	0.16604	0.2075	0	-0.0016921	0	0	0
0.558256	0.33802	416	0	0.00463584	0.16604	0.208	0	-0.0018838	0	0	0
0.558256	0.33802	417	0	0.00463584	0.16604	0.2085	0	-0.00207571	0	0	0
0.558256	0.33802	418	0	0.00463584	0.16604	0.209	0	-0.00226784	0	0	0
0.558256	0.33802	419	0	0.00463584	0.16604	0.2095	0	-0.00246018	0	0	0
0.558256	0.33802	420	0	0.00463584	0.16604	0.21	0	-0.00265274	0	0	0
0.558256	0.33802	421	0	0.00463584	0.16604	0.2105	0	-0.0028455	0	0	0
0.558256	0.33802	422	0	0.00463584	0.16604	0.211	0	-0.00303848	0	0	0
0.558256	0.33802	423	0	0.00463584	0.16604	0.2115	0	-0.00323167	0	0	0
0.558256	0.33802	424	0	0.00463584	0.16604	0.212	0	-0.00342507	0	0	0
0.558256	0.33802	425	0	0.00463584	0.16604	0.2125	0	-0.00361867	0	0	0
0.558256	0.33802	426	0	0.00463584	0.16604	0.213	0	-0.00381248	0	0	0
0.558256	0.33802	427	0	0.00463584	0.16604	0.2135	0	-0.0040065	0	0	0
0.558256	0.33802	428	0	0.00463584	0.16604	0.214	0	-0.00420072	0	0	0
0.558256	0.33802	429	0	0.00463584	0.16604	0.2145	0	-0.00439514	0	0	0
0.558256	0.33802	430	0	0.00463584	0.16604	0.215	0	-0.00458976	0	0	0
0.558256	0.33802	431	0	0.00463584	0.16604	0.2155	0	-0.00478458	0	0	0
0.558256	0.33802	432	0	0.00463584	0.16604	0.216	0	-0.0049796	0	0	0
0.558256	0.33802	433	0	0.00463584	0.16604	0.2165	0	-0.00517482	0	0	0
0.558256	0.33802	434	0	0.00463584	0.16604	0.217	0	-0.00537024	0	0	0
0.558256	0.33802	435	0	0.00463584	0.16604	0.2175	0	-0.00556585	0	0	0
0.558256	0.33802	436	0	0.00463584	0.16604	0.218	0	-0.00576165	0	0	0
0.558256	0.33802	437	0	0.00463584	0.16604	0.2185	0	-0.00595765	0	0	0
0.558256	0.33802	438	0	0.00463584	0.16604	0.219	0	-0.00615384	0	0	0
0.558256	0.33802	439	0	0.00463584	0.16604	0.2195	0	-0.00635022	0	0	0
0.558256	0.33802	440	0	0.00463584	0.16604	0.22	0	-0.0065468	0	0	0
0.558256	0.33802	441	0	0.00463584	0.16604	0.2205	0	-0.00674356	0	0	0
0.558256	0.33802	442	0	0.00463584	0.16604	0.221	0	-0.00694051	0	0	0
0.558256	0.33802	443	0	0.00463584	0.16604	0.2215	0	-0.00713764	0	0	0
0.558256	0.33802	444	0	0.00463584	0.16604	0.222	0	-0.00733496	0	0	0
0.558256	0.33802	445	0	0.00463584	0.16604	0.2225	0	-0.00753247	0	0	0
0.558256	0.33802	446	0	0.00463584	0.16604	0.223	0	-0.00773016	0	0	0
0.558256	0.33802	447	0	0.00463584	0.16604	0.2235	0	-0.00792803	0	0	0
0.558256	0.33802	448	0	0.00463584	0.16604	0.224	0	-0.00812608	0	0	0
0.558256	0.33802	449	0	0.00463584	0.16604	0.2245	0	-0.00832432	0	0	0
0.558256	0.33802	450	0	0.00463584	0.16604	0.225	0	-0.00852273	0	0	0
0.558256	0.33802	451	0	0.00463584	0.16604	0.2255	0	-0.00872132	0	0	0
0.558256	0.33802	452	0	0.00463584	0.16604	0.226	0	-0.00892009	0	0	0
0.558256	0.33802	453	0	0.00463584	0.16604	0.2265	0	-0.00911904	0	0	0
0.558256	0.33802	454	0	0.00463584	0.16604	0.227	0	-0.00931816	0	0	0
0.558256	0.33802	455	0	0.00463584	0.16604	0.2275	0	-0.00951745	0	0	0
0.558256	0.33802	456	0	0.00463584	0.16604	0.228	0	-0.00971692	0	0	0
0.558256	0.33802	457	0	0.00463584	0.16604	0.2285	0	-0.00991657	0	0	0
0.558256	0.33802	458	0	0.00463584	0.16604	0.229	0	-0.0101164	0	0	0
0.558256	0.33802	459	0	0.00463584	0.16604	0.2295	0	-0.0103164	0	0	0
0.558256	0.33802	460	0	0.00463584	0.16604	0.23	0	-0.0105165	0	0	0
0.558256	0.33802	461	0	0.00463584	0.16604	0.2305	0	-0.0107168	0	0	0
0.558256	0.33802	462	0	0.00463584	0.16604	0.231	0	-0.0109173	0	0	0
0.558256	0.33802	463	0	0.00463584	0.16604	0.2315	0	-0.011118	0	0	0
0.558256	0.33802	464	0	0.00463584	0.16604	0.232	0	-0.0113188	0	0	0
0.558256	0.33802	465	0	0.00463584	0.16604	0.2325	0	-0.0115198	0	0	0
0.558256	0.33802	466	0	0.00463584	0.16604	0.233	0	-0.011721	0	0	0
0.558256	0.33802	467	0	0.00463584	0.16604	0.2335	0	-0.0119223	0	0	0
0.558256	0.33802	468	0	0.00463584	0.16604	0.234	0	-0.0121238	0	0	0
0.558256	0.33802	469	0	0.00463584	0.16604	0.2345	0	-0.0123254	0	0	0
0.558256	0.33802	470	0	0.00463584	0.16604	0.235	0	-0.0125272	0	0	0
0.558256	0.33802	471	0	0.00463584	0.16604	0.2355	0	-0.0127292	0	0	0
0.558256	0.33802	472	0	0.00463584	0.16604	0.236	0	-0.0129313	0	0	0
0.558256	0.33802	473	0	0.00463584	0.16604	0.2365	0	-0.0131336	0	0	0
0.558256	0.33802	474	0	0.00463584	0.16604	0.237	0	-0.013336	0	0	0
0.558256	0.33802	475	0	0.00463584	0.16604	0.2375	0	-0.0135386	0	0	0
0.558256	0.33802	476	0	0.00463584	0.16604	0.238	0	-0.0137413	0	0	0
0.558256	0.33802	477	0	0.00463584	0.16604	0.2385	0	-0.0139442	0	0	0
0.558256	0.33802	478	0	0.00463584	0.16604	0.239	0	-0.0141473	0	0	0
0.558256	0.33802	479	0	0.00463584	0.16604	0.2395	0	-0.0143505	0	0	0
0.558256	0.33802	480	0	0.00463584	0.16604	0.24	0	-0.0145538	0	0	0
0.558256	0.33802	481	0	0.00463584	0.16604	0.2405	0	-0.0147574	0	0	0
0.558256	0.33802	482	0	0.00463584	0.16604	0.241	0	-0.014961	0	0	0
0.558256	0.33802	483	0	0.00463584	0.16604	0.2415	0	-0.0151648	0	0	0
0.558256	0.33802	484	0	0.00463584	0.16604	0.242	0	-0.0153688	0	0	0
0.558256	0.33802	485	0	0.00463584	0.16604	0.2425	0	-0.0155729	0	0	0
0.558256	0.33802	486	0	0.00463584	0.16604	0.243	0	-0.0157772	0	0	0
0.558256	0.33802	487	0	0.00463584	0.16604	0.2435	0	-0.0159816	0	0	0
0.558256	0.33802	488	0	0.00463584	0.16604	0.244	0	-0.0161861	0	0	0
0.558256	0.33802	489	0	0.00463584	0.16604	0.2445	0	-0.0163908	0	0	0
0.558256	0.33802	490	0	0.00463584	0.16604	0.245	0	-0.0165956	0	0	0
0.558256	0.33802	491	0	0.00463584	0.16604	0.2455	0	-0.0168006	0	0	0
0.558256	0.33802	492	0	0.00463584	0.16604	0.246	0	-0.0170058	0	0	0
0.558256	0.33802	493	0	0.00463584	0.16604	0.2465	0	-0.017211	0	0	0
0.558256	0.33802	494	0	0.00463584	0.16604	0.247	0	-0.0174164	0	0	0
0.558256	0.33802	495	0	0.00463584	0.16604	0.2475	0	-0.017622	0	0	0
0.558256	0.33802	496	0	0.00463584	0.16604	0.248	0	-0.0178277	0	0	0
0.558256	0.33802	497	0	0.00463584	0.16604	0.2485	0	-0.0180335	0	0	0
0.558256	0.33802	498	0	0.00463584	0.16604	0.249	0	-0.0182395	0	0	0
0.558256	0.33802	499	0	0.00463584	0.16604	0.2495	0	-0.0184456	0	0	0
0.558256	0.33802	500	0	0.00463584	0.16604	0.25	0	-0.0186518	0	0	0
0.558256	0.33802	501	0	0.00463584	0.16604	0.2505	0	-0.0188582	0	0	0
0.558256	0.33802	502	0	0.00463584	0.16604	0.251	0	-0.0190647	0	0	0
0.558256	0.33802	503	0	0.00463584	0.16604	0.2515	0	-0.0192713	0	0	0
0.558256	0.33802	504	0	0.00463584	0.16604	0.252	0	-0.0194781	0	0	0
0.558256	0.33802	505	0	0.00463584	0.16604	0.2525	0	-0.019685	0	0	0
0.558256	0.33802	506	0	0.00463584	0.16604	0.253	0	-0.0198921	0	0	0
0.558256	0.33802	507	0	0.00463584	0.16604	0.2535	0	-0.0200993	0	0	0
0.558256	0.33802	508	0	0.00463584	0.16604	0.254	0	-0.0203066	0	0	0
0.558256	0.33802	509	0	0.00463584	0.16604	0.2545	0	-0.020514	0	0	0
0.558256	0.33802	510	0	0.00463584	0.16604	0.255	0	-0.0207216	0	0	0
0.558256	0.33802	511	0	0.00463584	0.16604	0.2555	0	-0.0209293	0	0	0
0.558256	0.33802	512	0	0.00463584	0.16604	0.256	0	-0.0211371	0	0	0
0.558256	0.33802	513	0	0.00463584	0.16604	0.2565	0	-0.0213451	0	0	0
0.558256	0.33802	514	0	0.00463584	0.16604	0.257	0	-0.0215531	0	0	0
0.558256	0.33802	515	0	0.00463584	0.16604	0.2575	0	-0.0217613	0	0	0
0.558256	0.33802	516	0	0.00463584	0.16604	0.258	0	-0.0219697	0	0	0
0.558256	0.33802	517	0	0.00463584	0.16604	0.2585	0	-0.0221781	0	0	0
0.558256	0.33802	518	0	0.00463584	0.16604	0.259	0	-0.0223867	0	0	0
0.558256	0.33802	519	0	0.00463584	0.16604	0.2595	0	-0.0225954	0	0	0
0.558256	0.33802	520	0	0.00463584	0.16604	0.26	0	-0.0228043	0	0	0
0.558256	0.33802	521	0	0.00463584	0.16604	0.2605	0	-0.0230132	0	0	0
0.558256	0.33802	522	0	0.00463584	0.16604	0.261	0	-0.0232223	0	0	0
0.558256	0.33802	523	0	0.00463584	0.16604	0.2615	0	-0.0234315	0	0	0
0.558256	0.33802	524	0	0.00463584	0.16604	0.262	0	-0.0236408	0	0	0
0.558256	0.33802	525	0	0.00463584	0.16604	0.2625	0	-0.0238503	0	0	0
0.558256	0.33802	526	0	0.00463584	0.16604	0.263	0	-0.0240598	0	0	0
0.558256	0.33802	527	0	0.00463584	0.16604	0.2635	0	-0.0242695	0	0	0
0.558256	0.33802	528	0	0.00463584	0.16604	0.264	0	-0.0244793	0	0	0
0.558256	0.33802	529	0	0.00463584	0.16604	0.2645	0	-0.0246892	0	0	0
0.558256	0.33802	530	0	0.00463584	0.16604	0.265	0	-0.0248993	0	0	0
0.558256	0.33802	531	0	0.00463584	0.16604	0.2655	0	-0.0251094	0	0	0
0.558256	0.33802	532	0	0.00463584	0.16604	0.266	0	-0.0253197	0	0	0
0.558256	0.33802	533	0	0.00463584	0.16604	0.2665	0	-0.0255301	0	0	0
0.558256	0.33802	534	0	0.00463584	0.16604	0.267	0	-0.0257406	0	0	0
0.558256	0.33802	535	0	0.00463584	0.16604	0.2675	0	-0.0259512	0	0	0
0.558256	0.33802	536	0	0.00463584	0.16604	0.268	0	-0.0261619	0	0	0
0.558256	0.33802	537	0	0.00463584	0.16604	0.2685	0	-0.0263727	0	0	0
0.558256	0.33802	538	0	0.00463584	0.16604	0.269	0	-0.0265837	0	0	0
0.558256	0.33802	539	0	0.00463584	0.16604	0.2695	0	-0.0267948	0	0	0
0.558256	0.33802	540	0	0.00463584	0.16604	0.27	0	-0.0270059	0	0	0
0.558256	0.33802	541	0	0.00463584	0.16604	0.2705	0	-0.0272172	0	0	0
0.558256	0.33802	542	0	0.00463584	0.16604	0.271	0	-0.0274286	0	0	0
0.558256	0.33802	543	0	0.00463584	0.16604	0.2715	0	-0.0276401	0	0	0
0.558256	0.33802	544	0	0.00463584	0.16604	0.272	0	-0.0278518	0	0	0
0.558256	0.33802	545	0	0.00463584	0.16604	0.2725	0	-0.0280635	0	0	0
0.558256	0.33802	546	0	0.00463584	0.16604	0.273	0	-0.0282753	0	0	0
0.558256	0.33802	547	0	0.00463584	0.16604	0.2735	0	-0.0284873	0	0	0
0.558256	0.33802	548	0	0.00463584	0.16604	0.274	0	-0.0286993	0	0	0
0.558256	0.33802	549	0	0.00463584	0.16604	0.2745	0	-0.0289115	0	0	0
0.558256	0.33802	550	0	0.00463584	0.16604	0.275	0	-0.0291237	0	0	0
0.558256	0.33802	551	0	0.00463584	0.16604	0.2755	0	-0.0293361	0	0	0
0.558256	0.33802	552	0	0.00463584	0.16604	0.276	0	-0.0295486	0	0	0
0.558256	0.33802	553	0	0.00463584	0.16604	0.2765	0	-0.0297612	0	0	0
0.558256	0.33802	554	0	0.00463584	0.16604	0.277	0	-0.0299739	0	0	0
0.558256	0.33802	555	0	0.00463584	0.16604	0.2775	0	-0.0301866	0	0	0
0.558256	0.33802	556	0	0.00463584	0.16604	0.278	0	-0.0303995	0	0	0
0.558256	0.33802	557	0	0.00463584	0.16604	0.2785	0	-0.0306125	0	0	0
0.558256	0.33802	558	0	0.00463584	0.16604	0.279	0	-0.0308256	0	0	0
0.558256	0.33802	559	0	0.00463584	0.16604	0.2795	0	-0.0310388	0	0	0
0.558256	0.33802	560	0	0.00463584	0.16604	0.28	0	-0.0312521	0	0	0
0.558256	0.33802	561	0	0.00463584	0.16604	0.2805	0	-0.0314655	0	0	0
0.558256	0.33802	562	0	0.00463584	0.16604	0.281	0	-0.031679	0	0	0
0.558256	0.33802	563	0	0.00463584	0.16604	0.2815	0	-0.0318926	0	0	0
0.558256	0.33802	564	0	0.00463584	0.16604	0.282	0	-0.0321063	0	0	0
0.558256	0.33802	565	0	0.00463584	0.16604	0.2825	0	-0.0323201	0	0	0
0.558256	0.33802	566	0	0.00463584	0.16604	0.283	0	-0.032534	0	0	0
0.558256	0.33802	567	0	0.00463584	0.16604	0.2835	0	-0.032748	0	0	0
0.558256	0.33802	568	0	0.00463584	0.16604	0.284	0	-0.0329621	0	0	0
0.558256	0.33802	569	0	0.00463584	0.16604	0.2845	0	-0.0331763	0	0	0
0.558256	0.33802	570	0	0.00463584	0.16604	0.285	0	-0.0333906	0	0	0
0.558256	0.33802	571	0	0.00463584	0.16604	0.2855	0	-0.033605	0	0	0
0.558256	0.33802	572	0	0.00463584	0.16604	0.286	0	-0.0338195	0	0	0
0.558256	0.33802	573	0	0.00463584	0.16604	0.2865	0	-0.0340341	0	0	0
0.558256	0.33802	574	0	0.00463584	0.16604	0.287	0	-0.0342487	0	0	0
0.558256	0.33802	575	0	0.00463584	0.16604	0.2875	0	-0.0344635	0	0	0
0.558256	0.33802	576	0	0.00463584	0.16604	0.288	0	-0.0346783	0	0	0
0.558256	0.33802	577	0	0.00463584	0.16604	0.2885	0	-0.0348933	0	0	0
0.558256	0.33802	578	0	0.00463584	0.16604	0.289	0	-0.0351083	0	0	0
0.558256	0.33802	579	0	0.00463584	0.16604	0.2895	0	-0.0353235	0	0	0
0.558256	0.33802	580	0	0.00463584	0.16604	0.29	0	-0.0355387	0	0	0
0.558256	0.33802	581	0	0.00463584	0.16604	0.2905	0	-0.035754	0	0	0
0.558256	0.33802	582	0	0.00463584	0.16604	0.291	0	-0.0359695	0	0	0
0.558256	0.33802	583	0	0.00463584	0.16604	0.2915	0	-0.036185	0	0	0
0.558256	0.33802	584	0	0.00463584	0.16604	0.292	0	-0.0364006	0	0	0
0.558256	0.33802	585	0	0.00463584	0.16604	0.2925	0	-0.0366162	0	0	0
0.558256	0.33802	586	0	0.00463584	0.16604	0.293	0	-0.036832	0	0	0
0.558256	0.33802	587	0	0.00463584	0.16604	0.2935	0	-0.0370479	0	0	0
0.558256	0.33802	588	0	0.00463584	0.16604	0.294	0	-0.0372638	0	0	0
0.558256	0.33802	589	0	0.00463584	0.16604	0.2945	0	-0.0374799	0	0	0
0.558256	0.33802	590	0	0.00463584	0.16604	0.295	0	-0.037696	0	0	0
0.558256	0.33802	591	0	0.00463584	0.16604	0.2955	0	-0.0379122	0	0	0
0.558256	0.33802	592	0	0.00463584	0.16604	0.296	0	-0.0381285	0	0	0
0.558256	0.33802	593	0	0.00463584	0.16604	0.2965	0	-0.0383449	0	0	0
0.558256	0.33802	594	0	0.00463584	0.16604	0.297	0	-0.0385614	0	0	0
0.558256	0.33802	595	0	0.00463584	0.16604	0.2975	0	-0.038778	0	0	0
0.558256	0.33802	596	0	0.00463584	0.16604	0.298	0	-0.0389946	0	0	0
0.558256	0.33802	597	0	0.00463584	0.16604	0.2985	0	-0.0392114	0	0	0
0.558256	0.33802	598	0	0.00463584	0.16604	0.299	0	-0.0394282	0	0	0
0.558256	0.33802	599	0	0.00463584	0.16604	0.2995	0	-0.0396451	0	0	0
0.558256	0.33802	600	0	0.00463584	0.16604	0.3	0	-0.0398621	0	0	0
0.558256	0.33802	601	0	0.00463584	0.16604	0.3005	0	-0.0400791	0	0	0
0.558256	0.33802	602	0	0.00463584	0.16604	0.301	0	-0.0402963	0	0	0
0.558256	0.33802	603	0	0.00463584	0.16604	0.3015	0	-0.0405135	0	0	0
0.558256	0.33802	604	0	0.00463584	0.16604	0.302	0	-0.0407309	0	0	0
0.558256	0.33802	605	0	0.00463584	0.16604	0.3025	0	-0.0409483	0	0	0
0.558256	0.33802	606	0	0.00463584	0.16604	0.303	0	-0.0411657	0	0	0
0.558256	0.33802	607	0	0.00463584	0.16604	0.3035	0	-0.0413833	0	0	0
0.558256	0.33802	608	0	0.00463584	0.16604	0.304	0	-0.041601	0	0	0
0.558256	0.33802	609	0	0.00463584	0.16604	0.3045	0	-0.0418187	0	0	0
0.558256	0.33802	610	0	0.00463584	0.16604	0.305	0	-0.0420365	0	0	0
0.558256	0.33802	611	0	0.00463584	0.16604	0.3055	0	-0.0422544	0	0	0
0.558256	0.33802	612	0	0.00463584	0.16604	0.306	0	-0.0424724	0	0	0
0.558256	0.33802	613	0	0.00463584	0.16604	0.3065	0	-0.0426904	0	0	0
0.558256	0.33802	614	0	0.00463584	0.16604	0.307	0	-0.0429085	0	0	0
0.558256	0.33802	615	0	0.00463584	0.16604	0.3075	0	-0.0431267	0	0	0
0.558256	0.33802	616	0	0.00463584	0.16604	0.308	0	-0.043345	0	0	0
0.558256	0.33802	617	0	0.00463584	0.16604	0.3085	0	-0.0435634	0	0	0
0.558256	0.33802	618	0	0.00463584	0.16604	0.309	0	-0.0437818	0	0	0
0.558256	0.33802	619	0	0.00463584	0.16604	0.3095	0	-0.0440004	0	0	0
0.558256	0.33802	620	0	0.00463584	0.16604	0.31	0	-0.0442189	0	0	0
0.558256	0.33802	621	0	0.00463584	0.16604	0.3105	0	-0.0444376	0	0	0
0.558256	0.33802	622	0	0.00463584	0.16604	0.311	0	-0.0446564	0	0	0
0.558256	0.33802	623	0	0.00463584	0.16604	0.3115	0	-0.0448752	0	0	0
0.558256	0.33802	624	0	0.00463584	0.16604	0.312	0	-0.0450941	0	0	0
0.558256	0.33802	625	0	0.00463584	0.16604	0.3125	0	-0.0453131	0	0	0
0.558256	0.33802	626	0	0.00463584	0.16604	0.313	0	-0.0455321	0	0	0
0.558256	0.33802	627	0	0.00463584	0.16604	0.3135	0	-0.0457512	0	0	0
0.558256	0.33802	628	0	0.00463584	0.16604	0.314	0	-0.0459704	0	0	0
0.558256	0.33802	629	1	0.00463584	0.16604	0.3145	0	-0.0461897	0	0	0
0.558256	0.33802	630	1	0.00463584	0.16604	0.315	0	-0.0464091	0	0	0
0.558256	0.33802	631	1	0.00463584	0.16604	0.3155	0	-0.0466285	0	0	0
0.558256	0.33802	632	1	0.00463584	0.16604	0.316	0	-0.046848	0	0	0
0.558256	0.33802	633	1	0.00463584	0.16604	0.3165	0	-0.0470675	0	0	0
0.558256	0.33802	634	1	0.00463584	0.16604	0.317	0	-0.0472872	0	0	0
0.558256	0.33802	635	1	0.00463584	0.16604	0.3175	0	-0.0475069	0	0	0
0.558256	0.33802	636	1	0.00463584	0.16604	0.318	0	-0.0477267	0	0	0
0.558256	0.33802	637	1	0.00463584	0.16604	0.3185	0	-0.0479465	0	0	0
0.558256	0.33802	638	1	0.00463584	0.16604	0.319	0	-0.0481664	0	0	0
0.558256	0.33802	639	1	0.00463584	0.16604	0.3195	0	-0.0483864	0	0	0
0.558256	0.33802	640	1	0.00463584	0.16604	0.32	0	-0.0486065	0	0	0
0.558256	0.33802	641	1	0.00463584	0.16604	0.3205	0	-0.0488266	0	0	0
0.558256	0.33802	642	1	0.00463584	0.16604	0.321	0	-0.0490468	0	0	0
0.558256	0.33802	643	1	0.00463584	0.16604	0.3215	0	-0.0492671	0	0	0
0.558256	0.33802	644	1	0.00463584	0.16604	0.322	0	-0.0494875	0	0	0
0.558256	0.33802	645	1	0.00463584	0.16604	0.3225	0	-0.0497079	0	0	0
0.558256	0.33802	646	1	0.00463584	0.16604	0.323	0	-0.0499284	0	0	0
0.558256	0.33802	647	1	0.00463584	0.16604	0.3235	0	-0.0501489	0	0	0
0.558256	0.33802	648	1	0.00463584	0.16604	0.324	0	-0.0503695	0	0	0
0.558256	0.33802	649	1	0.00463584	0.16604	0.3245	0	-0.0505902	0	0	0
0.558256	0.33802	650	1	0.00463584	0.16604	0.325	0	-0.050811	0	0	0
0.558256	0.33802	651	1	0.00463584	0.16604	0.3255	0	-0.0510318	0	0	0
0.558256	0.33802	652	1	0.00463584	0.16604	0.326	0	-0.0512527	0	0	0
0.558256	0.33802	653	1	0.00463584	0.16604	0.3265	0	-0.0514736	0	0	0
0.558256	0.33802	654	1	0.00463584	0.16604	0.327	0	-0.0516947	0	0	0
0.558256	0.33802	655	1	0.00463584	0.16604	0.3275	0	-0.0519157	0	0	0
0.558256	0.33802	656	1	0.00463584	0.16604	0.328	0	-0.0521369	0	0	0
0.558256	0.33802	657	1	0.00463584	0.16604	0.3285	0	-0.0523581	0	0	0
0.558256	0.33802	658	1	0.00463584	0.16604	0.329	0	-0.0525794	0	0	0
0.558256	0.33802	659	1	0.00463584	0.16604	0.3295	0	-0.0528007	0	0	0
0.558256	0.33802	660	1	0.00463584	0.16604	0.33	0	-0.0530222	0	0	0
0.558256	0.33802	661	1	0.00463584	0.16604	0.3305	0	-0.0532436	0	0	0
0.558256	0.33802	662	1	0.00463584	0.16604	0.331	0	-0.0534652	0	0	0
0.558256	0.33802	663	1	0.00463584	0.16604	0.3315	0	-0.0536868	0	0	0
0.558256	0.33802	664	1	0.00463584	0.16604	0.332	0	-0.0539085	0	0	0
0.558256	0.33802	665	1	0.00463584	0.16604	0.3325	0	-0.0541302	0	0	0
0.558256	0.33802	666	1	0.00463584	0.16604	0.333	0	-0.054352	0	0	0
0.558256	0.33802	667	1	0.00463584	0.16604	0.3335	0	-0.0545739	0	0	0
0.558256	0.33802	668	1	0.00463584	0.16604	0.334	0	-0.0547958	0	0	0
0.558256	0.33802	669	1	0.00463584	0.16604	0.3345	0	-0.0550178	0	0	0
0.558256	0.33802	670	1	0.00463584	0.16604	0.335	0	-0.0552398	0	0	0
0.558256	0.33802	671	1	0.00463584	0.16604	0.3355	0	-0.0554619	0	0	0
0.558256	0.33802	672	1	0.00463584	0.16604	0.336	0	-0.0556841	0	0	0
0.558256	0.33802	673	1	0.00463584	0.16604	0.3365	0	-0.0559063	0	0	0
0.558256	0.33802	674	1	0.00463584	0.16604	0.337	0	-0.0561286	0	0	0
0.558256	0.33802	675	1	0.00463584	0.16604	0.3375	0	-0.056351	0	0	0
0.558256	0.33802	676	1	0.00463584	0.16604	0.338	0	-0.0565734	0	0	0
0.558256	0.33802	677	1	0.00463584	0.16604	0.3385	0	-0.0567959	0	0	0
0.558256	0.33802	678	1	0.00463584	0.16604	0.339	0	-0.0570184	0	0	0
0.558256	0.33802	679	1	0.00463584	0.16604	0.3395	0	-0.057241	0	0	0
0.558256	0.33802	680	1	0.00463584	0.16604	0.34	0	-0.0574636	0	0	0
0.558256	0.33802	681	1	0.00463584	0.16604	0.3405	0	-0.0576864	0	0	0
0.558256	0.33802	682	1	0.00463584	0.16604	0.341	0	-0.0579091	0	0	0
0.558256	0.33802	683	1	0.00463584	0.16604	0.3415	0	-0.058132	0	0	0
0.558256	0.33802	684	1	0.00463584	0.16604	0.342	0	-0.0583549	0	0	0
0.558256	0.33802	685	1	0.00463584	0.16604	0.3425	0	-0.0585778	0	0	0
0.558256	0.33802	686	1	0.00463584	0.16604	0.343	0	-0.0588008	0	0	0
0.558256	0.33802	687	1	0.00463584	0.16604	0.3435	0	-0.0590239	0	0	0
0.558256	0.33802	688	1	0.00463584	0.16604	0.344	0	-0.059247	0	0	0
0.558256	0.33802	689	1	0.00463584	0.16604	0.3445	0	-0.0594702	0	0	0
0.558256	0.33802	690	1	0.00463584	0.16604	0.345	0	-0.0596934	0	0	0
0.558256	0.33802	691	1	0.00463584	0.16604	0.3455	0	-0.0599167	0	0	0
0.558256	0.33802	692	1	0.00463584	0.16604	0.346	0	-0.0601401	0	0	0
0.558256	0.33802	693	1	0.00463584	0.16604	0.3465	0	-0.0603635	0	0	0
0.558256	0.33802	694	1	0.00463584	0.16604	0.347	0	-0.060587	0	0	0
0.558256	0.33802	695	1	0.00463584	0.16604	0.3475	0	-0.0608105	0	0	0
0.558256	0.33802	696	1	0.00463584	0.16604	0.348	0	-0.0610341	0	0	0
0.558256	0.33802	697	1	0.00463584	0.16604	0.3485	0	-0.0612577	0	0	0
0.558256	0.33802	698	1	0.00463584	0.16604	0.349	0	-0.0614814	0	0	0
0.558256	0.33802	699	1	0.00463584	0.16604	0.3495	0	-0.0617051	0	0	0
0.558256	0.33802	700	1	0.00463584	0.16604	0.35	0	-0.0619289	0	0	0
0.558256	0.33802	701	1	0.00463584	0.16604	0.3505	0	-0.0621528	0	0	0
0.558256	0.33802	702	1	0.00463584	0.16604	0.351	0	-0.0623767	0	0	0
0.558256	0.33802	703	1	0.00463584	0.16604	0.3515	0	-0.0626006	0	0	0
0.558256	0.33802	704	1	0.00463584	0.16604	0.352	0	-0.0628247	0	0	0
0.558256	0.33802	705	1	0.00463584	0.16604	0.3525	0	-0.0630487	0	0	0
0.558256	0.33802	706	1	0.00463584	0.16604	0.353	0	-0.0632729	0	0	0
0.558256	0.33802	707	1	0.00463584	0.16604	0.3535	0	-0.063497	0	0	0
0.558256	0.33802	708	1	0.00463584	0.16604	0.354	0	-0.0637213	0	0	0
0.558256	0.33802	709	1	0.00463584	0.16604	0.3545	0	-0.0639455	0	0	0
0.558256	0.33802	710	1	0.00463584	0.16604	0.355	0	-0.0641699	0	0	0
0.558256	0.33802	711	1	0.00463584	0.16604	0.3555	0	-0.0643943	0	0	0
0.558256	0.33802	712	1	0.00463584	0.16604	0.356	0	-0.0646187	0	0	0
0.558256	0.33802	713	1	0.00463584	0.16604	0.3565	0	-0.0648432	0	0	0
0.558256	0.33802	714	1	0.00463584	0.16604	0.357	0	-0.0650678	0	0	0
0.558256	0.33802	715	1	0.00463584	0.16604	0.3575	0	-0.0652924	0	0	0
0.558256	0.33802	716	1	0.00463584	0.16604	0.358	0	-0.065517	0	0	0
0.558256	0.33802	717	1	0.00463584	0.16604	0.3585	0	-0.0657417	0	0	0
0.558256	0.33802	718	1	0.00463584	0.16604	0.359	0	-0.0659665	0	0	0
0.558256	0.33802	719	1	0.00463584	0.16604	0.3595	0	-0.0661913	0	0	0
0.558256	0.33802	720	1	0.00463584	0.16604	0.36	0	-0.0664161	0	0	0
0.558256	0.33802	721	1	0.00463584	0.16604	0.3605	0	-0.066641	0	0	0
0.558256	0.33802	722	1	0.00463584	0.16604	0.361	0	-0.066866	0	0	0
0.558256	0.33802	723	1	0.00463584	0.16604	0.3615	0	-0.067091	0	0	0
0.558256	0.33802	724	1	0.00463584	0.16604	0.362	0	-0.067316	0	0	0
0.558256	0.33802	725	1	0.00463584	0.16604	0.3625	0	-0.0675411	0	0	0
0.558256	0.33802	726	1	0.00463584	0.16604	0.363	0	-0.0677663	0	0	0
0.558256	0.33802	727	1	0.00463584	0.16604	0.3635	0	-0.0679915	0	0	0
0.558256	0.33802	728	1	0.00463584	0.16604	0.364	0	-0.0682168	0	0	0
0.558256	0.33802	729	1	0.00463584	0.16604	0.3645	0	-0.0684421	0	0	0
0.558256	0.33802	730	1	0.00463584	0.16604	0.365	0	-0.0686674	0	0	0
0.558256	0.33802	731	1	0.00463584	0.16604	0.3655	0	-0.0688928	0	0	0
0.558256	0.33802	732	1	0.00463584	0.16604	0.366	0	-0.0691183	0	0	0
0.558256	0.33802	733	1	0.00463584	0.16604	0.3665	0	-0.0693438	0	0	0
0.558256	0.33802	734	1	0.00463584	0.16604	0.367	0	-0.0695693	0	0	0
0.558256	0.33802	735	1	0.00463584	0.16604	0.3675	0	-0.0697949	0	0	0
0.558256	0.33802	736	1	0.00463584	0.16604	0.368	0	-0.0700205	0	0	0
0.558256	0.33802	737	1	0.00463584	0.16604	0.3685	0	-0.0702462	0	0	0
0.558256	0.33802	738	1	0.00463584	0.16604	0.369	0	-0.070472	0	0	0
0.558256	0.33802	739	1	0.00463584	0.16604	0.3695	0	-0.0706978	0	0	0
0.558256	0.33802	740	1	0.00463584	0.16604	0.37	0	-0.0709236	0	0	0
0.558256	0.33802	741	1	0.00463584	0.16604	0.3705	0	-0.0711495	0	0	0
0.558256	0.33802	742	1	0.00463584	0.16604	0.371	0	-0.0713754	0	0	0
0.558256	0.33802	743	1	0.00463584	0.16604	0.3715	0	-0.0716014	0	0	0
0.558256	0.33802	744	1	0.00463584	0.16604	0.372	0	-0.0718274	0	0	0
0.558256	0.33802	745	1	0.00463584	0.16604	0.3725	0	-0.0720534	0	0	0
0.558256	0.33802	746	1	0.00463584	0.16604	0.373	0	-0.0722796	0	0	0
0.558256	0.33802	747	1	0.00463584	0.16604	0.3735	0	-0.0725057	0	0	0
0.558256	0.33802	748	1	0.00463584	0.16604	0.374	0	-0.0727319	0	0	0
0.558256	0.33802	749	1	0.00463584	0.16604	0.3745	0	-0.0729582	0	0	0
0.558256	0.33802	750	1	0.00463584	0.16604	0.375	0	-0.0731845	0	0	0
0.558256	0.33802	751	1	0.00463584	0.16604	0.3755	0	-0.0734108	0	0	0
0.558256	0.33802	752	1	0.00463584	0.16604	0.376	0	-0.0736372	0	0	0
0.558256	0.33802	753	1	0.00463584	0.16604	0.3765	0	-0.0738636	0	0	0
0.558256	0.33802	754	1	0.00463584	0.16604	0.377	0	-0.0740901	0	0	0
0.558256	0.33802	755	1	0.00463584	0.16604	0.3775	0	-0.0743166	0	0	0
0.558256	0.33802	756	1	0.00463584	0.16604	0.378	0	-0.0745432	0	0	0
0.558256	0.33802	757	1	0.00463584	0.16604	0.3785	0	-0.0747698	0	0	0
0.558256	0.33802	758	1	0.00463584	0.16604	0.379	0	-0.0749964	0	0	0
0.558256	0.33802	759	1	0.00463584	0.16604	0.3795	0	-0.0752231	0	0	0
0.558256	0.33802	760	1	0.00463584	0.16604	0.38	0	-0.0754498	0	0	0
0.558256	0.33802	761	1	0.00463584	0.16604	0.3805	0	-0.0756766	0	0	0
0.558256	0.33802	762	1	0.00463584	0.16604	0.381	0	-0.0759034	0	0	0
0.558256	0.33802	763	1	0.00463584	0.16604	0.3815	0	-0.0761303	0	0	0
0.558256	0.33802	764	1	0.00463584	0.16604	0.382	0	-0.0763572	0	0	0
0.558256	0.33802	765	1	0.00463584	0.16604	0.3825	0	-0.0765842	0	0	0
0.558256	0.33802	766	1	0.00463584	0.16604	0.383	0	-0.0768112	0	0	0
0.558256	0.33802	767	1	0.00463584	0.16604	0.3835	0	-0.0770382	0	0	0
0.558256	0.33802	768	1	0.00463584	0.16604	0.384	0	-0.0772653	0	0	0
0.558256	0.33802	769	1	0.00463584	0.16604	0.3845	0	-0.0774924	0	0	0
0.558256	0.33802	770	1	0.00463584	0.16604	0.385	0	-0.0777196	0	0	0
0.558256	0.33802	771	1	0.00463584	0.16604	0.3855	0	-0.0779468	0	0	0
0.558256	0.33802	772	1	0.00463584	0.16604	0.386	0	-0.078174	0	0	0
0.558256	0.33802	773	1	0.00463584	0.16604	0.3865	0	-0.0784013	0	0	0
0.558256	0.33802	774	1	0.00463584	0.16604	0.387	0	-0.0786287	0	0	0
0.558256	0.33802	775	1	0.00463584	0.16604	0.3875	0	-0.078856	0	0	0
0.558256	0.33802	776	1	0.00463584	0.16604	0.388	0	-0.0790834	0	0	0
0.558256	0.33802	777	1	0.00463584	0.16604	0.3885	0	-0.0793109	0	0	0
0.558256	0.33802	778	1	0.00463584	0.16604	0.389	0	-0.0795384	0	0	0
0.558256	0.33802	779	1	0.00463584	0.16604	0.3895	0	-0.0797659	0	0	0
0.558256	0.33802	780	1	0.00463584	0.16604	0.39	0	-0.0799935	0	0	0
0.558256	0.33802	781	1	0.00463584	0.16604	0.3905	0	-0.0802211	0	0	0
0.558256	0.33802	782	1	0.00463584	0.16604	0.391	0	-0.0804488	0	0	0
0.558256	0.33802	783	1	0.00463584	0.16604	0.3915	0	-0.0806765	0	0	0
0.558256	0.33802	784	1	0.00463584	0.16604	0.392	0	-0.0809042	0	0	0
0.558256	0.33802	785	1	0.00463584	0.16604	0.3925	0	-0.081132	0	0	0
0.558256	0.33802	786	1	0.00463584	0.16604	0.393	0	-0.0813598	0	0	0
0.558256	0.33802	787	1	0.00463584	0.16604	0.3935	0	-0.0815877	0	0	0
0.558256	0.33802	788	1	0.00463584	0.16604	0.394	0	-0.0818156	0	0	0
0.558256	0.33802	789	1	0.00463584	0.16604	0.3945	0	-0.0820435	0	0	0
0.558256	0.33802	790	1	0.00463584	0.16604	0.395	0	-0.0822715	0	0	0
0.558256	0.33802	791	1	0.00463584	0.16604	0.3955	0	-0.0824995	0	0	0
0.558256	0.33802	792	1	0.00463584	0.16604	0.396	0	-0.0827276	0	0	0
0.558256	0.33802	793	1	0.00463584	0.16604	0.3965	0	-0.0829557	0	0	0
0.558256	0.33802	794	1	0.00463584	0.16604	0.397	0	-0.0831838	0	0	0
0.558256	0.33802	795	1	0.00463584	0.16604	0.3975	0	-0.083412	0	0	0
0.558256	0.33802	796	1	0.00463584	0.16604	0.398	0	-0.0836402	0	0	0
0.558256	0.33802	797	1	0.00463584	0.16604	0.3985	0	-0.0838684	0	0	0
0.558256	0.33802	798	1	0.00463584	0.16604	0.399	0	-0.0840967	0	0	0
0.558256	0.33802	799	1	0.00463584	0.16604	0.3995	0	-0.084325	0	0	0
0.558256	0.33802	800	1	0.00463584	0.16604	0.4	0	-0.0845534	0	0	0
0.558256	0.33802	801	1	0.00463584	0.16604	0.4005	0	-0.0847818	0	0	0
0.558256	0.33802	802	1	0.00463584	0.16604	0.401	0	-0.0850102	0	0	0
0.558256	0.33802	803	1	0.00463584	0.16604	0.4015	0	-0.0852387	0	0	0
0.558256	0.33802	804	1	0.00463584	0.16604	0.402	0	-0.0854672	0	0	0
0.558256	0.33802	805	1	0.00463584	0.16604	0.4025	0	-0.0856957	0	0	0
0.558256	0.33802	806	1	0.00463584	0.16604	0.403	0	-0.0859243	0	0	0
0.558256	0.33802	807	1	0.00463584	0.16604	0.4035	0	-0.0861529	0	0	0
0.558256	0.33802	808	1	0.00463584	0.16604	0.404	0	-0.0863816	0	0	0
0.558256	0.33802	809	1	0.00463584	0.16604	0.4045	0	-0.0866103	0	0	0
0.558256	0.33802	810	1	0.00463584	0.16604	0.405	0	-0.086839	0	0	0
0.558256	0.33802	811	1	0.00463584	0.16604	0.4055	0	-0.0870678	0	0	0
0.558256	0.33802	812	1	0.00463584	0.16604	0.406	0	-0.0872966	0	0	0
0.558256	0.33802	813	1	0.00463584	0.16604	0.4065	0	-0.0875254	0	0	0
0.558256	0.33802	814	1	0.00463584	0.16604	0.407	0	-0.0877543	0	0	0
0.558256	0.33802	815	1	0.00463584	0.16604	0.4075	0	-0.0879832	0	0	0
0.558256	0.33802	816	1	0.00463584	0.16604	0.408	0	-0.0882122	0	0	0
0.558256	0.33802	817	1	0.00463584	0.16604	0.4085	0	-0.0884411	0	0	0
0.558256	0.33802	818	1	0.00463584	0.16604	0.409	0	-0.0886702	0	0	0
0.558256	0.33802	819	1	0.00463584	0.16604	0.4095	0	-0.0888992	0	0	0
0.558256	0.33802	820	1	0.00463584	0.16604	0.41	0	-0.0891283	0	0	0
0.558256	0.33802	821	1	0.00463584	0.16604	0.4105	0	-0.0893574	0	0	0
0.558256	0.33802	822	1	0.00463584	0.16604	0.411	0	-0.0895866	0	0	0
0.558256	0.33802	823	1	0.00463584	0.16604	0.4115	0	-0.0898158	0	0	0
0.558256	0.33802	824	1	0.00463584	0.16604	0.412	0	-0.090045	0	0	0
0.558256	0.33802	825	1	0.00463584	0.16604	0.4125	0	-0.0902743	0	0	0
0.558256	0.33802	826	1	0.00463584	0.16604	0.413	0	-0.0905036	0	0	0
0.558256	0.33802	827	1	0.00463584	0.16604	0.4135	0	-0.0907329	0	0	0
0.558256	0.33802	828	1	0.00463584	0.16604	0.414	0	-0.0909623	0	0	0
0.558256	0.33802	829	1	0.00463584	0.16604	0.4145	0	-0.0911917	0	0	0
0.558256	0.33802	830	1	0.00463584	0.16604	0.415	0	-0.0914211	0	0	0
0.558256	0.33802	831	1	0.00463584	0.16604	0.4155	0	-0.0916506	0	0	0
0.558256	0.33802	832	1	0.00463584	0.16604	0.416	0	-0.0918801	0	0	0
0.558256	0.33802	833	1	0.00463584	0.16604	0.4165	0	-0.0921096	0	0	0
0.558256	0.33802	834	1	0.00463584	0.16604	0.417	0	-0.0923392	0	0	0
0.558256	0.33802	835	1	0.00463584	0.16604	0.4175	0	-0.0925688	0	0	0
0.558256	0.33802	836	1	0.00463584	0.16604	0.418	0	-0.0927984	0	0	0
0.558256	0.33802	837	1	0.00463584	0.16604	0.4185	0	-0.0930281	0	0	0
0.558256	0.33802	838	1	0.00463584	0.16604	0.419	0	-0.0932578	0	0	0
0.558256	0.33802	839	1	0.00463584	0.16604	0.4195	0	-0.0934875	0	0	0
0.558256	0.33802	840	1	0.00463584	0.16604	0.42	0	-0.0937173	0	0	0
0.558256	0.33802	841	1	0.00463584	0.16604	0.4205	0	-0.0939471	0	0	0
0.558256	0.33802	842	1	0.00463584	0.16604	0.421	0	-0.0941769	0	0	0
0.558256	0.33802	843	1	0.00463584	0.16604	0.4215	0	-0.0944068	0	0	0
0.558256	0.33802	844	1	0.00463584	0.16604	0.422	0	-0.0946367	0	0	0
0.558256	0.33802	845	1	0.00463584	0.16604	0.4225	0	-0.0948666	0	0	0
0.558256	0.33802	846	1	0.00463584	0.16604	0.423	0	-0.0950966	0	0	0
0.558256	0.33802	847	1	0.00463584	0.16604	0.4235	0	-0.0953266	0	0	0
0.558256	0.33802	848	1	0.00463584	0.16604	0.424	0	-0.0955566	0	0	0
0.558256	0.33802	849	1	0.00463584	0.16604	0.4245	0	-0.0957866	0	0	0
0.558256	0.33802	850	1	0.00463584	0.16604	0.425	0	-0.0960167	0	0	0
0.558256	0.33802	851	1	0.00463584	0.16604	0.4255	0	-0.0962469	0	0	0
0.558256	0.33802	852	1	0.00463584	0.16604	0.426	0	-0.096477	0	0	0
0.558256	0.33802	853	1	0.00463584	0.16604	0.4265	0	-0.0967072	0	0	0
0.558256	0.33802	854	1	0.00463584	0.16604	0.427	0	-0.0969374	0	0	0
0.558256	0.33802	855	1	0.00463584	0.16604	0.4275	0	-0.0971677	0	0	0
0.558256	0.33802	856	1	0.00463584	0.16604	0.428	0	-0.0973979	0	0	0
0.558256	0.33802	857	1	0.00463584	0.16604	0.4285	0	-0.0976283	0	0	0
0.558256	0.33802	858	1	0.00463584	0.16604	0.429	0	-0.0978586	0	0	0
0.558256	0.33802	859	1	0.00463584	0.16604	0.4295	0	-0.098089	0	0	0
0.558256	0.33802	860	1	0.00463584	0.16604	0.43	0	-0.0983194	0	0	0
0.558256	0.33802	861	1	0.00463584	0.16604	0.4305	0	-0.0985498	0	0	0
0.558256	0.33802	862	1	0.00463584	0.16604	0.431	0	-0.0987803	0	0	0
0.558256	0.33802	863	1	0.00463584	0.16604	0.4315	0	-0.0990108	0	0	0
0.558256	0.33802	864	1	0.00463584	0.16604	0.432	0	-0.0992413	0	0	0
0.558256	0.33802	865	1	0.00463584	0.16604	0.4325	0	-0.0994718	0	0	0
0.558256	0.33802	866	1	0.00463584	0.16604	0.433	0	-0.0997024	0	0	0
0.558256	0.33802	867	1	0.00463584	0.16604	0.4335	0	-0.099933	0	0	0
0.558256	0.33802	868	1	0.00463584	0.16604	0.434	0	-0.100164	0	0	0
0.558256	0.33802	869	1	0.00463584	0.16604	0.4345	0	-0.100394	0	0	0
0.558256	0.33802	870	1	0.00463584	0.16604	0.435	0	-0.100625	0	0	0
0.558256	0.33802	871	1	0.00463584	0.16604	0.4355	0	-0.100856	0	0	0
0.558256	0.33802	872	1	0.00463584	0.16604	0.436	0	-0.101087	0	0	0
0.558256	0.33802	873	1	0.00463584	0.16604	0.4365	0	-0.101317	0	0	0
0.558256	0.33802	874	1	0.00463584	0.16604	0.437	0	-0.101548	0	0	0
0.558256	0.33802	875	1	0.00463584	0.16604	0.4375	0	-0.101779	0	0	0
0.558256	0.33802	876	1	0.00463584	0.16604	0.438	0	-0.10201	0	0	0
0.558256	0.33802	877	1	0.00463584	0.16604	0.4385	0	-0.102241	0	0	0
0.558256	0.33802	878	1	0.00463584	0.16604	0.439	0	-0.102472	0	0	0
0.558256	0.33802	879	1	0.00463584	0.16604	0.4395	0	-0.102703	0	0	0
0.558256	0.33802	880	1	0.00463584	0.16604	0.44	0	-0.102934	0	0	0
0.558256	0.33802	881	1	0.00463584	0.16604	0.4405	0	-0.103165	0	0	0
0.558256	0.33802	882	1	0.00463584	0.16604	0.441	0	-0.103396	0	0	0
0.558256	0.33802	883	1	0.00463584	0.16604	0.4415	0	-0.103627	0	0	0
0.558256	0.33802	884	1	0.00463584	0.16604	0.442	0	-0.103858	0	0	0
0.558256	0.33802	885	1	0.00463584	0.16604	0.4425	0	-0.104089	0	0	0
0.558256	0.33802	886	1	0.00463584	0.16604	0.443	0	-0.10432	0	0	0
0.558256	0.33802	887	1	0.00463584	0.16604	0.4435	0	-0.104552	0	0	0
0.558256	0.33802	888	1	0.00463584	0.16604	0.444	0	-0.104783	0	0	0
0.558256	0.33802	889	1	0.00463584	0.16604	0.4445	0	-0.105014	0	0	0
0.558256	0.33802	890	1	0.00463584	0.16604	0.445	0	-0.105245	0	0	0
0.558256	0.33802	891	1	0.00463584	0.16604	0.4455	0	-0.105477	0	0	0
0.558256	0.33802	892	1	0.00463584	0.16604	0.446	0	-0.105708	0	0	0
0.558256	0.33802	893	1	0.00463584	0.16604	0.4465	0	-0.105939	0	0	0
0.558256	0.33802	894	1	0.00463584	0.16604	0.447	0	-0.106171	0	0	0
0.558256	0.33802	895	1	0.00463584	0.16604	0.4475	0	-0.106402	0	0	0
0.558256	0.33802	896	1	0.00463584	0.16604	0.448	0	-0.106634	0	0	0
0.558256	0.33802	897	1	0.00463584	0.16604	0.4485	0	-0.106865	0	0	0
0.558256	0.33802	898	1	0.00463584	0.16604	0.449	0	-0.107096	0	0	0
0.558256	0.33802	899	1	0.00463584	0.16604	0.4495	0	-0.107328	0	0	0
0.558256	0.33802	900	1	0.00463584	0.16604	0.45	0	-0.10756	0	0	0
0.558256	0.33802	901	1	0.00463584	0.16604	0.4505	0	-0.107791	0	0	0
0.558256	0.33802	902	1	0.00463584	0.16604	0.451	0	-0.108023	0	0	0
0.558256	0.33802	903	1	0.00463584	0.16604	0.4515	0	-0.108254	0	0	0
0.558256	0.33802	904	1	0.00463584	0.16604	0.452	0	-0.108486	0	0	0
0.558256	0.33802	905	1	0.00463584	0.16604	0.4525	0	-0.108718	0	0	0
0.558256	0.33802	906	1	0.00463584	0.16604	0.453	0	-0.108949	0	0	0
0.558256	0.33802	907	1	0.00463584	0.16604	0.4535	0	-0.109181	0	0	0
0.558256	0.33802	908	1	0.00463584	0.16604	0.454	0	-0.109413	0	0	0
0.558256	0.33802	909	1	0.00463584	0.16604	0.4545	0	-0.109645	0	0	0
0.558256	0.33802	910	1	0.00463584	0.16604	0.455	0	-0.109877	0	0	0
0.558256	0.33802	911	1	0.00463584	0.16604	0.4555	0	-0.110108	0	0	0
0.558256	0.33802	912	1	0.00463584	0.16604	0.456	0	-0.11034	0	0	0
0.558256	0.33802	913	1	0.00463584	0.16604	0.4565	0	-0.110572	0	0	0
0.558256	0.33802	914	1	0.00463584	0.16604	0.457	0	-0.110804	0	0	0
0.558256	0.33802	915	1	0.00463584	0.16604	0.4575	0	-0.111036	0	0	0
0.558256	0.33802	916	1	0.00463584	0.16604	0.458	0	-0.111268	0	0	0
0.558256	0.33802	917	1	0.00463584	0.16604	0.4585	0	-0.1115	0	0	0
0.558256	0.33802	918	1	0.00463584	0.16604	0.459	0	-0.111732	0	0	0
0.558256	0.33802	919	1	0.00463584	0.16604	0.4595	0	-0.111964	0	0	0
0.558256	0.33802	920	1	0.00463584	0.16604	0.46	0	-0.112196	0	0	0
0.558256	0.33802	921	1	0.00463584	0.16604	0.4605	0	-0.112428	0	0	0
0.558256	0.33802	922	1	0.00463584	0.16604	0.461	0	-0.11266	0	0	0
0.558256	0.33802	923	1	0.00463584	0.16604	0.4615	0	-0.112893	0	0	0
0.558256	0.33802	924	1	0.00463584	0.16604	0.462	0	-0.113125	0	0	0
0.558256	0.33802	925	1	0.00463584	0.16604	0.4625	0	-0.113357	0	0	0
0.558256	0.33802	926	1	0.00463584	0.16604	0.463	0	-0.113589	0	0	0
0.558256	0.33802	927	1	0.00463584	0.16604	0.4635	0	-0.113821	0	0	0
0.558256	0.33802	928	1	0.00463584	0.16604	0.464	0	-0.114054	0	0	0
0.558256	0.33802	929	1	0.00463584	0.16604	0.4645	0	-0.114286	0	0	0
0.558256	0.33802	930	1	0.00463584	0.16604	0.465	0	-0.114518	0	0	0
0.558256	0.33802	931	1	0.00463584	0.16604	0.4655	0	-0.114751	0	0	0
0.558256	0.33802	932	1	0.00463584	0.16604	0.466	0	-0.114983	0	0	0
0.558256	0.33802	933	1	0.00463584	0.16604	0.4665	0	-0.115215	0	0	0
0.558256	0.33802	934	1	0.00463584	0.16604	0.467	0	-0.115448	0	0	0
0.558256	0.33802	935	1	0.00463584	0.16604	0.4675	0	-0.11568	0	0	0
0.558256	0.33802	936	1	0.00463584	0.16604	0.468	0	-0.115913	0	0	0
0.558256	0.33802	937	1	0.00463584	0.16604	0.4685	0	-0.116145	0	0	0
0.558256	0.33802	938	1	0.00463584	0.16604	0.469	0	-0.116378	0	0	0
0.558256	0.33802	939	1	0.00463584	0.16604	0.4695	0	-0.11661	0	0	0
0.558256	0.33802	940	1	0.00463584	0.16604	0.47	0	-0.116843	0	0	0
0.558256	0.33802	941	1	0.00463584	0.16604	0.4705	0	-0.117076	0	0	0
0.558256	0.33802	942	1	0.00463584	0.16604	0.471	0	-0.117308	0	0	0
0.558256	0.33802	943	1	0.00463584	0.16604	0.4715	0	-0.117541	0	0	0
0.558256	0.33802	944	1	0.00463584	0.16604	0.472	0	-0.117773	0	0	0
0.558256	0.33802	945	1	0.00463584	0.16604	0.4725	0	-0.118006	0	0	0
0.558256	0.33802	946	1	0.00463584	0.16604	0.473	0	-0.118239	0	0	0
0.558256	0.33802	947	1	0.00463584	0.16604	0.4735	0	-0.118472	0	0	0
0.558256	0.33802	948	1	0.00463584	0.16604	0.474	0	-0.118704	0	0	0
0.558256	0.33802	949	1	0.00463584	0.16604	0.4745	0	-0.118937	0	0	0
0.558256	0.33802	950	1	0.00463584	0.16604	0.475	0	-0.11917	0	0	0
0.558256	0.33802	951	1	0.00463584	0.16604	0.4755	0	-0.119403	0	0	0
0.558256	0.33802	952	1	0.00463584	0.16604	0.476	0	-0.119636	0	0	0
0.558256	0.33802	953	1	0.00463584	0.16604	0.4765	0	-0.119868	0	0	0
0.558256	0.33802	954	1	0.00463584	0.16604	0.477	0	-0.120101	0	0	0
0.558256	0.33802	955	1	0.00463584	0.16604	0.4775	0	-0.120334	0	0	0
0.558256	0.33802	956	1	0.00463584	0.16604	0.478	0	-0.120567	0	0	0
0.558256	0.33802	957	1	0.00463584	0.16604	0.4785	0	-0.1208	0	0	0
0.558256	0.33802	958	1	0.00463584	0.16604	0.479	0	-0.121033	0	0	0
0.558256	0.33802	959	1	0.00463584	0.16604	0.4795	0	-0.121266	0	0	0
0.558256	0.33802	960	1	0.00463584	0.16604	0.48	0	-0.121499	0	0	0
0.558256	0.33802	961	1	0.00463584	0.16604	0.4805	0	-0.121732	0	0	0
0.558256	0.33802	962	1	0.00463584	0.16604	0.481	0	-0.121965	0	0	0
0.558256	0.33802	963	1	0.00463584	0.16604	0.4815	0	-0.122198	0	0	0
0.558256	0.33802	964	1	0.00463584	0.16604	0.482	0	-0.122431	0	0	0
0.558256	0.33802	965	1	0.00463584	0.16604	0.4825	0	-0.122665	0	0	0
0.558256	0.33802	966	1	0.00463584	0.16604	0.483	0	-0.122898	0	0	0
0.558256	0.33802	967	1	0.00463584	0.16604	0.4835	0	-0.123131	0	0	0
0.558256	0.33802	968	1	0.00463584	0.16604	0.484	0	-0.123364	0	0	0
0.558256	0.33802	969	1	0.00463584	0.16604	0.4845	0	-0.123597	0	0	0
0.558256	0.33802	970	1	0.00463584	0.16604	0.485	0	-0.123831	0	0	0
0.558256	0.33802	971	1	0.00463584	0.16604	0.4855	0	-0.124064	0	0	0
0.558256	0.33802	972	1	0.00463584	0.16604	0.486	0	-0.124297	0	0	0
0.558256	0.33802	973	1	0.00463584	0.16604	0.4865	0	-0.124531	0	0	0
0.558256	0.33802	974	1	0.00463584	0.16604	0.487	0	-0.124764	0	0	0
0.558256	0.33802	975	1	0.00463584	0.16604	0.4875	0	-0.124997	0	0	0
0.558256	0.33802	976	1	0.00463584	0.16604	0.488	0	-0.125231	0	0	0
0.558256	0.33802	977	1	0.00463584	0.16604	0.4885	0	-0.125464	0	0	0
0.558256	0.33802	978	1	0.00463584	0.16604	0.489	0	-0.125697	0	0	0
0.558256	0.33802	979	1	0.00463584	0.16604	0.4895	0	-0.125931	0	0	0
0.558256	0.33802	980	1	0.00463584	0.16604	0.49	0	-0.126164	0	0	0
0.558256	0.33802	981	1	0.00463584	0.16604	0.4905	0	-0.126398	0	0	0
0.558256	0.33802	982	1	0.00463584	0.16604	0.491	0	-0.126631	0	0	0
0.558256	0.33802	983	1	0.00463584	0.16604	0.4915	0	-0.126865	0	0	0
0.558256	0.33802	984	1	0.00463584	0.16604	0.492	0	-0.127098	0	0	0
0.558256	0.33802	985	1	0.00463584	0.16604	0.4925	0	-0.127332	0	0	0
0.558256	0.33802	986	1	0.00463584	0.16604	0.493	0	-0.127566	0	0	0
0.558256	0.33802	987	1	0.00463584	0.16604	0.4935	0	-0.127799	0	0	0
0.558256	0.33802	988	1	0.00463584	0.16604	0.494	0	-0.128033	0	0	0
0.558256	0.33802	989	1	0.00463584	0.16604	0.4945	0	-0.128266	0	0	0
0.558256	0.33802	990	1	0.00463584	0.16604	0.495	0	-0.1285	0	0	0
0.558256	0.33802	991	1	0.00463584	0.16604	0.4955	0	-0.128734	0	0	0
0.558256	0.33802	992	1	0.00463584	0.16604	0.496	0	-0.128968	0	0	0
0.558256	0.33802	993	1	0.00463584	0.16604	0.4965	0	-0.129201	0	0	0
0.558256	0.33802	994	1	0.00463584	0.16604	0.497	0	-0.129435	0	0	0
0.558256	0.33802	995	1	0.00463584	0.16604	0.4975	0	-0.129669	0	0	0
0.558256	0.33802	996	1	0.00463584	0.16604	0.498	0	-0.129903	0	0	0
0.558256	0.33802	997	1	0.00463584	0.16604	0.4985	0	-0.130136	0	0	0
0.558256	0.33802	998	1	0.00463584	0.16604	0.499	0	-0.13037	0	0	0
0.558256	0.33802	999	1	0.00463584	0.16604	0.4995	0	-0.130604	0	0	0
0.558256	0.33802	1000	1	0.00463584	0.16604	0.5	0	-0.130838	0	0	0
