0.713472	0.33802	0	0	0.00463584	0.16604	0	0	-0.0147223	0	0	0
0.713472	0.33802	1	0	0.00463584	0.16604	0.0005	0	-0.0140958	0	0	0
0.713472	0.33802	2	0	0.00463584	0.16604	0.001	0	-0.013473	0	0	0
0.713472	0.33802	3	0	0.00463584	0.16604	0.0015	0	-0.0128539	0	0	0
0.713472	0.33802	4	0	0.00463584	0.16604	0.002	0	-0.0122385	0	0	0
0.713472	0.33802	5	0	0.00463584	0.16604	0.0025	0	-0.0116267	0	0	0
0.713472	0.33802	6	0	0.00463584	0.16604	0.003	0	-0.0110186	0	0	0
0.713472	0.33802	7	0	0.00463584	0.16604	0.0035	0	-0.0104142	0	0	0
0.713472	0.33802	8	0	0.00463584	0.16604	0.004	0	-0.00981342	0	0	0
0.713472	0.33802	9	0	0.00463584	0.16604	0.0045	0	-0.00921634	0	0	0
0.713472	0.33802	10	0	0.00463584	0.16604	0.005	0	-0.00862292	0	0	0
0.713472	0.33802	11	0	0.00463584	0.16604	0.0055	0	-0.00803317	0	0	0
0.713472	0.33802	12	0	0.00463584	0.16604	0.006	0	-0.00744708	0	0	0
0.713472	0.33802	13	0	0.00463584	0.16604	0.0065	0	-0.00686465	0	0	0
0.713472	0.33802	14	0	0.00463584	0.16604	0.007	0	-0.00628587	0	0	0
0.713472	0.33802	15	0	0.00463584	0.16604	0.0075	0	-0.00571074	0	0	0
0.713472	0.33802	16	0	0.00463584	0.16604	0.008	0	-0.00513925	0	0	0
0.713472	0.33802	17	0	0.00463584	0.16604	0.0085	0	-0.00457141	0	0	0
0.713472	0.33802	18	0	0.00463584	0.16604	0.009	0	-0.0040072	0	0	0
0.713472	0.33802	19	0	0.00463584	0.16604	0.0095	0	-0.00344663	0	0	0
0.713472	0.33802	20	0	0.00463584	0.16604	0.01	0	-0.00288968	0	0	0
0.713472	0.33802	21	0	0.00463584	0.16604	0.0105	0	-0.00233635	0	0	0
0.713472	0.33802	22	0	0.00463584	0.16604	0.011	0	-0.00178664	0	0	0
0.713472	0.33802	23	0	0.00463584	0.16604	0.0115	0	-0.00124053	0	0	0
0.713472	0.33802	24	0	0.00463584	0.16604	0.012	0	-0.000698031	0	0	0
0.713472	0.33802	25	0	0.00463584	0.16604	0.0125	0	-0.000159123	0	0	0
0.713472	0.33802	26	0	0.00463584	0.16604	0.013	0	0.000376195	0	0	0
0.713472	0.33802	27	0	0.00463584	0.16604	0.0135	0	0.000907933	0	0	0
0.713472	0.33802	28	0	0.00463584	0.16604	0.014	0	0.0014361	0	0	0
0.713472	0.33802	29	0	0.00463584	0.16604	0.0145	0	0.00196069	0	0	0
0.713472	0.33802	30	0	0.00463584	0.16604	0.015	0	0.00248173	0	0	0
0.713472	0.33802	31	0	0.00463584	0.16604	0.0155	0	0.00299922	0	0	0
0.713472	0.33802	32	0	0.00463584	0.16604	0.016	0	0.00351317	0	0	0
0.713472	0.33802	33	0	0.00463584	0.16604	0.0165	0	0.00402358	0	0	0
0.713472	0.33802	34	0	0.00463584	0.16604	0.017	0	0.00453047	0	0	0
0.713472	0.33802	35	0	0.00463584	0.16604	0.0175	0	0.00503384	0	-6.84345e-15	0
0.713472	0.33802	36	0	0.00463584	0.16604	0.018	0	0.00553371	0	-9.12013e-10	0
0.713472	0.33802	37	0	0.00463584	0.16604	0.0185	0	0.00603008	0	-2.63093e-08	0
0.713472	0.33802	38	0	0.00463584	0.16604	0.019	0	0.00652297	0	-1.31542e-07	0
0.713472	0.33802	39	0	0.00463584	0.16604	0.0195	0	0.00701237	0	-3.42781e-07	0
0.713472	0.33802	40	0	0.00463584	0.16604	0.02	0	0.00749832	0	-6.53385e-07	0
0.713472	0.33802	41	0	0.00463584	0.16604	0.0205	0	0.0079808	0	-1.04636e-06	0
0.713472	0.33802	42	0	0.00463584	0.16604	0.021	0	0.00845985	0	-1.50542e-06	0
0.713472	0.33802	43	0	0.00463584	0.16604	0.0215	0	0.00893545	0	-2.01782e-06	0
0.713472	0.33802	44	0	0.00463584	0.16604	0.022	0	0.00940764	0	-2.57434e-06	0
0.713472	0.33802	45	0	0.00463584	0.16604	0.0225	0	0.00987641	0	-3.16851e-06	0
0.713472	0.33802	46	0	0.00463584	0.16604	0.023	0	0.0103418	0	-3.79596e-06	0
0.713472	0.33802	47	0	0.00463584	0.16604	0.0235	0	0.0108038	0	-4.45383e-06	0
0.713472	0.33802	48	0	0.00463584	0.16604	0.024	0	0.0112624	0	-5.1404e-06	0
0.713472	0.33802	49	0	0.00463584	0.16604	0.0245	0	0.0117176	0	-5.85483e-06	0
0.713472	0.33802	50	0	0.00463584	0.16604	0.025	0	0.0121695	0	-6.59694e-06	0
0.713472	0.33802	51	0	0.00463584	0.16604	0.0255	0	0.0126181	0	-7.36714e-06	0
0.713472	0.33802	52	0	0.00463584	0.16604	0.026	0	0.0130633	0	-8.16625e-06	0
0.713472	0.33802	53	0	0.00463584	0.16604	0.0265	0	0.0135052	0	-8.99557e-06	0
0.713472	0.33802	54	0	0.00463584	0.16604	0.027	0	0.0139438	0	-9.85672e-06	0
0.713472	0.33802	55	0	0.00463584	0.16604	0.0275	0	0.0143791	0	-1.07517e-05	0
0.713472	0.33802	56	0	0.00463584	0.16604	0.028	0	0.0148112	0	-1.16829e-05	0
0.713472	0.33802	57	0	0.00463584	0.16604	0.0285	0	0.0152399	0	-1.26531e-05	0
0.713472	0.33802	58	0	0.00463584	0.16604	0.029	0	0.0156655	0	-1.36654e-05	0
0.713472	0.33802	59	0	0.00463584	0.16604	0.0295	0	0.0160878	0	-1.47233e-05	0
0.713472	0.33802	60	0	0.00463584	0.16604	0.03	0	0.0165068	0	-1.58308e-05	0
0.713472	0.33802	61	0	0.00463584	0.16604	0.0305	0	0.0169227	0	-1.69926e-05	0
0.713472	0.33802	62	0	0.00463584	0.16604	0.031	0	0.0173354	0	-1.82137e-05	0
0.713472	0.33802	63	0	0.00463584	0.16604	0.0315	0	0.0177449	0	-1.95e-05	0
0.713472	0.33802	64	0	0.00463584	0.16604	0.032	0	0.0181512	0	-2.08582e-05	0
0.713472	0.33802	65	0	0.00463584	0.16604	0.0325	0	0.0185544	0	-2.2296e-05	0
0.713472	0.33802	66	0	0.00463584	0.16604	0.033	0	0.0189544	0	-2.38222e-05	0
0.713472	0.33802	67	0	0.00463584	0.16604	0.0335	0	0.0193514	0	-2.54473e-05	0
0.713472	0.33802	68	0	0.00463584	0.16604	0.034	0	0.0197452	0	-2.71833e-05	0
0.713472	0.33802	69	0	0.00463584	0.16604	0.0345	0	0.0201359	0	-2.90446e-05	0
0.713472	0.33802	70	0	0.00463584	0.16604	0.035	0	0.0205236	0	-3.10486e-05	0
0.713472	0.33802	71	0	0.00463584	0.16604	0.0355	0	0.0209082	0	-3.32161e-05	0
0.713472	0.33802	72	0	0.00463584	0.16604	0.036	0	0.0212897	0	-3.55731e-05	0
0.713472	0.33802	73	0	0.00463584	0.16604	0.0365	0	0.0216682	0	-3.81513e-05	0
0.713472	0.33802	74	0	0.00463584	0.16604	0.037	0	0.0220437	0	-4.09912e-05	0
0.713472	0.33802	75	0	0.00463584	0.16604	0.0375	0	0.0224162	0	-4.41443e-05	0
0.713472	0.33802	76	0	0.00463584	0.16604	0.038	0	0.0227857	0	-4.76773e-05	0
0.713472	0.33802	77	0	0.00463584	0.16604	0.0385	0	0.0231523	0	-5.16784e-05	0
0.713472	0.33802	78	0	0.00463584	0.16604	0.039	0	0.0235159	0	-5.62655e-05	0
0.713472	0.33802	79	0	0.00463584	0.16604	0.0395	0	0.0238765	0	-6.16e-05	0
0.713472	0.33802	80	0	0.00463584	0.16604	0.04	0	0.0242342	0	-6.79068e-05	0
0.713472	0.33802	81	0	0.00463584	0.16604	0.0405	0	0.0245891	0	-7.55084e-05	0
0.713472	0.33802	82	0	0.00463584	0.16604	0.041	0	0.024941	0	-8.48815e-05	0
0.713472	0.33802	83	0	0.00463584	0.16604	0.0415	0	0.0252901	0	-9.67598e-05	0
0.713472	0.33802	84	0	0.00463584	0.16604	0.042	0	0.0256363	0	-0.000112333	0
0.713472	0.33802	85	0	0.00463584	0.16604	0.0425	0	0.0259796	0	-0.000133669	0
0.713472	0.33802	86	0	0.00463584	0.16604	0.043	0	0.0263201	0	-0.000164715	0
0.713472	0.33802	87	0	0.00463584	0.16604	0.0435	0	0.0266579	0	-0.000214081	0
0.713472	0.33802	88	0	0.00463584	0.16604	0.044	0	0.0269928	0	-0.000304814	0
0.713472	0.33802	89	0	0.00463584	0.16604	0.0445	0	0.0273249	0	-0.000526536	0
0.713472	0.33802	90	0	0.00463584	0.16604	0.045	0	0.0276543	0	-0.00190046	0
0.713472	0.33802	91	0	0.00463584	0.16604	0.0455	0	0.027981	0	0.00119213	0
0.713472	0.33802	92	0	0.00463584	0.16604	0.046	0	0.0283049	0	0.000455313	0
0.713472	0.33802	93	0	0.00463584	0.16604	0.0465	0	0.0286261	0	0.000281962	0
0.713472	0.33802	94	0	0.00463584	0.16604	0.047	0	0.0289446	0	0.000204497	0
0.713472	0.33802	95	0	0.00463584	0.16604	0.0475	0	0.0292604	0	0.00016059	0
0.713472	0.33802	96	0	0.00463584	0.16604	0.048	0	0.0295736	0	0.000132312	0
0.713472	0.33802	97	0	0.00463584	0.16604	0.0485	0	0.0298841	0	0.000112577	0
0.713472	0.33802	98	0	0.00463584	0.16604	0.049	0	0.030192	0	9.80188e-05	0
0.713472	0.33802	99	0	0.00463584	0.16604	0.0495	0	0.0304972	0	8.68356e-05	0
0.713472	0.33802	100	0	0.00463584	0.16604	0.05	0	0.0307999	0	7.79743e-05	0
0.713472	0.33802	101	0	0.00463584	0.16604	0.0505	0	0.0311	0	7.07791e-05	0
0.713472	0.33802	102	0	0.00463584	0.16604	0.051	0	0.0313975	0	6.48198e-05	0
0.713472	0.33802	103	0	0.00463584	0.16604	0.0515	0	0.0316924	0	5.98027e-05	0
0.713472	0.33802	104	0	0.00463584	0.16604	0.052	0	0.0319849	0	5.55203e-05	0
0.713472	0.33802	105	0	0.00463584	0.16604	0.0525	0	0.0322748	0	5.18219e-05	0
0.713472	0.33802	106	0	0.00463584	0.16604	0.053	0	0.0325622	0	4.85954e-05	0
0.713472	0.33802	107	0	0.00463584	0.16604	0.0535	0	0.0328471	0	4.57558e-05	0
0.713472	0.33802	108	0	0.00463584	0.16604	0.054	0	0.0331296	0	4.32372e-05	0
0.713472	0.33802	109	0	0.00463584	0.16604	0.0545	0	0.0334096	0	4.09881e-05	0
0.713472	0.33802	110	0	0.00463584	0.16604	0.055	0	0.0336871	0	3.89671e-05	0
0.713472	0.33802	111	0	0.00463584	0.16604	0.0555	0	0.0339623	0	3.71413e-05	0
0.713472	0.33802	112	0	0.00463584	0.16604	0.056	0	0.034235	0	3.54836e-05	0
0.713472	0.33802	113	0	0.00463584	0.16604	0.0565	0	0.0345054	0	3.39717e-05	0
0.713472	0.33802	114	0	0.00463584	0.16604	0.057	0	0.0347734	0	3.25872e-05	0
0.713472	0.33802	115	0	0.00463584	0.16604	0.0575	0	0.035039	0	3.13146e-05	0
0.713472	0.33802	116	0	0.00463584	0.16604	0.058	0	0.0353023	0	3.01408e-05	0
0.713472	0.33802	117	0	0.00463584	0.16604	0.0585	0	0.0355632	0	2.90547e-05	0
0.713472	0.33802	118	0	0.00463584	0.16604	0.059	0	0.0358219	0	2.80468e-05	0
0.713472	0.33802	119	0	0.00463584	0.16604	0.0595	0	0.0360782	0	2.7109e-05	0
0.713472	0.33802	120	0	0.00463584	0.16604	0.06	0	0.0363323	0	2.62342e-05	0
0.713472	0.33802	121	0	0.00463584	0.16604	0.0605	0	0.0365841	0	2.54162e-05	0
0.713472	0.33802	122	0	0.00463584	0.16604	0.061	0	0.0368336	0	2.46497e-05	0
0.713472	0.33802	123	0	0.00463584	0.16604	0.0615	0	0.037081	0	2.39299e-05	0
0.713472	0.33802	124	0	0.00463584	0.16604	0.062	0	0.0373261	0	2.32527e-05	0
0.713472	0.33802	125	0	0.00463584	0.16604	0.0625	0	0.037569	0	2.26145e-05	0
0.713472	0.33802	126	0	0.00463584	0.16604	0.063	0	0.0378097	0	2.20119e-05	0
0.713472	0.33802	127	0	0.00463584	0.16604	0.0635	0	0.0380483	0	2.14421e-05	0
0.713472	0.33802	128	0	0.00463584	0.16604	0.064	0	0.0382847	0	2.09024e-05	0
0.713472	0.33802	129	0	0.00463584	0.16604	0.0645	0	0.038519	0	2.03905e-05	0
0.713472	0.33802	130	0	0.00463584	0.16604	0.065	0	0.0387511	0	1.99044e-05	0
0.713472	0.33802	131	0	0.00463584	0.16604	0.0655	0	0.0389812	0	1.94421e-05	0
0.713472	0.33802	132	0	0.00463584	0.16604	0.066	0	0.0392091	0	1.90019e-05	0
0.713472	0.33802	133	0	0.00463584	0.16604	0.0665	0	0.039435	0	1.85823e-05	0
0.713472	0.33802	134	0	0.00463584	0.16604	0.067	0	0.0396588	0	1.81819e-05	0
0.713472	0.33802	135	0	0.00463584	0.16604	0.0675	0	0.0398805	0	1.77994e-05	0
0.713472	0.33802	136	0	0.00463584	0.16604	0.068	0	0.0401003	0	1.74336e-05	0
0.713472	0.33802	137	0	0.00463584	0.16604	0.0685	0	0.040318	0	1.70834e-05	0
0.713472	0.33802	138	0	0.00463584	0.16604	0.069	0	0.0405337	0	1.67479e-05	0
0.713472	0.33802	139	0	0.00463584	0.16604	0.0695	0	0.0407474	0	1.64261e-05	0
0.713472	0.33802	140	0	0.00463584	0.16604	0.07	0	0.0409591	0	1.61173e-05	0
0.713472	0.33802	141	0	0.00463584	0.16604	0.0705	0	0.0411689	0	1.58207e-05	0
0.713472	0.33802	142	0	0.00463584	0.16604	0.071	0	0.0413767	0	1.55355e-05	0
0.713472	0.33802	143	0	0.00463584	0.16604	0.0715	0	0.0415826	0	1.52612e-05	0
0.713472	0.33802	144	0	0.00463584	0.16604	0.072	0	0.0417866	0	1.49971e-05	0
0.713472	0.33802	145	0	0.00463584	0.16604	0.0725	0	0.0419886	0	1.47426e-05	0
0.713472	0.33802	146	0	0.00463584	0.16604	0.073	0	0.0421888	0	1.44972e-05	0
0.713472	0.33802	147	0	0.00463584	0.16604	0.0735	0	0.0423871	0	1.42606e-05	0
0.713472	0.33802	148	0	0.00463584	0.16604	0.074	0	0.0425836	0	1.40321e-05	0
0.713472	0.33802	149	0	0.00463584	0.16604	0.0745	0	0.0427782	0	1.38114e-05	0
0.713472	0.33802	150	0	0.00463584	0.16604	0.075	0	0.0429709	0	1.35981e-05	0
0.713472	0.33802	151	0	0.00463584	0.16604	0.0755	0	0.0431618	0	1.33919e-05	0
0.713472	0.33802	152	0	0.00463584	0.16604	0.076	0	0.043351	0	1.31923e-05	0
0.713472	0.33802	153	0	0.00463584	0.16604	0.0765	0	0.0435383	0	1.29991e-05	0
0.713472	0.33802	154	0	0.00463584	0.16604	0.077	0	0.0437239	0	1.2812e-05	0
0.713472	0.33802	155	0	0.00463584	0.16604	0.0775	0	0.0439077	0	1.26307e-05	0
0.713472	0.33802	156	0	0.00463584	0.16604	0.078	0	0.0440897	0	1.24549e-05	0
0.713472	0.33802	157	0	0.00463584	0.16604	0.0785	0	0.04427	0	1.22843e-05	0
0.713472	0.33802	158	0	0.00463584	0.16604	0.079	0	0.0444486	0	1.21189e-05	0
0.713472	0.33802	159	0	0.00463584	0.16604	0.0795	0	0.0446254	0	1.19582e-05	0
0.713472	0.33802	160	0	0.00463584	0.16604	0.08	0	0.0448006	0	1.18022e-05	0
0.713472	0.33802	161	0	0.00463584	0.16604	0.0805	0	0.044974	0	1.16505e-05	0
0.713472	0.33802	162	0	0.00463584	0.16604	0.081	0	0.0451458	0	1.15032e-05	0
0.713472	0.33802	163	0	0.00463584	0.16604	0.0815	0	0.0453159	0	1.13599e-05	0
0.713472	0.33802	164	0	0.00463584	0.16604	0.082	0	0.0454844	0	1.12204e-05	0
0.713472	0.33802	165	0	0.00463584	0.16604	0.0825	0	0.0456513	0	1.10848e-05	0
0.713472	0.33802	166	0	0.00463584	0.16604	0.083	0	0.0458165	0	1.09527e-05	0
0.713472	0.33802	167	0	0.00463584	0.16604	0.0835	0	0.0459801	0	1.0824e-05	0
0.713472	0.33802	168	0	0.00463584	0.16604	0.084	0	0.0461421	0	1.06987e-05	0
0.713472	0.33802	169	0	0.00463584	0.16604	0.0845	0	0.0463025	0	1.05766e-05	0
0.713472	0.33802	170	0	0.00463584	0.16604	0.085	0	0.0464613	0	1.04575e-05	0
0.713472	0.33802	171	0	0.00463584	0.16604	0.0855	0	0.0466186	0	1.03414e-05	0
0.713472	0.33802	172	0	0.00463584	0.16604	0.086	0	0.0467743	0	1.02282e-05	0
0.713472	0.33802	173	0	0.00463584	0.16604	0.0865	0	0.0469285	0	1.01177e-05	0
0.713472	0.33802	174	0	0.00463584	0.16604	0.087	0	0.0470811	0	1.00098e-05	0
0.713472	0.33802	175	0	0.00463584	0.16604	0.0875	0	0.0472322	0	9.90455e-06	0
0.713472	0.33802	176	0	0.00463584	0.16604	0.088	0	0.0473819	0	9.80171e-06	0
0.713472	0.33802	177	0	0.00463584	0.16604	0.0885	0	0.04753	0	9.70126e-06	0
0.713472	0.33802	178	0	0.00463584	0.16604	0.089	0	0.0476766	0	9.6031e-06	0
0.713472	0.33802	179	0	0.00463584	0.16604	0.0895	0	0.0478218	0	9.50716e-06	0
0.713472	0.33802	180	0	0.00463584	0.16604	0.09	0	0.0479655	0	9.41337e-06	0
0.713472	0.33802	181	0	0.00463584	0.16604	0.0905	0	0.0481078	0	9.32166e-06	0
0.713472	0.33802	182	0	0.00463584	0.16604	0.091	0	0.0482486	0	9.23195e-06	0
0.713472	0.33802	183	0	0.00463584	0.16604	0.0915	0	0.048388	0	9.14419e-06	0
0.713472	0.33802	184	0	0.00463584	0.16604	0.092	0	0.048526	0	9.05831e-06	0
0.713472	0.33802	185	0	0.00463584	0.16604	0.0925	0	0.0486626	0	8.97424e-06	0
0.713472	0.33802	186	0	0.00463584	0.16604	0.093	0	0.0487978	0	8.89195e-06	0
0.713472	0.33802	187	0	0.00463584	0.16604	0.0935	0	0.0489316	0	8.81136e-06	0
0.713472	0.33802	188	0	0.00463584	0.16604	0.094	0	0.049064	0	8.73243e-06	0
0.713472	0.33802	189	0	0.00463584	0.16604	0.0945	0	0.0491951	0	8.65511e-06	0
0.713472	0.33802	190	0	0.00463584	0.16604	0.095	0	0.0493248	0	8.57935e-06	0
0.713472	0.33802	191	0	0.00463584	0.16604	0.0955	0	0.0494532	0	8.50511e-06	0
0.713472	0.33802	192	0	0.00463584	0.16604	0.096	0	0.0495802	0	8.43233e-06	0
0.713472	0.33802	193	0	0.00463584	0.16604	0.0965	0	0.049706	0	8.36098e-06	0
0.713472	0.33802	194	0	0.00463584	0.16604	0.097	0	0.0498304	0	8.29102e-06	0
0.713472	0.33802	195	0	0.00463584	0.16604	0.0975	0	0.0499535	0	8.2224e-06	0
0.713472	0.33802	196	0	0.00463584	0.16604	0.098	0	0.0500753	0	8.15509e-06	0
0.713472	0.33802	197	0	0.00463584	0.16604	0.0985	0	0.0501959	0	8.08906e-06	0
0.713472	0.33802	198	0	0.00463584	0.16604	0.099	0	0.0503152	0	8.02426e-06	0
0.713472	0.33802	199	0	0.00463584	0.16604	0.0995	0	0.0504332	0	7.96067e-06	0
0.713472	0.33802	200	0	0.00463584	0.16604	0.1	0	0.0505499	0	7.89825e-06	0
0.713472	0.33802	201	0	0.00463584	0.16604	0.1005	0	0.0506655	0	7.83697e-06	0
0.713472	0.33802	202	0	0.00463584	0.16604	0.101	0	0.0507798	0	7.7768e-06	0
0.713472	0.33802	203	0	0.00463584	0.16604	0.1015	0	0.0508928	0	7.71771e-06	0
0.713472	0.33802	204	0	0.00463584	0.16604	0.102	0	0.0510047	0	7.65967e-06	0
0.713472	0.33802	205	0	0.00463584	0.16604	0.1025	0	0.0511153	0	7.60267e-06	0
0.713472	0.33802	206	0	0.00463584	0.16604	0.103	0	0.0512248	0	7.54666e-06	0
0.713472	0.33802	207	0	0.00463584	0.16604	0.1035	0	0.0513331	0	7.49162e-06	0
0.713472	0.33802	208	0	0.00463584	0.16604	0.104	0	0.0514402	0	7.43754e-06	0
0.713472	0.33802	209	0	0.00463584	0.16604	0.1045	0	0.0515461	0	7.38439e-06	0
0.713472	0.33802	210	0	0.00463584	0.16604	0.105	0	0.0516509	0	7.33214e-06	0
0.713472	0.33802	211	0	0.00463584	0.16604	0.1055	0	0.0517545	0	7.28078e-06	0
0.713472	0.33802	212	0	0.00463584	0.16604	0.106	0	0.051857	0	7.23028e-06	0
0.713472	0.33802	213	0	0.00463584	0.16604	0.1065	0	0.0519583	0	7.18062e-06	0
0.713472	0.33802	214	0	0.00463584	0.16604	0.107	0	0.0520586	0	7.13178e-06	0
0.713472	0.33802	215	0	0.00463584	0.16604	0.1075	0	0.0521577	0	7.08375e-06	0
0.713472	0.33802	216	0	0.00463584	0.16604	0.108	0	0.0522557	0	7.0365e-06	0
0.713472	0.33802	217	0	0.00463584	0.16604	0.1085	0	0.0523526	0	6.99002e-06	0
0.713472	0.33802	218	0	0.00463584	0.16604	0.109	0	0.0524484	0	6.94428e-06	0
0.713472	0.33802	219	0	0.00463584	0.16604	0.1095	0	0.0525432	0	6.89929e-06	0
0.713472	0.33802	220	0	0.00463584	0.16604	0.11	0	0.0526369	0	6.85501e-06	0
0.713472	0.33802	221	0	0.00463584	0.16604	0.1105	0	0.0527295	0	6.81143e-06	0
0.713472	0.33802	222	0	0.00463584	0.16604	0.111	0	0.052821	0	6.76853e-06	0
0.713472	0.33802	223	0	0.00463584	0.16604	0.1115	0	0.0529115	0	6.72631e-06	0
0.713472	0.33802	224	0	0.00463584	0.16604	0.112	0	0.053001	0	6.68475e-06	0
0.713472	0.33802	225	0	0.00463584	0.16604	0.1125	0	0.0530894	0	6.64383e-06	0
0.713472	0.33802	226	0	0.00463584	0.16604	0.113	0	0.0531768	0	6.60354e-06	0
0.713472	0.33802	227	0	0.00463584	0.16604	0.1135	0	0.0532632	0	6.56387e-06	0
0.713472	0.33802	228	0	0.00463584	0.16604	0.114	0	0.0533486	0	6.5248e-06	0
0.713472	0.33802	229	0	0.00463584	0.16604	0.1145	0	0.053433	0	6.48633e-06	0
0.713472	0.33802	230	0	0.00463584	0.16604	0.115	0	0.0535164	0	6.44844e-06	0
0.713472	0.33802	231	0	0.00463584	0.16604	0.1155	0	0.0535988	0	6.41112e-06	0
0.713472	0.33802	232	0	0.00463584	0.16604	0.116	0	0.0536802	0	6.37435e-06	0
0.713472	0.33802	233	0	0.00463584	0.16604	0.1165	0	0.0537607	0	6.33814e-06	0
0.713472	0.33802	234	0	0.00463584	0.16604	0.117	0	0.0538402	0	6.30246e-06	0
0.713472	0.33802	235	0	0.00463584	0.16604	0.1175	0	0.0539187	0	6.26731e-06	0
0.713472	0.33802	236	0	0.00463584	0.16604	0.118	0	0.0539963	0	6.23267e-06	0
0.713472	0.33802	237	0	0.00463584	0.16604	0.1185	0	0.054073	0	6.19855e-06	0
0.713472	0.33802	238	0	0.00463584	0.16604	0.119	0	0.0541487	0	6.16492e-06	0
0.713472	0.33802	239	0	0.00463584	0.16604	0.1195	0	0.0542235	0	6.13178e-06	0
0.713472	0.33802	240	0	0.00463584	0.16604	0.12	0	0.0542973	0	6.09912e-06	0
0.713472	0.33802	241	0	0.00463584	0.16604	0.1205	0	0.0543703	0	6.06694e-06	0
0.713472	0.33802	242	0	0.00463584	0.16604	0.121	0	0.0544423	0	6.03522e-06	0
0.713472	0.33802	243	0	0.00463584	0.16604	0.1215	0	0.0545135	0	6.00395e-06	0
0.713472	0.33802	244	0	0.00463584	0.16604	0.122	0	0.0545837	0	5.97313e-06	0
0.713472	0.33802	245	0	0.00463584	0.16604	0.1225	0	0.0546531	0	5.94275e-06	0
0.713472	0.33802	246	0	0.00463584	0.16604	0.123	0	0.0547216	0	5.91281e-06	0
0.713472	0.33802	247	0	0.00463584	0.16604	0.1235	0	0.0547892	0	5.88329e-06	0
0.713472	0.33802	248	0	0.00463584	0.16604	0.124	0	0.054856	0	5.85419e-06	0
0.713472	0.33802	249	0	0.00463584	0.16604	0.1245	0	0.0549218	0	5.8255e-06	0
0.713472	0.33802	250	0	0.00463584	0.16604	0.125	0	0.0549869	0	5.79722e-06	0
0.713472	0.33802	251	0	0.00463584	0.16604	0.1255	0	0.0550511	0	5.76934e-06	0
0.713472	0.33802	252	0	0.00463584	0.16604	0.126	0	0.0551144	0	5.74185e-06	0
0.713472	0.33802	253	0	0.00463584	0.16604	0.1265	0	0.0551769	0	5.71474e-06	0
0.713472	0.33802	254	0	0.00463584	0.16604	0.127	0	0.0552386	0	5.68802e-06	0
0.713472	0.33802	255	0	0.00463584	0.16604	0.1275	0	0.0552995	0	5.66167e-06	0
0.713472	0.33802	256	0	0.00463584	0.16604	0.128	0	0.0553595	0	5.63569e-06	0
0.713472	0.33802	257	0	0.00463584	0.16604	0.1285	0	0.0554187	0	5.61007e-06	0
0.713472	0.33802	258	0	0.00463584	0.16604	0.129	0	0.0554772	0	5.58481e-06	0
0.713472	0.33802	259	0	0.00463584	0.16604	0.1295	0	0.0555348	0	5.55991e-06	0
0.713472	0.33802	260	0	0.00463584	0.16604	0.13	0	0.0555916	0	5.53535e-06	0
0.713472	0.33802	261	0	0.00463584	0.16604	0.1305	0	0.0556477	0	5.51114e-06	0
0.713472	0.33802	262	0	0.00463584	0.16604	0.131	0	0.055703	0	5.48726e-06	0
0.713472	0.33802	263	0	0.00463584	0.16604	0.1315	0	0.0557575	0	5.46372e-06	0
0.713472	0.33802	264	0	0.00463584	0.16604	0.132	0	0.0558112	0	5.44051e-06	0
0.713472	0.33802	265	0	0.00463584	0.16604	0.1325	0	0.0558642	0	5.41762e-06	0
0.713472	0.33802	266	0	0.00463584	0.16604	0.133	0	0.0559164	0	5.39506e-06	0
0.713472	0.33802	267	0	0.00463584	0.16604	0.1335	0	0.0559678	0	5.37281e-06	0
0.713472	0.33802	268	0	0.00463584	0.16604	0.134	0	0.0560185	0	5.35087e-06	0
0.713472	0.33802	269	0	0.00463584	0.16604	0.1345	0	0.0560685	0	5.32924e-06	0
0.713472	0.33802	270	0	0.00463584	0.16604	0.135	0	0.0561177	0	5.30791e-06	0
0.713472	0.33802	271	0	0.00463584	0.16604	0.1355	0	0.0561662	0	5.28688e-06	0
0.713472	0.33802	272	0	0.00463584	0.16604	0.136	0	0.056214	0	5.26615e-06	0
0.713472	0.33802	273	0	0.00463584	0.16604	0.1365	0	0.0562611	0	5.24572e-06	0
0.713472	0.33802	274	0	0.00463584	0.16604	0.137	0	0.0563074	0	5.22557e-06	0
0.713472	0.33802	275	0	0.00463584	0.16604	0.1375	0	0.056353	0	5.20571e-06	0
0.713472	0.33802	276	0	0.00463584	0.16604	0.138	0	0.0563979	0	5.18613e-06	0
0.713472	0.33802	277	0	0.00463584	0.16604	0.1385	0	0.0564422	0	5.16684e-06	0
0.713472	0.33802	278	0	0.00463584	0.16604	0.139	0	0.0564857	0	5.14782e-06	0
0.713472	0.33802	279	0	0.00463584	0.16604	0.1395	0	0.0565286	0	5.12907e-06	0
0.713472	0.33802	280	0	0.00463584	0.16604	0.14	0	0.0565707	0	5.11059e-06	0
0.713472	0.33802	281	0	0.00463584	0.16604	0.1405	0	0.0566122	0	5.09238e-06	0
0.713472	0.33802	282	0	0.00463584	0.16604	0.141	0	0.056653	0	5.07444e-06	0
0.713472	0.33802	283	0	0.00463584	0.16604	0.1415	0	0.0566931	0	5.05675e-06	0
0.713472	0.33802	284	0	0.00463584	0.16604	0.142	0	0.0567326	0	5.03933e-06	0
0.713472	0.33802	285	0	0.00463584	0.16604	0.1425	0	0.0567714	0	5.02216e-06	0
0.713472	0.33802	286	0	0.00463584	0.16604	0.143	0	0.0568096	0	5.00525e-06	0
0.713472	0.33802	287	0	0.00463584	0.16604	0.1435	0	0.0568471	0	4.98859e-06	0
0.713472	0.33802	288	0	0.00463584	0.16604	0.144	0	0.0568839	0	4.97217e-06	0
0.713472	0.33802	289	0	0.00463584	0.16604	0.1445	0	0.0569202	0	4.95601e-06	0
0.713472	0.33802	290	0	0.00463584	0.16604	0.145	0	0.0569557	0	4.94009e-06	0
0.713472	0.33802	291	0	0.00463584	0.16604	0.1455	0	0.0569907	0	4.92441e-06	0
0.713472	0.33802	292	0	0.00463584	0.16604	0.146	0	0.057025	0	4.90897e-06	0
0.713472	0.33802	293	0	0.00463584	0.16604	0.1465	0	0.0570587	0	4.89377e-06	0
0.713472	0.33802	294	0	0.00463584	0.16604	0.147	0	0.0570918	0	4.8788e-06	0
0.713472	0.33802	295	0	0.00463584	0.16604	0.1475	0	0.0571243	0	4.86407e-06	0
0.713472	0.33802	296	0	0.00463584	0.16604	0.148	0	0.0571561	0	4.84957e-06	0
0.713472	0.33802	297	0	0.00463584	0.16604	0.1485	0	0.0571874	0	4.8353e-06	0
0.713472	0.33802	298	0	0.00463584	0.16604	0.149	0	0.057218	0	4.82126e-06	0
0.713472	0.33802	299	0	0.00463584	0.16604	0.1495	0	0.0572481	0	4.80745e-06	0
0.713472	0.33802	300	0	0.00463584	0.16604	0.15	0	0.0572775	0	4.79386e-06	0
0.713472	0.33802	301	0	0.00463584	0.16604	0.1505	0	0.0573064	0	4.78049e-06	0
0.713472	0.33802	302	0	0.00463584	0.16604	0.151	0	0.0573347	0	4.76734e-06	0
0.713472	0.33802	303	0	0.00463584	0.16604	0.1515	0	0.0573624	0	4.75442e-06	0
0.713472	0.33802	304	0	0.00463584	0.16604	0.152	0	0.0573895	0	4.74171e-06	0
0.713472	0.33802	305	0	0.00463584	0.16604	0.1525	0	0.0574161	0	4.72922e-06	0
0.713472	0.33802	306	0	0.00463584	0.16604	0.153	0	0.0574421	0	4.71694e-06	0
0.713472	0.33802	307	0	0.00463584	0.16604	0.1535	0	0.0574675	0	4.70488e-06	0
0.713472	0.33802	308	0	0.00463584	0.16604	0.154	0	0.0574924	0	4.69303e-06	0
0.713472	0.33802	309	0	0.00463584	0.16604	0.1545	0	0.0575167	0	4.68139e-06	0
0.713472	0.33802	310	0	0.00463584	0.16604	0.155	0	0.0575404	0	4.66997e-06	0
0.713472	0.33802	311	0	0.00463584	0.16604	0.1555	0	0.0575637	0	4.65875e-06	0
0.713472	0.33802	312	0	0.00463584	0.16604	0.156	0	0.0575863	0	4.64774e-06	0
0.713472	0.33802	313	0	0.00463584	0.16604	0.1565	0	0.0576084	0	4.63693e-06	0
0.713472	0.33802	314	0	0.00463584	0.16604	0.157	0	0.05763	0	4.62633e-06	0
0.713472	0.33802	315	0	0.00463584	0.16604	0.1575	0	0.0576511	0	4.61593e-06	0
0.713472	0.33802	316	0	0.00463584	0.16604	0.158	0	0.0576716	0	4.60574e-06	0
0.713472	0.33802	317	0	0.00463584	0.16604	0.1585	0	0.0576916	0	4.59575e-06	0
0.713472	0.33802	318	0	0.00463584	0.16604	0.159	0	0.057711	0	4.58596e-06	0
0.713472	0.33802	319	0	0.00463584	0.16604	0.1595	0	0.05773	0	4.57637e-06	0
0.713472	0.33802	320	0	0.00463584	0.16604	0.16	0	0.0577484	0	4.56699e-06	0
0.713472	0.33802	321	0	0.00463584	0.16604	0.1605	0	0.0577663	0	4.5578e-06	0
0.713472	0.33802	322	0	0.00463584	0.16604	0.161	0	0.0577838	0	4.5488e-06	0
0.713472	0.33802	323	0	0.00463584	0.16604	0.1615	0	0.0578007	0	4.54001e-06	0
0.713472	0.33802	324	0	0.00463584	0.16604	0.162	0	0.0578171	0	4.53141e-06	0
0.713472	0.33802	325	0	0.00463584	0.16604	0.1625	0	0.057833	0	4.52301e-06	0
0.713472	0.33802	326	0	0.00463584	0.16604	0.163	0	0.0578484	0	4.5148e-06	0
0.713472	0.33802	327	0	0.00463584	0.16604	0.1635	0	0.0578633	0	4.50678e-06	0
0.713472	0.33802	328	0	0.00463584	0.16604	0.164	0	0.0578777	0	4.49896e-06	0
0.713472	0.33802	329	0	0.00463584	0.16604	0.1645	0	0.0578917	0	4.49134e-06	0
0.713472	0.33802	330	0	0.00463584	0.16604	0.165	0	0.0579051	0	4.4839e-06	0
0.713472	0.33802	331	0	0.00463584	0.16604	0.1655	0	0.0579181	0	4.47666e-06	0
0.713472	0.33802	332	0	0.00463584	0.16604	0.166	0	0.0579306	0	4.46961e-06	0
0.713472	0.33802	333	0	0.00463584	0.16604	0.1665	0	0.0579427	0	4.46276e-06	0
0.713472	0.33802	334	0	0.00463584	0.16604	0.167	0	0.0579543	0	4.45609e-06	0
0.713472	0.33802	335	0	0.00463584	0.16604	0.1675	0	0.0579654	0	4.44961e-06	0
0.713472	0.33802	336	0	0.00463584	0.16604	0.168	0	0.057976	0	4.44333e-06	0
0.713472	0.33802	337	0	0.00463584	0.16604	0.1685	0	0.0579862	0	4.43723e-06	0
0.713472	0.33802	338	0	0.00463584	0.16604	0.169	0	0.0579959	0	4.43133e-06	0
0.713472	0.33802	339	0	0.00463584	0.16604	0.1695	0	0.0580052	0	4.42561e-06	0
0.713472	0.33802	340	0	0.00463584	0.16604	0.17	0	0.058014	0	4.42009e-06	0
0.713472	0.33802	341	0	0.00463584	0.16604	0.1705	0	0.0580224	0	4.41475e-06	0
0.713472	0.33802	342	0	0.00463584	0.16604	0.171	0	0.0580303	0	4.4096e-06	0
0.713472	0.33802	343	0	0.00463584	0.16604	0.1715	0	0.0580378	0	4.40465e-06	0
0.713472	0.33802	344	0	0.00463584	0.16604	0.172	0	0.0580448	0	4.39988e-06	0
0.713472	0.33802	345	0	0.00463584	0.16604	0.1725	0	0.0580514	0	4.3953e-06	0
0.713472	0.33802	346	0	0.00463584	0.16604	0.173	0	0.0580576	0	4.39091e-06	0
0.713472	0.33802	347	0	0.00463584	0.16604	0.1735	0	0.0580634	0	4.38671e-06	0
0.713472	0.33802	348	0	0.00463584	0.16604	0.174	0	0.0580687	0	4.3827e-06	0
0.713472	0.33802	349	0	0.00463584	0.16604	0.1745	0	0.0580736	0	4.37887e-06	0
0.713472	0.33802	350	0	0.00463584	0.16604	0.175	0	0.0580781	0	4.37524e-06	0
0.713472	0.33802	351	0	0.00463584	0.16604	0.1755	0	0.0580821	0	4.3718e-06	0
0.713472	0.33802	352	0	0.00463584	0.16604	0.176	0	0.0580858	0	4.36855e-06	0
0.713472	0.33802	353	0	0.00463584	0.16604	0.1765	0	0.058089	0	4.36548e-06	0
0.713472	0.33802	354	0	0.00463584	0.16604	0.177	0	0.0580918	0	4.36261e-06	0
0.713472	0.33802	355	0	0.00463584	0.16604	0.1775	0	0.0580942	0	4.35993e-06	0
0.713472	0.33802	356	0	0.00463584	0.16604	0.178	0	0.0580962	0	4.35744e-06	0
0.713472	0.33802	357	0	0.00463584	0.16604	0.1785	0	0.0580978	0	4.35514e-06	0
0.713472	0.33802	358	0	0.00463584	0.16604	0.179	0	0.058099	0	4.35304e-06	0
0.713472	0.33802	359	0	0.00463584	0.16604	0.1795	0	0.0580998	0	4.35112e-06	0
0.713472	0.33802	360	0	0.00463584	0.16604	0.18	0	0.0581002	0	4.3494e-06	0
0.713472	0.33802	361	0	0.00463584	0.16604	0.1805	0	0.0581002	0	4.34787e-06	0
0.713472	0.33802	362	0	0.00463584	0.16604	0.181	0	0.0580999	0	4.34654e-06	0
0.713472	0.33802	363	0	0.00463584	0.16604	0.1815	0	0.0580991	0	4.3454e-06	0
0.713472	0.33802	364	0	0.00463584	0.16604	0.182	0	0.058098	0	4.34446e-06	0
0.713472	0.33802	365	0	0.00463584	0.16604	0.1825	0	0.0580964	0	4.34371e-06	0
0.713472	0.33802	366	0	0.00463584	0.16604	0.183	0	0.0580945	0	4.34316e-06	0
0.713472	0.33802	367	0	0.00463584	0.16604	0.1835	0	0.0580922	0	4.34281e-06	0
0.713472	0.33802	368	0	0.00463584	0.16604	0.184	0	0.0580896	0	4.34265e-06	0
0.713472	0.33802	369	0	0.00463584	0.16604	0.1845	0	0.0580865	0	4.3427e-06	0
0.713472	0.33802	370	0	0.00463584	0.16604	0.185	0	0.0580831	0	4.34294e-06	0
0.713472	0.33802	371	0	0.00463584	0.16604	0.1855	0	0.0580793	0	4.34339e-06	0
0.713472	0.33802	372	0	0.00463584	0.16604	0.186	0	0.0580752	0	4.34403e-06	0
0.713472	0.33802	373	0	0.00463584	0.16604	0.1865	0	0.0580707	0	4.34488e-06	0
0.713472	0.33802	374	0	0.00463584	0.16604	0.187	0	0.0580658	0	4.34593e-06	0
0.713472	0.33802	375	0	0.00463584	0.16604	0.1875	0	0.0580606	0	4.34719e-06	0
0.713472	0.33802	376	0	0.00463584	0.16604	0.188	0	0.058055	0	4.34865e-06	0
0.713472	0.33802	377	0	0.00463584	0.16604	0.1885	0	0.0580491	0	4.35032e-06	0
0.713472	0.33802	378	0	0.00463584	0.16604	0.189	0	0.0580428	0	4.3522e-06	0
0.713472	0.33802	379	0	0.00463584	0.16604	0.1895	0	0.0580362	0	4.35429e-06	0
0.713472	0.33802	380	0	0.00463584	0.16604	0.19	0	0.0580292	0	4.35659e-06	0
0.713472	0.33802	381	0	0.00463584	0.16604	0.1905	0	0.0580218	0	4.35909e-06	0
0.713472	0.33802	382	0	0.00463584	0.16604	0.191	0	0.0580142	0	4.36182e-06	0
0.713472	0.33802	383	0	0.00463584	0.16604	0.1915	0	0.0580062	0	4.36475e-06	0
0.713472	0.33802	384	0	0.00463584	0.16604	0.192	0	0.0579978	0	4.36791e-06	0
0.713472	0.33802	385	0	0.00463584	0.16604	0.1925	0	0.0579891	0	4.37128e-06	0
0.713472	0.33802	386	0	0.00463584	0.16604	0.193	0	0.0579801	0	4.37487e-06	0
0.713472	0.33802	387	0	0.00463584	0.16604	0.1935	0	0.0579707	0	4.37868e-06	0
0.713472	0.33802	388	0	0.00463584	0.16604	0.194	0	0.057961	0	4.38271e-06	0
0.713472	0.33802	389	0	0.00463584	0.16604	0.1945	0	0.057951	0	4.38697e-06	0
0.713472	0.33802	390	0	0.00463584	0.16604	0.195	0	0.0579407	0	4.39145e-06	0
0.713472	0.33802	391	0	0.00463584	0.16604	0.1955	0	0.05793	0	4.39616e-06	0
0.713472	0.33802	392	0	0.00463584	0.16604	0.196	0	0.057919	0	4.4011e-06	0
0.713472	0.33802	393	0	0.00463584	0.16604	0.1965	0	0.0579077	0	4.40627e-06	0
0.713472	0.33802	394	0	0.00463584	0.16604	0.197	0	0.057896	0	4.41167e-06	0
0.713472	0.33802	395	0	0.00463584	0.16604	0.1975	0	0.0578841	0	4.41731e-06	0
0.713472	0.33802	396	0	0.00463584	0.16604	0.198	0	0.0578718	0	4.42318e-06	0
0.713472	0.33802	397	0	0.00463584	0.16604	0.1985	0	0.0578592	0	4.4293e-06	0
0.713472	0.33802	398	0	0.00463584	0.16604	0.199	0	0.0578464	0	4.43565e-06	0
0.713472	0.33802	399	0	0.00463584	0.16604	0.1995	0	0.0578332	0	4.44225e-06	0
0.713472	0.33802	400	0	0.00463584	0.16604	0.2	0	0.0578196	0	4.4491e-06	0
0.713472	0.33802	401	0	0.00463584	0.16604	0.2005	0	0.0578058	0	4.45619e-06	0
0.713472	0.33802	402	0	0.00463584	0.16604	0.201	0	0.0577917	0	4.46354e-06	0
0.713472	0.33802	403	0	0.00463584	0.16604	0.2015	0	0.0577773	0	4.47114e-06	0
0.713472	0.33802	404	0	0.00463584	0.16604	0.202	0	0.0577626	0	4.47899e-06	0
0.713472	0.33802	405	0	0.00463584	0.16604	0.2025	0	0.0577476	0	4.4871e-06	0
0.713472	0.33802	406	0	0.00463584	0.16604	0.203	0	0.0577323	0	4.49548e-06	0
0.713472	0.33802	407	0	0.00463584	0.16604	0.2035	0	0.0577166	0	4.50412e-06	0
0.713472	0.33802	408	0	0.00463584	0.16604	0.204	0	0.0577007	0	4.51302e-06	0
0.713472	0.33802	409	0	0.00463584	0.16604	0.2045	0	0.0576846	0	4.5222e-06	0
0.713472	0.33802	410	0	0.00463584	0.16604	0.205	0	0.0576681	0	4.53164e-06	0
0.713472	0.33802	411	0	0.00463584	0.16604	0.2055	0	0.0576513	0	4.54137e-06	0
0.713472	0.33802	412	0	0.00463584	0.16604	0.206	0	0.0576342	0	4.55137e-06	0
0.713472	0.33802	413	0	0.00463584	0.16604	0.2065	0	0.0576169	0	4.56165e-06	0
0.713472	0.33802	414	0	0.00463584	0.16604	0.207	0	0.0575993	0	4.57222e-06	0
0.713472	0.33802	415	0	0.00463584	0.16604	0.2075	0	0.0575814	0	4.58308e-06	0
0.713472	0.33802	416	0	0.00463584	0.16604	0.208	0	0.0575632	0	4.59423e-06	0
0.713472	0.33802	417	0	0.00463584	0.16604	0.2085	0	0.0575447	0	4.60568e-06	0
0.713472	0.33802	418	0	0.00463584	0.16604	0.209	0	0.057526	0	4.61743e-06	0
0.713472	0.33802	419	0	0.00463584	0.16604	0.2095	0	0.057507	0	4.62948e-06	0
0.713472	0.33802	420	0	0.00463584	0.16604	0.21	0	0.0574877	0	4.64184e-06	0
0.713472	0.33802	421	0	0.00463584	0.16604	0.2105	0	0.0574682	0	4.65451e-06	0
0.713472	0.33802	422	0	0.00463584	0.16604	0.211	0	0.0574483	0	4.6675e-06	0
0.713472	0.33802	423	0	0.00463584	0.16604	0.2115	0	0.0574283	0	4.6808e-06	0
0.713472	0.33802	424	0	0.00463584	0.16604	0.212	0	0.0574079	0	4.69443e-06	0
0.713472	0.33802	425	0	0.00463584	0.16604	0.2125	0	0.0573873	0	4.70839e-06	0
0.713472	0.33802	426	0	0.00463584	0.16604	0.213	0	0.0573664	0	4.72268e-06	0
0.713472	0.33802	427	0	0.00463584	0.16604	0.2135	0	0.0573452	0	4.73731e-06	0
0.713472	0.33802	428	0	0.00463584	0.16604	0.214	0	0.0573238	0	4.75229e-06	0
0.713472	0.33802	429	0	0.00463584	0.16604	0.2145	0	0.0573022	0	4.76761e-06	0
0.713472	0.33802	430	0	0.00463584	0.16604	0.215	0	0.0572802	0	4.78328e-06	0
0.713472	0.33802	431	0	0.00463584	0.16604	0.2155	0	0.0572581	0	4.79931e-06	0
0.713472	0.33802	432	0	0.00463584	0.16604	0.216	0	0.0572356	0	4.81571e-06	0
0.713472	0.33802	433	0	0.00463584	0.16604	0.2165	0	0.057213	0	4.83247e-06	0
0.713472	0.33802	434	0	0.00463584	0.16604	0.217	0	0.05719	0	4.84961e-06	0
0.713472	0.33802	435	0	0.00463584	0.16604	0.2175	0	0.0571668	0	4.86712e-06	0
0.713472	0.33802	436	0	0.00463584	0.16604	0.218	0	0.0571434	0	4.88503e-06	0
0.713472	0.33802	437	0	0.00463584	0.16604	0.2185	0	0.0571197	0	4.90332e-06	0
0.713472	0.33802	438	0	0.00463584	0.16604	0.219	0	0.0570958	0	4.92202e-06	0
0.713472	0.33802	439	0	0.00463584	0.16604	0.2195	0	0.0570716	0	4.94112e-06	0
0.713472	0.33802	440	0	0.00463584	0.16604	0.22	0	0.0570472	0	4.96063e-06	0
0.713472	0.33802	441	0	0.00463584	0.16604	0.2205	0	0.0570225	0	4.98056e-06	0
0.713472	0.33802	442	0	0.00463584	0.16604	0.221	0	0.0569976	0	5.00091e-06	0
0.713472	0.33802	443	0	0.00463584	0.16604	0.2215	0	0.0569725	0	5.0217e-06	0
0.713472	0.33802	444	0	0.00463584	0.16604	0.222	0	0.0569471	0	5.04293e-06	0
0.713472	0.33802	445	0	0.00463584	0.16604	0.2225	0	0.0569215	0	5.0646e-06	0
0.713472	0.33802	446	0	0.00463584	0.16604	0.223	0	0.0568957	0	5.08673e-06	0
0.713472	0.33802	447	0	0.00463584	0.16604	0.2235	0	0.0568696	0	5.10932e-06	0
0.713472	0.33802	448	0	0.00463584	0.16604	0.224	0	0.0568433	0	5.13238e-06	0
0.713472	0.33802	449	0	0.00463584	0.16604	0.2245	0	0.0568168	0	5.15593e-06	0
0.713472	0.33802	450	0	0.00463584	0.16604	0.225	0	0.05679	0	5.17996e-06	0
0.713472	0.33802	451	0	0.00463584	0.16604	0.2255	0	0.056763	0	5.20449e-06	0
0.713472	0.33802	452	0	0.00463584	0.16604	0.226	0	0.0567358	0	5.22953e-06	0
0.713472	0.33802	453	0	0.00463584	0.16604	0.2265	0	0.0567083	0	5.25508e-06	0
0.713472	0.33802	454	0	0.00463584	0.16604	0.227	0	0.0566807	0	5.28116e-06	0
0.713472	0.33802	455	0	0.00463584	0.16604	0.2275	0	0.0566528	0	5.30777e-06	0
0.713472	0.33802	456	0	0.00463584	0.16604	0.228	0	0.0566246	0	5.33493e-06	0
0.713472	0.33802	457	0	0.00463584	0.16604	0.2285	0	0.0565963	0	5.36265e-06	0
0.713472	0.33802	458	0	0.00463584	0.16604	0.229	0	0.0565677	0	5.39094e-06	0
0.713472	0.33802	459	0	0.00463584	0.16604	0.2295	0	0.056539	0	5.4198e-06	0
0.713472	0.33802	460	0	0.00463584	0.16604	0.23	0	0.05651	0	5.44926e-06	0
0.713472	0.33802	461	0	0.00463584	0.16604	0.2305	0	0.0564808	0	5.47932e-06	0
0.713472	0.33802	462	0	0.00463584	0.16604	0.231	0	0.0564513	0	5.51e-06	0
0.713472	0.33802	463	0	0.00463584	0.16604	0.2315	0	0.0564217	0	5.5413e-06	0
0.713472	0.33802	464	0	0.00463584	0.16604	0.232	0	0.0563919	0	5.57324e-06	0
0.713472	0.33802	465	0	0.00463584	0.16604	0.2325	0	0.0563618	0	5.60584e-06	0
0.713472	0.33802	466	0	0.00463584	0.16604	0.233	0	0.0563315	0	5.63911e-06	0
0.713472	0.33802	467	0	0.00463584	0.16604	0.2335	0	0.056301	0	5.67306e-06	0
0.713472	0.33802	468	0	0.00463584	0.16604	0.234	0	0.0562704	0	5.70771e-06	0
0.713472	0.33802	469	0	0.00463584	0.16604	0.2345	0	0.0562395	0	5.74307e-06	0
0.713472	0.33802	470	0	0.00463584	0.16604	0.235	0	0.0562084	0	5.77917e-06	0
0.713472	0.33802	471	0	0.00463584	0.16604	0.2355	0	0.0561771	0	5.816e-06	0
0.713472	0.33802	472	0	0.00463584	0.16604	0.236	0	0.0561456	0	5.8536e-06	0
0.713472	0.33802	473	0	0.00463584	0.16604	0.2365	0	0.0561139	0	5.89198e-06	0
0.713472	0.33802	474	0	0.00463584	0.16604	0.237	0	0.0560819	0	5.93116e-06	0
0.713472	0.33802	475	0	0.00463584	0.16604	0.2375	0	0.0560498	0	5.97115e-06	0
0.713472	0.33802	476	0	0.00463584	0.16604	0.238	0	0.0560175	0	6.01198e-06	0
0.713472	0.33802	477	0	0.00463584	0.16604	0.2385	0	0.055985	0	6.05367e-06	0
0.713472	0.33802	478	0	0.00463584	0.16604	0.239	0	0.0559523	0	6.09623e-06	0
0.713472	0.33802	479	0	0.00463584	0.16604	0.2395	0	0.0559194	0	6.13969e-06	0
0.713472	0.33802	480	0	0.00463584	0.16604	0.24	0	0.0558863	0	6.18407e-06	0
0.713472	0.33802	481	0	0.00463584	0.16604	0.2405	0	0.0558531	0	6.22939e-06	0
0.713472	0.33802	482	0	0.00463584	0.16604	0.241	0	0.0558196	0	6.27567e-06	0
0.713472	0.33802	483	0	0.00463584	0.16604	0.2415	0	0.0557859	0	6.32295e-06	0
0.713472	0.33802	484	0	0.00463584	0.16604	0.242	0	0.0557521	0	6.37124e-06	0
0.713472	0.33802	485	0	0.00463584	0.16604	0.2425	0	0.055718	0	6.42058e-06	0
0.713472	0.33802	486	0	0.00463584	0.16604	0.243	0	0.0556838	0	6.47098e-06	0
0.713472	0.33802	487	0	0.00463584	0.16604	0.2435	0	0.0556493	0	6.52248e-06	0
0.713472	0.33802	488	0	0.00463584	0.16604	0.244	0	0.0556147	0	6.57511e-06	0
0.713472	0.33802	489	0	0.00463584	0.16604	0.2445	0	0.0555799	0	6.62889e-06	0
0.713472	0.33802	490	0	0.00463584	0.16604	0.245	0	0.055545	0	6.68386e-06	0
0.713472	0.33802	491	0	0.00463584	0.16604	0.2455	0	0.0555098	0	6.74005e-06	0
0.713472	0.33802	492	0	0.00463584	0.16604	0.246	0	0.0554745	0	6.7975e-06	0
0.713472	0.33802	493	0	0.00463584	0.16604	0.2465	0	0.0554389	0	6.85623e-06	0
0.713472	0.33802	494	0	0.00463584	0.16604	0.247	0	0.0554032	0	6.9163e-06	0
0.713472	0.33802	495	0	0.00463584	0.16604	0.2475	0	0.0553673	0	6.97772e-06	0
0.713472	0.33802	496	0	0.00463584	0.16604	0.248	0	0.0553313	0	7.04056e-06	0
0.713472	0.33802	497	0	0.00463584	0.16604	0.2485	0	0.055295	0	7.10483e-06	0
0.713472	0.33802	498	0	0.00463584	0.16604	0.249	0	0.0552586	0	7.1706e-06	0
0.713472	0.33802	499	0	0.00463584	0.16604	0.2495	0	0.055222	0	7.23789e-06	0
0.713472	0.33802	500	0	0.00463584	0.16604	0.25	0	0.0551852	0	7.30677e-06	0
0.713472	0.33802	501	0	0.00463584	0.16604	0.2505	0	0.0551483	0	7.37727e-06	0
0.713472	0.33802	502	0	0.00463584	0.16604	0.251	0	0.0551112	0	7.44945e-06	0
0.713472	0.33802	503	0	0.00463584	0.16604	0.2515	0	0.0550739	0	7.52336e-06	0
0.713472	0.33802	504	0	0.00463584	0.16604	0.252	0	0.0550364	0	7.59905e-06	0
0.713472	0.33802	505	0	0.00463584	0.16604	0.2525	0	0.0549988	0	7.67659e-06	0
0.713472	0.33802	506	0	0.00463584	0.16604	0.253	0	0.054961	0	7.75603e-06	0
0.713472	0.33802	507	0	0.00463584	0.16604	0.2535	0	0.054923	0	7.83743e-06	0
0.713472	0.33802	508	0	0.00463584	0.16604	0.254	0	0.0548849	0	7.92087e-06	0
0.713472	0.33802	509	0	0.00463584	0.16604	0.2545	0	0.0548466	0	8.0064e-06	0
0.713472	0.33802	510	0	0.00463584	0.16604	0.255	0	0.0548081	0	8.0941e-06	0
0.713472	0.33802	511	0	0.00463584	0.16604	0.2555	0	0.0547695	0	8.18404e-06	0
0.713472	0.33802	512	0	0.00463584	0.16604	0.256	0	0.0547307	0	8.27631e-06	0
0.713472	0.33802	513	0	0.00463584	0.16604	0.2565	0	0.0546917	0	8.37098e-06	0
0.713472	0.33802	514	0	0.00463584	0.16604	0.257	0	0.0546526	0	8.46813e-06	0
0.713472	0.33802	515	0	0.00463584	0.16604	0.2575	0	0.0546133	0	8.56787e-06	0
0.713472	0.33802	516	0	0.00463584	0.16604	0.258	0	0.0545738	0	8.67029e-06	0
0.713472	0.33802	517	0	0.00463584	0.16604	0.2585	0	0.0545342	0	8.77547e-06	0
0.713472	0.33802	518	0	0.00463584	0.16604	0.259	0	0.0544945	0	8.88354e-06	0
0.713472	0.33802	519	0	0.00463584	0.16604	0.2595	0	0.0544545	0	8.99459e-06	0
0.713472	0.33802	520	0	0.00463584	0.16604	0.26	0	0.0544145	0	9.10874e-06	0
0.713472	0.33802	521	0	0.00463584	0.16604	0.2605	0	0.0543742	0	9.22612e-06	0
0.713472	0.33802	522	0	0.00463584	0.16604	0.261	0	0.0543338	0	9.34685e-06	0
0.713472	0.33802	523	0	0.00463584	0.16604	0.2615	0	0.0542933	0	9.47107e-06	0
0.713472	0.33802	524	0	0.00463584	0.16604	0.262	0	0.0542525	0	9.59892e-06	0
0.713472	0.33802	525	0	0.00463584	0.16604	0.2625	0	0.0542117	0	9.73054e-06	0
0.713472	0.33802	526	0	0.00463584	0.16604	0.263	0	0.0541707	0	9.86611e-06	0
0.713472	0.33802	527	0	0.00463584	0.16604	0.2635	0	0.0541295	0	1.00058e-05	0
0.713472	0.33802	528	0	0.00463584	0.16604	0.264	0	0.0540882	0	1.01497e-05	0
0.713472	0.33802	529	0	0.00463584	0.16604	0.2645	0	0.0540467	0	1.02982e-05	0
0.713472	0.33802	530	0	0.00463584	0.16604	0.265	0	0.0540051	0	1.04512e-05	0
0.713472	0.33802	531	0	0.00463584	0.16604	0.2655	0	0.0539633	0	1.06092e-05	0
0.713472	0.33802	532	0	0.00463584	0.16604	0.266	0	0.0539214	0	1.07723e-05	0
0.713472	0.33802	533	0	0.00463584	0.16604	0.2665	0	0.0538793	0	1.09407e-05	0
0.713472	0.33802	534	0	0.00463584	0.16604	0.267	0	0.0538371	0	1.11147e-05	0
0.713472	0.33802	535	0	0.00463584	0.16604	0.2675	0	0.0537948	0	1.12946e-05	0
0.713472	0.33802	536	0	0.00463584	0.16604	0.268	0	0.0537523	0	1.14807e-05	0
0.713472	0.33802	537	0	0.00463584	0.16604	0.2685	0	0.0537096	0	1.16732e-05	0
0.713472	0.33802	538	0	0.00463584	0.16604	0.269	0	0.0536668	0	1.18725e-05	0
0.713472	0.33802	539	0	0.00463584	0.16604	0.2695	0	0.0536239	0	1.20789e-05	0
0.713472	0.33802	540	0	0.00463584	0.16604	0.27	0	0.0535808	0	1.22928e-05	0
0.713472	0.33802	541	0	0.00463584	0.16604	0.2705	0	0.0535376	0	1.25147e-05	0
0.713472	0.33802	542	0	0.00463584	0.16604	0.271	0	0.0534942	0	1.27449e-05	0
0.713472	0.33802	543	0	0.00463584	0.16604	0.2715	0	0.0534507	0	1.29839e-05	0
0.713472	0.33802	544	0	0.00463584	0.16604	0.272	0	0.0534071	0	1.32321e-05	0
0.713472	0.33802	545	0	0.00463584	0.16604	0.2725	0	0.0533633	0	1.34903e-05	0
0.713472	0.33802	546	0	0.00463584	0.16604	0.273	0	0.0533193	0	1.37588e-05	0
0.713472	0.33802	547	0	0.00463584	0.16604	0.2735	0	0.0532753	0	1.40384e-05	0
0.713472	0.33802	548	0	0.00463584	0.16604	0.274	0	0.0532311	0	1.43297e-05	0
0.713472	0.33802	549	0	0.00463584	0.16604	0.2745	0	0.0531868	0	1.46334e-05	0
0.713472	0.33802	550	0	0.00463584	0.16604	0.275	0	0.0531423	0	1.49504e-05	0
0.713472	0.33802	551	0	0.00463584	0.16604	0.2755	0	0.0530977	0	1.52815e-05	0
0.713472	0.33802	552	0	0.00463584	0.16604	0.276	0	0.0530529	0	1.56276e-05	0
0.713472	0.33802	553	0	0.00463584	0.16604	0.2765	0	0.0530081	0	1.59897e-05	0
0.713472	0.33802	554	0	0.00463584	0.16604	0.277	0	0.0529631	0	1.63691e-05	0
0.713472	0.33802	555	0	0.00463584	0.16604	0.2775	0	0.0529179	0	1.67668e-05	0
0.713472	0.33802	556	0	0.00463584	0.16604	0.278	0	0.0528726	0	1.71843e-05	0
0.713472	0.33802	557	0	0.00463584	0.16604	0.2785	0	0.0528272	0	1.7623e-05	0
0.713472	0.33802	558	0	0.00463584	0.16604	0.279	0	0.0527817	0	1.80845e-05	0
0.713472	0.33802	559	0	0.00463584	0.16604	0.2795	0	0.052736	0	1.85707e-05	0
0.713472	0.33802	560	0	0.00463584	0.16604	0.28	0	0.0526902	0	1.90835e-05	0
0.713472	0.33802	561	0	0.00463584	0.16604	0.2805	0	0.0526443	0	1.96252e-05	0
0.713472	0.33802	562	0	0.00463584	0.16604	0.281	0	0.0525983	0	2.01983e-05	0
0.713472	0.33802	563	0	0.00463584	0.16604	0.2815	0	0.0525521	0	2.08054e-05	0
0.713472	0.33802	564	0	0.00463584	0.16604	0.282	0	0.0525058	0	2.14497e-05	0
0.713472	0.33802	565	0	0.00463584	0.16604	0.2825	0	0.0524593	0	2.21347e-05	0
0.713472	0.33802	566	0	0.00463584	0.16604	0.283	0	0.0524128	0	2.28643e-05	0
0.713472	0.33802	567	0	0.00463584	0.16604	0.2835	0	0.0523661	0	2.3643e-05	0
0.713472	0.33802	568	0	0.00463584	0.16604	0.284	0	0.0523193	0	2.44758e-05	0
0.713472	0.33802	569	0	0.00463584	0.16604	0.2845	0	0.0522723	0	2.53685e-05	0
0.713472	0.33802	570	0	0.00463584	0.16604	0.285	0	0.0522253	0	2.63277e-05	0
0.713472	0.33802	571	0	0.00463584	0.16604	0.2855	0	0.0521781	0	2.73612e-05	0
0.713472	0.33802	572	0	0.00463584	0.16604	0.286	0	0.0521308	0	2.84778e-05	0
0.713472	0.33802	573	0	0.00463584	0.16604	0.2865	0	0.0520834	0	2.96879e-05	0
0.713472	0.33802	574	0	0.00463584	0.16604	0.287	0	0.0520358	0	3.10037e-05	0
0.713472	0.33802	575	0	0.00463584	0.16604	0.2875	0	0.0519882	0	3.24395e-05	0
0.713472	0.33802	576	0	0.00463584	0.16604	0.288	0	0.0519404	0	3.40125e-05	0
0.713472	0.33802	577	0	0.00463584	0.16604	0.2885	0	0.0518925	0	3.57433e-05	0
0.713472	0.33802	578	0	0.00463584	0.16604	0.289	0	0.0518445	0	3.76566e-05	0
0.713472	0.33802	579	0	0.00463584	0.16604	0.2895	0	0.0517963	0	3.97829e-05	0
0.713472	0.33802	580	0	0.00463584	0.16604	0.29	0	0.051748	0	4.21596e-05	0
0.713472	0.33802	581	0	0.00463584	0.16604	0.2905	0	0.0516997	0	4.48336e-05	0
0.713472	0.33802	582	0	0.00463584	0.16604	0.291	0	0.0516512	0	4.78643e-05	0
0.713472	0.33802	583	0	0.00463584	0.16604	0.2915	0	0.0516026	0	5.13279e-05	0
0.713472	0.33802	584	0	0.00463584	0.16604	0.292	0	0.0515538	0	5.5324e-05	0
0.713472	0.33802	585	0	0.00463584	0.16604	0.2925	0	0.051505	0	5.99853e-05	0
0.713472	0.33802	586	0	0.00463584	0.16604	0.293	0	0.051456	0	6.54928e-05	0
0.713472	0.33802	587	0	0.00463584	0.16604	0.2935	0	0.051407	0	7.20995e-05	0
0.713472	0.33802	588	0	0.00463584	0.16604	0.294	0	0.0513578	0	8.01704e-05	0
0.713472	0.33802	589	0	0.00463584	0.16604	0.2945	0	0.0513085	0	9.02522e-05	0
0.713472	0.33802	590	0	0.00463584	0.16604	0.295	0	0.0512591	0	0.000103203	0
0.713472	0.33802	591	0	0.00463584	0.16604	0.2955	0	0.0512095	0	0.000120448	0
0.713472	0.33802	592	0	0.00463584	0.16604	0.296	0	0.0511599	0	0.000144549	0
0.713472	0.33802	593	0	0.00463584	0.16604	0.2965	0	0.0511102	0	0.000180603	0
0.713472	0.33802	594	0	0.00463584	0.16604	0.297	0	0.0510603	0	0.000240432	0
0.713472	0.33802	595	0	0.00463584	0.16604	0.2975	0	0.0510103	0	0.000359112	0
0.713472	0.33802	596	0	0.00463584	0.16604	0.298	0	0.0509603	0	0.000707475	0
0.713472	0.33802	597	0	0.00463584	0.16604	0.2985	0	0.0509101	0	0.0218687	0
0.713472	0.33802	598	0	0.00463584	0.16604	0.299	0	0.0508598	0	-0.000758413	0
0.713472	0.33802	599	0	0.00463584	0.16604	0.2995	0	0.0508094	0	-0.000373236	0
0.713472	0.33802	600	0	0.00463584	0.16604	0.3	0	0.0507589	0	-0.000247745	0
0.713472	0.33802	601	0	0.00463584	0.16604	0.3005	0	0.0507083	0	-0.000185533	0
0.713472	0.33802	602	0	0.00463584	0.16604	0.301	0	0.0506575	0	-0.000148376	0
0.713472	0.33802	603	0	0.00463584	0.16604	0.3015	0	0.0506067	0	-0.000123676	0
0.713472	0.33802	604	0	0.00463584	0.16604	0.302	0	0.0505558	0	-0.000106069	0
0.713472	0.33802	605	0	0.00463584	0.16604	0.3025	0	0.0505047	0	-9.28838e-05	0
0.713472	0.33802	606	0	0.00463584	0.16604	0.303	0	0.0504536	0	-8.2641e-05	0
0.713472	0.33802	607	0	0.00463584	0.16604	0.3035	0	0.0504023	0	-7.4455e-05	0
0.713472	0.33802	608	0	0.00463584	0.16604	0.304	0	0.050351	0	-6.77631e-05	0
0.713472	0.33802	609	0	0.00463584	0.16604	0.3045	0	0.0502995	0	-6.21906e-05	0
0.713472	0.33802	610	0	0.00463584	0.16604	0.305	0	0.050248	0	-5.74787e-05	0
0.713472	0.33802	611	0	0.00463584	0.16604	0.3055	0	0.0501963	0	-5.34423e-05	0
0.713472	0.33802	612	0	0.00463584	0.16604	0.306	0	0.0501446	0	-4.99463e-05	0
0.713472	0.33802	613	0	0.00463584	0.16604	0.3065	0	0.0500927	0	-4.68889e-05	0
0.713472	0.33802	614	0	0.00463584	0.16604	0.307	0	0.0500407	0	-4.41927e-05	0
0.713472	0.33802	615	0	0.00463584	0.16604	0.3075	0	0.0499887	0	-4.17973e-05	0
0.713472	0.33802	616	0	0.00463584	0.16604	0.308	0	0.0499365	0	-3.96551e-05	0
0.713472	0.33802	617	0	0.00463584	0.16604	0.3085	0	0.0498842	0	-3.77282e-05	0
0.713472	0.33802	618	0	0.00463584	0.16604	0.309	0	0.0498319	0	-3.59856e-05	0
0.713472	0.33802	619	0	0.00463584	0.16604	0.3095	0	0.0497794	0	-3.44023e-05	0
0.713472	0.33802	620	0	0.00463584	0.16604	0.31	0	0.0497268	0	-3.29574e-05	0
0.713472	0.33802	621	0	0.00463584	0.16604	0.3105	0	0.0496742	0	-3.16336e-05	0
0.713472	0.33802	622	0	0.00463584	0.16604	0.311	0	0.0496214	0	-3.04163e-05	0
0.713472	0.33802	623	0	0.00463584	0.16604	0.3115	0	0.0495686	0	-2.92933e-05	0
0.713472	0.33802	624	0	0.00463584	0.16604	0.312	0	0.0495156	0	-2.8254e-05	0
0.713472	0.33802	625	0	0.00463584	0.16604	0.3125	0	0.0494626	0	-2.72895e-05	0
0.713472	0.33802	626	0	0.00463584	0.16604	0.313	0	0.0494094	0	-2.6392e-05	0
0.713472	0.33802	627	0	0.00463584	0.16604	0.3135	0	0.0493562	0	-2.55548e-05	0
0.713472	0.33802	628	0	0.00463584	0.16604	0.314	0	0.0493029	0	-2.47721e-05	0
0.713472	0.33802	629	1	0.00463584	0.16604	0.3145	0	0.0492494	0	-2.40387e-05	0
0.713472	0.33802	630	1	0.00463584	0.16604	0.315	0	0.0491959	0	-2.33502e-05	0
0.713472	0.33802	631	1	0.00463584	0.16604	0.3155	0	0.0491423	0	-2.27026e-05	0
0.713472	0.33802	632	1	0.00463584	0.16604	0.316	0	0.0490886	0	-2.20924e-05	0
0.713472	0.33802	633	1	0.00463584	0.16604	0.3165	0	0.0490348	0	-2.15164e-05	0
0.713472	0.33802	634	1	0.00463584	0.16604	0.317	0	0.0489809	0	-2.0972e-05	0
0.713472	0.33802	635	1	0.00463584	0.16604	0.3175	0	0.0489269	0	-2.04565e-05	0
0.713472	0.33802	636	1	0.00463584	0.16604	0.318	0	0.0488728	0	-1.99678e-05	0
0.713472	0.33802	637	1	0.00463584	0.16604	0.3185	0	0.0488187	0	-1.95039e-05	0
0.713472	0.33802	638	1	0.00463584	0.16604	0.319	0	0.0487644	0	-1.90629e-05	0
0.713472	0.33802	639	1	0.00463584	0.16604	0.3195	0	0.0487101	0	-1.86432e-05	0
0.713472	0.33802	640	1	0.00463584	0.16604	0.32	0	0.0486556	0	-1.82434e-05	0
0.713472	0.33802	641	1	0.00463584	0.16604	0.3205	0	0.0486011	0	-1.7862e-05	0
0.713472	0.33802	642	1	0.00463584	0.16604	0.321	0	0.0485465	0	-1.74978e-05	0
0.713472	0.33802	643	1	0.00463584	0.16604	0.3215	0	0.0484918	0	-1.71497e-05	0
0.713472	0.33802	644	1	0.00463584	0.16604	0.322	0	0.048437	0	-1.68167e-05	0
0.713472	0.33802	645	1	0.00463584	0.16604	0.3225	0	0.0483821	0	-1.64979e-05	0
0.713472	0.33802	646	1	0.00463584	0.16604	0.323	0	0.0483271	0	-1.61923e-05	0
0.713472	0.33802	647	1	0.00463584	0.16604	0.3235	0	0.0482721	0	-1.58992e-05	0
0.713472	0.33802	648	1	0.00463584	0.16604	0.324	0	0.0482169	0	-1.56178e-05	0
0.713472	0.33802	649	1	0.00463584	0.16604	0.3245	0	0.0481617	0	-1.53475e-05	0
0.713472	0.33802	650	1	0.00463584	0.16604	0.325	0	0.0481063	0	-1.50876e-05	0
0.713472	0.33802	651	1	0.00463584	0.16604	0.3255	0	0.0480509	0	-1.48376e-05	0
0.713472	0.33802	652	1	0.00463584	0.16604	0.326	0	0.0479955	0	-1.45969e-05	0
0.713472	0.33802	653	1	0.00463584	0.16604	0.3265	0	0.0479399	0	-1.4365e-05	0
0.713472	0.33802	654	1	0.00463584	0.16604	0.327	0	0.0478842	0	-1.41414e-05	0
0.713472	0.33802	655	1	0.00463584	0.16604	0.3275	0	0.0478285	0	-1.39258e-05	0
0.713472	0.33802	656	1	0.00463584	0.16604	0.328	0	0.0477726	0	-1.37177e-05	0
0.713472	0.33802	657	1	0.00463584	0.16604	0.3285	0	0.0477167	0	-1.35167e-05	0
0.713472	0.33802	658	1	0.00463584	0.16604	0.329	0	0.0476607	0	-1.33225e-05	0
0.713472	0.33802	659	1	0.00463584	0.16604	0.3295	0	0.0476046	0	-1.31348e-05	0
0.713472	0.33802	660	1	0.00463584	0.16604	0.33	0	0.0475485	0	-1.29532e-05	0
0.713472	0.33802	661	1	0.00463584	0.16604	0.3305	0	0.0474922	0	-1.27775e-05	0
0.713472	0.33802	662	1	0.00463584	0.16604	0.331	0	0.0474359	0	-1.26074e-05	0
0.713472	0.33802	663	1	0.00463584	0.16604	0.3315	0	0.0473795	0	-1.24426e-05	0
0.713472	0.33802	664	1	0.00463584	0.16604	0.332	0	0.047323	0	-1.22829e-05	0
0.713472	0.33802	665	1	0.00463584	0.16604	0.3325	0	0.0472664	0	-1.21281e-05	0
0.713472	0.33802	666	1	0.00463584	0.16604	0.333	0	0.0472098	0	-1.1978e-05	0
0.713472	0.33802	667	1	0.00463584	0.16604	0.3335	0	0.047153	0	-1.18323e-05	0
0.713472	0.33802	668	1	0.00463584	0.16604	0.334	0	0.0470962	0	-1.16909e-05	0
0.713472	0.33802	669	1	0.00463584	0.16604	0.3345	0	0.0470393	0	-1.15535e-05	0
0.713472	0.33802	670	1	0.00463584	0.16604	0.335	0	0.0469824	0	-1.14201e-05	0
0.713472	0.33802	671	1	0.00463584	0.16604	0.3355	0	0.0469253	0	-1.12905e-05	0
0.713472	0.33802	672	1	0.00463584	0.16604	0.336	0	0.0468682	0	-1.11645e-05	0
0.713472	0.33802	673	1	0.00463584	0.16604	0.3365	0	0.046811	0	-1.1042e-05	0
0.713472	0.33802	674	1	0.00463584	0.16604	0.337	0	0.0467537	0	-1.09228e-05	0
0.713472	0.33802	675	1	0.00463584	0.16604	0.3375	0	0.0466963	0	-1.08068e-05	0
0.713472	0.33802	676	1	0.00463584	0.16604	0.338	0	0.0466389	0	-1.06939e-05	0
0.713472	0.33802	677	1	0.00463584	0.16604	0.3385	0	0.0465813	0	-1.05839e-05	0
0.713472	0.33802	678	1	0.00463584	0.16604	0.339	0	0.0465237	0	-1.04768e-05	0
0.713472	0.33802	679	1	0.00463584	0.16604	0.3395	0	0.0464661	0	-1.03725e-05	0
0.713472	0.33802	680	1	0.00463584	0.16604	0.34	0	0.0464083	0	-1.02709e-05	0
0.713472	0.33802	681	1	0.00463584	0.16604	0.3405	0	0.0463505	0	-1.01718e-05	0
0.713472	0.33802	682	1	0.00463584	0.16604	0.341	0	0.0462926	0	-1.00752e-05	0
0.713472	0.33802	683	1	0.00463584	0.16604	0.3415	0	0.0462346	0	-9.98091e-06	0
0.713472	0.33802	684	1	0.00463584	0.16604	0.342	0	0.0461766	0	-9.88897e-06	0
0.713472	0.33802	685	1	0.00463584	0.16604	0.3425	0	0.0461184	0	-9.79926e-06	0
0.713472	0.33802	686	1	0.00463584	0.16604	0.343	0	0.0460602	0	-9.7117e-06	0
0.713472	0.33802	687	1	0.00463584	0.16604	0.3435	0	0.046002	0	-9.62622e-06	0
0.713472	0.33802	688	1	0.00463584	0.16604	0.344	0	0.0459436	0	-9.54274e-06	0
0.713472	0.33802	689	1	0.00463584	0.16604	0.3445	0	0.0458852	0	-9.46121e-06	0
0.713472	0.33802	690	1	0.00463584	0.16604	0.345	0	0.0458267	0	-9.38156e-06	0
0.713472	0.33802	691	1	0.00463584	0.16604	0.3455	0	0.0457681	0	-9.30373e-06	0
0.713472	0.33802	692	1	0.00463584	0.16604	0.346	0	0.0457095	0	-9.22767e-06	0
0.713472	0.33802	693	1	0.00463584	0.16604	0.3465	0	0.0456508	0	-9.15331e-06	0
0.713472	0.33802	694	1	0.00463584	0.16604	0.347	0	0.045592	0	-9.08061e-06	0
0.713472	0.33802	695	1	0.00463584	0.16604	0.3475	0	0.0455331	0	-9.00951e-06	0
0.713472	0.33802	696	1	0.00463584	0.16604	0.348	0	0.0454742	0	-8.93998e-06	0
0.713472	0.33802	697	1	0.00463584	0.16604	0.3485	0	0.0454152	0	-8.87195e-06	0
0.713472	0.33802	698	1	0.00463584	0.16604	0.349	0	0.0453561	0	-8.80538e-06	0
0.713472	0.33802	699	1	0.00463584	0.16604	0.3495	0	0.045297	0	-8.74024e-06	0
0.713472	0.33802	700	1	0.00463584	0.16604	0.35	0	0.0452378	0	-8.67648e-06	0
0.713472	0.33802	701	1	0.00463584	0.16604	0.3505	0	0.0451785	0	-8.61406e-06	0
0.713472	0.33802	702	1	0.00463584	0.16604	0.351	0	0.0451191	0	-8.55294e-06	0
0.713472	0.33802	703	1	0.00463584	0.16604	0.3515	0	0.0450597	0	-8.49309e-06	0
0.713472	0.33802	704	1	0.00463584	0.16604	0.352	0	0.0450002	0	-8.43447e-06	0
0.713472	0.33802	705	1	0.00463584	0.16604	0.3525	0	0.0449407	0	-8.37704e-06	0
0.713472	0.33802	706	1	0.00463584	0.16604	0.353	0	0.044881	0	-8.32078e-06	0
0.713472	0.33802	707	1	0.00463584	0.16604	0.3535	0	0.0448213	0	-8.26565e-06	0
0.713472	0.33802	708	1	0.00463584	0.16604	0.354	0	0.0447616	0	-8.21162e-06	0
0.713472	0.33802	709	1	0.00463584	0.16604	0.3545	0	0.0447017	0	-8.15866e-06	0
0.713472	0.33802	710	1	0.00463584	0.16604	0.355	0	0.0446418	0	-8.10675e-06	0
0.713472	0.33802	711	1	0.00463584	0.16604	0.3555	0	0.0445819	0	-8.05585e-06	0
0.713472	0.33802	712	1	0.00463584	0.16604	0.356	0	0.0445218	0	-8.00594e-06	0
0.713472	0.33802	713	1	0.00463584	0.16604	0.3565	0	0.0444617	0	-7.957e-06	0
0.713472	0.33802	714	1	0.00463584	0.16604	0.357	0	0.0444016	0	-7.90899e-06	0
0.713472	0.33802	715	1	0.00463584	0.16604	0.3575	0	0.0443413	0	-7.8619e-06	0
0.713472	0.33802	716	1	0.00463584	0.16604	0.358	0	0.044281	0	-7.81571e-06	0
0.713472	0.33802	717	1	0.00463584	0.16604	0.3585	0	0.0442207	0	-7.77038e-06	0
0.713472	0.33802	718	1	0.00463584	0.16604	0.359	0	0.0441602	0	-7.7259e-06	0
0.713472	0.33802	719	1	0.00463584	0.16604	0.3595	0	0.0440998	0	-7.68226e-06	0
0.713472	0.33802	720	1	0.00463584	0.16604	0.36	0	0.0440392	0	-7.63941e-06	0
0.713472	0.33802	721	1	0.00463584	0.16604	0.3605	0	0.0439786	0	-7.59736e-06	0
0.713472	0.33802	722	1	0.00463584	0.16604	0.361	0	0.0439179	0	-7.55608e-06	0
0.713472	0.33802	723	1	0.00463584	0.16604	0.3615	0	0.0438571	0	-7.51555e-06	0
0.713472	0.33802	724	1	0.00463584	0.16604	0.362	0	0.0437963	0	-7.47575e-06	0
0.713472	0.33802	725	1	0.00463584	0.16604	0.3625	0	0.0437354	0	-7.43667e-06	0
0.713472	0.33802	726	1	0.00463584	0.16604	0.363	0	0.0436745	0	-7.39829e-06	0
0.713472	0.33802	727	1	0.00463584	0.16604	0.3635	0	0.0436135	0	-7.36059e-06	0
0.713472	0.33802	728	1	0.00463584	0.16604	0.364	0	0.0435524	0	-7.32356e-06	0
0.713472	0.33802	729	1	0.00463584	0.16604	0.3645	0	0.0434913	0	-7.28719e-06	0
0.713472	0.33802	730	1	0.00463584	0.16604	0.365	0	0.0434301	0	-7.25145e-06	0
0.713472	0.33802	731	1	0.00463584	0.16604	0.3655	0	0.0433688	0	-7.21634e-06	0
0.713472	0.33802	732	1	0.00463584	0.16604	0.366	0	0.0433075	0	-7.18184e-06	0
0.713472	0.33802	733	1	0.00463584	0.16604	0.3665	0	0.0432461	0	-7.14794e-06	0
0.713472	0.33802	734	1	0.00463584	0.16604	0.367	0	0.0431847	0	-7.11462e-06	0
0.713472	0.33802	735	1	0.00463584	0.16604	0.3675	0	0.0431231	0	-7.08188e-06	0
0.713472	0.33802	736	1	0.00463584	0.16604	0.368	0	0.0430616	0	-7.04969e-06	0
0.713472	0.33802	737	1	0.00463584	0.16604	0.3685	0	0.0429999	0	-7.01805e-06	0
0.713472	0.33802	738	1	0.00463584	0.16604	0.369	0	0.0429383	0	-6.98695e-06	0
0.713472	0.33802	739	1	0.00463584	0.16604	0.3695	0	0.0428765	0	-6.95638e-06	0
0.713472	0.33802	740	1	0.00463584	0.16604	0.37	0	0.0428147	0	-6.92631e-06	0
0.713472	0.33802	741	1	0.00463584	0.16604	0.3705	0	0.0427528	0	-6.89675e-06	0
0.713472	0.33802	742	1	0.00463584	0.16604	0.371	0	0.0426909	0	-6.86769e-06	0
0.713472	0.33802	743	1	0.00463584	0.16604	0.3715	0	0.0426289	0	-6.83911e-06	0
0.713472	0.33802	744	1	0.00463584	0.16604	0.372	0	0.0425669	0	-6.811e-06	0
0.713472	0.33802	745	1	0.00463584	0.16604	0.3725	0	0.0425048	0	-6.78335e-06	0
0.713472	0.33802	746	1	0.00463584	0.16604	0.373	0	0.0424426	0	-6.75616e-06	0
0.713472	0.33802	747	1	0.00463584	0.16604	0.3735	0	0.0423804	0	-6.72942e-06	0
0.713472	0.33802	748	1	0.00463584	0.16604	0.374	0	0.0423181	0	-6.70312e-06	0
0.713472	0.33802	749	1	0.00463584	0.16604	0.3745	0	0.0422557	0	-6.67724e-06	0
0.713472	0.33802	750	1	0.00463584	0.16604	0.375	0	0.0421933	0	-6.65178e-06	0
0.713472	0.33802	751	1	0.00463584	0.16604	0.3755	0	0.0421309	0	-6.62674e-06	0
0.713472	0.33802	752	1	0.00463584	0.16604	0.376	0	0.0420684	0	-6.6021e-06	0
0.713472	0.33802	753	1	0.00463584	0.16604	0.3765	0	0.0420058	0	-6.57785e-06	0
0.713472	0.33802	754	1	0.00463584	0.16604	0.377	0	0.0419432	0	-6.554e-06	0
0.713472	0.33802	755	1	0.00463584	0.16604	0.3775	0	0.0418805	0	-6.53053e-06	0
0.713472	0.33802	756	1	0.00463584	0.16604	0.378	0	0.0418177	0	-6.50743e-06	0
0.713472	0.33802	757	1	0.00463584	0.16604	0.3785	0	0.0417549	0	-6.48471e-06	0
0.713472	0.33802	758	1	0.00463584	0.16604	0.379	0	0.0416921	0	-6.46234e-06	0
0.713472	0.33802	759	1	0.00463584	0.16604	0.3795	0	0.0416292	0	-6.44033e-06	0
0.713472	0.33802	760	1	0.00463584	0.16604	0.38	0	0.0415662	0	-6.41867e-06	0
0.713472	0.33802	761	1	0.00463584	0.16604	0.3805	0	0.0415032	0	-6.39735e-06	0
0.713472	0.33802	762	1	0.00463584	0.16604	0.381	0	0.0414401	0	-6.37636e-06	0
0.713472	0.33802	763	1	0.00463584	0.16604	0.3815	0	0.041377	0	-6.35571e-06	0
0.713472	0.33802	764	1	0.00463584	0.16604	0.382	0	0.0413138	0	-6.33538e-06	0
0.713472	0.33802	765	1	0.00463584	0.16604	0.3825	0	0.0412505	0	-6.31537e-06	0
0.713472	0.33802	766	1	0.00463584	0.16604	0.383	0	0.0411873	0	-6.29568e-06	0
0.713472	0.33802	767	1	0.00463584	0.16604	0.3835	0	0.0411239	0	-6.27629e-06	0
0.713472	0.33802	768	1	0.00463584	0.16604	0.384	0	0.0410605	0	-6.2572e-06	0
0.713472	0.33802	769	1	0.00463584	0.16604	0.3845	0	0.040997	0	-6.23842e-06	0
0.713472	0.33802	770	1	0.00463584	0.16604	0.385	0	0.0409335	0	-6.21992e-06	0
0.713472	0.33802	771	1	0.00463584	0.16604	0.3855	0	0.04087	0	-6.20172e-06	0
0.713472	0.33802	772	1	0.00463584	0.16604	0.386	0	0.0408063	0	-6.18379e-06	0
0.713472	0.33802	773	1	0.00463584	0.16604	0.3865	0	0.0407427	0	-6.16615e-06	0
0.713472	0.33802	774	1	0.00463584	0.16604	0.387	0	0.0406789	0	-6.14878e-06	0
0.713472	0.33802	775	1	0.00463584	0.16604	0.3875	0	0.0406151	0	-6.13167e-06	0
0.713472	0.33802	776	1	0.00463584	0.16604	0.388	0	0.0405513	0	-6.11484e-06	0
0.713472	0.33802	777	1	0.00463584	0.16604	0.3885	0	0.0404874	0	-6.09826e-06	0
0.713472	0.33802	778	1	0.00463584	0.16604	0.389	0	0.0404235	0	-6.08194e-06	0
0.713472	0.33802	779	1	0.00463584	0.16604	0.3895	0	0.0403595	0	-6.06588e-06	0
0.713472	0.33802	780	1	0.00463584	0.16604	0.39	0	0.0402955	0	-6.05006e-06	0
0.713472	0.33802	781	1	0.00463584	0.16604	0.3905	0	0.0402314	0	-6.03448e-06	0
0.713472	0.33802	782	1	0.00463584	0.16604	0.391	0	0.0401672	0	-6.01915e-06	0
0.713472	0.33802	783	1	0.00463584	0.16604	0.3915	0	0.040103	0	-6.00406e-06	0
0.713472	0.33802	784	1	0.00463584	0.16604	0.392	0	0.0400388	0	-5.98919e-06	0
0.713472	0.33802	785	1	0.00463584	0.16604	0.3925	0	0.0399745	0	-5.97456e-06	0
0.713472	0.33802	786	1	0.00463584	0.16604	0.393	0	0.0399101	0	-5.96016e-06	0
0.713472	0.33802	787	1	0.00463584	0.16604	0.3935	0	0.0398457	0	-5.94598e-06	0
0.713472	0.33802	788	1	0.00463584	0.16604	0.394	0	0.0397813	0	-5.93201e-06	0
0.713472	0.33802	789	1	0.00463584	0.16604	0.3945	0	0.0397168	0	-5.91827e-06	0
0.713472	0.33802	790	1	0.00463584	0.16604	0.395	0	0.0396522	0	-5.90474e-06	0
0.713472	0.33802	791	1	0.00463584	0.16604	0.3955	0	0.0395876	0	-5.89141e-06	0
0.713472	0.33802	792	1	0.00463584	0.16604	0.396	0	0.039523	0	-5.8783e-06	0
0.713472	0.33802	793	1	0.00463584	0.16604	0.3965	0	0.0394583	0	-5.86539e-06	0
0.713472	0.33802	794	1	0.00463584	0.16604	0.397	0	0.0393935	0	-5.85268e-06	0
0.713472	0.33802	795	1	0.00463584	0.16604	0.3975	0	0.0393287	0	-5.84017e-06	0
0.713472	0.33802	796	1	0.00463584	0.16604	0.398	0	0.0392639	0	-5.82785e-06	0
0.713472	0.33802	797	1	0.00463584	0.16604	0.3985	0	0.039199	0	-5.81573e-06	0
0.713472	0.33802	798	1	0.00463584	0.16604	0.399	0	0.0391341	0	-5.8038e-06	0
0.713472	0.33802	799	1	0.00463584	0.16604	0.3995	0	0.0390691	0	-5.79205e-06	0
0.713472	0.33802	800	1	0.00463584	0.16604	0.4	0	0.039004	0	-5.78049e-06	0
0.713472	0.33802	801	1	0.00463584	0.16604	0.4005	0	0.0389389	0	-5.76912e-06	0
0.713472	0.33802	802	1	0.00463584	0.16604	0.401	0	0.0388738	0	-5.75792e-06	0
0.713472	0.33802	803	1	0.00463584	0.16604	0.4015	0	0.0388086	0	-5.7469e-06	0
0.713472	0.33802	804	1	0.00463584	0.16604	0.402	0	0.0387434	0	-5.73605e-06	0
0.713472	0.33802	805	1	0.00463584	0.16604	0.4025	0	0.0386781	0	-5.72538e-06	0
0.713472	0.33802	806	1	0.00463584	0.16604	0.403	0	0.0386128	0	-5.71488e-06	0
0.713472	0.33802	807	1	0.00463584	0.16604	0.4035	0	0.0385474	0	-5.70455e-06	0
0.713472	0.33802	808	1	0.00463584	0.16604	0.404	0	0.038482	0	-5.69438e-06	0
0.713472	0.33802	809	1	0.00463584	0.16604	0.4045	0	0.0384165	0	-5.68437e-06	0
0.713472	0.33802	810	1	0.00463584	0.16604	0.405	0	0.038351	0	-5.67453e-06	0
0.713472	0.33802	811	1	0.00463584	0.16604	0.4055	0	0.0382854	0	-5.66485e-06	0
0.713472	0.33802	812	1	0.00463584	0.16604	0.406	0	0.0382198	0	-5.65533e-06	0
0.713472	0.33802	813	1	0.00463584	0.16604	0.4065	0	0.0381542	0	-5.64596e-06	0
0.713472	0.33802	814	1	0.00463584	0.16604	0.407	0	0.0380885	0	-5.63674e-06	0
0.713472	0.33802	815	1	0.00463584	0.16604	0.4075	0	0.0380227	0	-5.62768e-06	0
0.713472	0.33802	816	1	0.00463584	0.16604	0.408	0	0.0379569	0	-5.61877e-06	0
0.713472	0.33802	817	1	0.00463584	0.16604	0.4085	0	0.0378911	0	-5.61e-06	0
0.713472	0.33802	818	1	0.00463584	0.16604	0.409	0	0.0378252	0	-5.60138e-06	0
0.713472	0.33802	819	1	0.00463584	0.16604	0.4095	0	0.0377593	0	-5.59291e-06	0
0.713472	0.33802	820	1	0.00463584	0.16604	0.41	0	0.0376933	0	-5.58458e-06	0
0.713472	0.33802	821	1	0.00463584	0.16604	0.4105	0	0.0376273	0	-5.57639e-06	0
0.713472	0.33802	822	1	0.00463584	0.16604	0.411	0	0.0375612	0	-5.56833e-06	0
0.713472	0.33802	823	1	0.00463584	0.16604	0.4115	0	0.0374951	0	-5.56042e-06	0
0.713472	0.33802	824	1	0.00463584	0.16604	0.412	0	0.037429	0	-5.55264e-06	0
0.713472	0.33802	825	1	0.00463584	0.16604	0.4125	0	0.0373628	0	-5.545e-06	0
0.713472	0.33802	826	1	0.00463584	0.16604	0.413	0	0.0372966	0	-5.53749e-06	0
0.713472	0.33802	827	1	0.00463584	0.16604	0.4135	0	0.0372303	0	-5.53011e-06	0
0.713472	0.33802	828	1	0.00463584	0.16604	0.414	0	0.0371639	0	-5.52286e-06	0
0.713472	0.33802	829	1	0.00463584	0.16604	0.4145	0	0.0370976	0	-5.51574e-06	0
0.713472	0.33802	830	1	0.00463584	0.16604	0.415	0	0.0370312	0	-5.50875e-06	0
0.713472	0.33802	831	1	0.00463584	0.16604	0.4155	0	0.0369647	0	-5.50188e-06	0
0.713472	0.33802	832	1	0.00463584	0.16604	0.416	0	0.0368982	0	-5.49514e-06	0
0.713472	0.33802	833	1	0.00463584	0.16604	0.4165	0	0.0368317	0	-5.48852e-06	0
0.713472	0.33802	834	1	0.00463584	0.16604	0.417	0	0.0367651	0	-5.48202e-06	0
0.713472	0.33802	835	1	0.00463584	0.16604	0.4175	0	0.0366985	0	-5.47564e-06	0
0.713472	0.33802	836	1	0.00463584	0.16604	0.418	0	0.0366318	0	-5.46938e-06	0
0.713472	0.33802	837	1	0.00463584	0.16604	0.4185	0	0.0365651	0	-5.46324e-06	0
0.713472	0.33802	838	1	0.00463584	0.16604	0.419	0	0.0364983	0	-5.45722e-06	0
0.713472	0.33802	839	1	0.00463584	0.16604	0.4195	0	0.0364315	0	-5.45131e-06	0
0.713472	0.33802	840	1	0.00463584	0.16604	0.42	0	0.0363647	0	-5.44551e-06	0
0.713472	0.33802	841	1	0.00463584	0.16604	0.4205	0	0.0362978	0	-5.43983e-06	0
0.713472	0.33802	842	1	0.00463584	0.16604	0.421	0	0.0362309	0	-5.43425e-06	0
0.713472	0.33802	843	1	0.00463584	0.16604	0.4215	0	0.0361639	0	-5.42879e-06	0
0.713472	0.33802	844	1	0.00463584	0.16604	0.422	0	0.0360969	0	-5.42344e-06	0
0.713472	0.33802	845	1	0.00463584	0.16604	0.4225	0	0.0360298	0	-5.4182e-06	0
0.713472	0.33802	846	1	0.00463584	0.16604	0.423	0	0.0359628	0	-5.41306e-06	0
0.713472	0.33802	847	1	0.00463584	0.16604	0.4235	0	0.0358956	0	-5.40803e-06	0
0.713472	0.33802	848	1	0.00463584	0.16604	0.424	0	0.0358285	0	-5.40311e-06	0
0.713472	0.33802	849	1	0.00463584	0.16604	0.4245	0	0.0357612	0	-5.39828e-06	0
0.713472	0.33802	850	1	0.00463584	0.16604	0.425	0	0.035694	0	-5.39357e-06	0
0.713472	0.33802	851	1	0.00463584	0.16604	0.4255	0	0.0356267	0	-5.38895e-06	0
0.713472	0.33802	852	1	0.00463584	0.16604	0.426	0	0.0355594	0	-5.38444e-06	0
0.713472	0.33802	853	1	0.00463584	0.16604	0.4265	0	0.035492	0	-5.38002e-06	0
0.713472	0.33802	854	1	0.00463584	0.16604	0.427	0	0.0354246	0	-5.37571e-06	0
0.713472	0.33802	855	1	0.00463584	0.16604	0.4275	0	0.0353571	0	-5.37149e-06	0
0.713472	0.33802	856	1	0.00463584	0.16604	0.428	0	0.0352896	0	-5.36737e-06	0
0.713472	0.33802	857	1	0.00463584	0.16604	0.4285	0	0.0352221	0	-5.36335e-06	0
0.713472	0.33802	858	1	0.00463584	0.16604	0.429	0	0.0351545	0	-5.35942e-06	0
0.713472	0.33802	859	1	0.00463584	0.16604	0.4295	0	0.0350869	0	-5.35559e-06	0
0.713472	0.33802	860	1	0.00463584	0.16604	0.43	0	0.0350193	0	-5.35185e-06	0
0.713472	0.33802	861	1	0.00463584	0.16604	0.4305	0	0.0349516	0	-5.3482e-06	0
0.713472	0.33802	862	1	0.00463584	0.16604	0.431	0	0.0348838	0	-5.34465e-06	0
0.713472	0.33802	863	1	0.00463584	0.16604	0.4315	0	0.0348161	0	-5.34119e-06	0
0.713472	0.33802	864	1	0.00463584	0.16604	0.432	0	0.0347483	0	-5.33781e-06	0
0.713472	0.33802	865	1	0.00463584	0.16604	0.4325	0	0.0346804	0	-5.33453e-06	0
0.713472	0.33802	866	1	0.00463584	0.16604	0.433	0	0.0346125	0	-5.33134e-06	0
0.713472	0.33802	867	1	0.00463584	0.16604	0.4335	0	0.0345446	0	-5.32824e-06	0
0.713472	0.33802	868	1	0.00463584	0.16604	0.434	0	0.0344766	0	-5.32522e-06	0
0.713472	0.33802	869	1	0.00463584	0.16604	0.4345	0	0.0344086	0	-5.32229e-06	0
0.713472	0.33802	870	1	0.00463584	0.16604	0.435	0	0.0343406	0	-5.31945e-06	0
0.713472	0.33802	871	1	0.00463584	0.16604	0.4355	0	0.0342725	0	-5.31669e-06	0
0.713472	0.33802	872	1	0.00463584	0.16604	0.436	0	0.0342044	0	-5.31402e-06	0
0.713472	0.33802	873	1	0.00463584	0.16604	0.4365	0	0.0341363	0	-5.31143e-06	0
0.713472	0.33802	874	1	0.00463584	0.16604	0.437	0	0.0340681	0	-5.30893e-06	0
0.713472	0.33802	875	1	0.00463584	0.16604	0.4375	0	0.0339998	0	-5.30651e-06	0
0.713472	0.33802	876	1	0.00463584	0.16604	0.438	0	0.0339316	0	-5.30417e-06	0
0.713472	0.33802	877	1	0.00463584	0.16604	0.4385	0	0.0338633	0	-5.30191e-06	0
0.713472	0.33802	878	1	0.00463584	0.16604	0.439	0	0.0337949	0	-5.29973e-06	0
0.713472	0.33802	879	1	0.00463584	0.16604	0.4395	0	0.0337266	0	-5.29764e-06	0
0.713472	0.33802	880	1	0.00463584	0.16604	0.44	0	0.0336582	0	-5.29562e-06	0
0.713472	0.33802	881	1	0.00463584	0.16604	0.4405	0	0.0335897	0	-5.29369e-06	0
0.713472	0.33802	882	1	0.00463584	0.16604	0.441	0	0.0335212	0	-5.29183e-06	0
0.713472	0.33802	883	1	0.00463584	0.16604	0.4415	0	0.0334527	0	-5.29005e-06	0
0.713472	0.33802	884	1	0.00463584	0.16604	0.442	0	0.0333841	0	-5.28834e-06	0
0.713472	0.33802	885	1	0.00463584	0.16604	0.4425	0	0.0333156	0	-5.28672e-06	0
0.713472	0.33802	886	1	0.00463584	0.16604	0.443	0	0.0332469	0	-5.28517e-06	0
0.713472	0.33802	887	1	0.00463584	0.16604	0.4435	0	0.0331783	0	-5.2837e-06	0
0.713472	0.33802	888	1	0.00463584	0.16604	0.444	0	0.0331096	0	-5.2823e-06	0
0.713472	0.33802	889	1	0.00463584	0.16604	0.4445	0	0.0330408	0	-5.28098e-06	0
0.713472	0.33802	890	1	0.00463584	0.16604	0.445	0	0.032972	0	-5.27973e-06	0
0.713472	0.33802	891	1	0.00463584	0.16604	0.4455	0	0.0329032	0	-5.27855e-06	0
0.713472	0.33802	892	1	0.00463584	0.16604	0.446	0	0.0328344	0	-5.27745e-06	0
0.713472	0.33802	893	1	0.00463584	0.16604	0.4465	0	0.0327655	0	-5.27642e-06	0
0.713472	0.33802	894	1	0.00463584	0.16604	0.447	0	0.0326966	0	-5.27547e-06	0
0.713472	0.33802	895	1	0.00463584	0.16604	0.4475	0	0.0326277	0	-5.27458e-06	0
0.713472	0.33802	896	1	0.00463584	0.16604	0.448	0	0.0325587	0	-5.27377e-06	0
0.713472	0.33802	897	1	0.00463584	0.16604	0.4485	0	0.0324897	0	-5.27303e-06	0
0.713472	0.33802	898	1	0.00463584	0.16604	0.449	0	0.0324206	0	-5.27236e-06	0
0.713472	0.33802	899	1	0.00463584	0.16604	0.4495	0	0.0323515	0	-5.27176e-06	0
0.713472	0.33802	900	1	0.00463584	0.16604	0.45	0	0.0322824	0	-5.27123e-06	0
0.713472	0.33802	901	1	0.00463584	0.16604	0.4505	0	0.0322132	0	-5.27077e-06	0
0.713472	0.33802	902	1	0.00463584	0.16604	0.451	0	0.032144	0	-5.27038e-06	0
0.713472	0.33802	903	1	0.00463584	0.16604	0.4515	0	0.0320748	0	-5.27006e-06	0
0.713472	0.33802	904	1	0.00463584	0.16604	0.452	0	0.0320056	0	-5.2698e-06	0
0.713472	0.33802	905	1	0.00463584	0.16604	0.4525	0	0.0319363	0	-5.26962e-06	0
0.713472	0.33802	906	1	0.00463584	0.16604	0.453	0	0.0318669	0	-5.2695e-06	0
0.713472	0.33802	907	1	0.00463584	0.16604	0.4535	0	0.0317976	0	-5.26945e-06	0
0.713472	0.33802	908	1	0.00463584	0.16604	0.454	0	0.0317282	0	-5.26946e-06	0
0.713472	0.33802	909	1	0.00463584	0.16604	0.4545	0	0.0316587	0	-5.26954e-06	0
0.713472	0.33802	910	1	0.00463584	0.16604	0.455	0	0.0315893	0	-5.26969e-06	0
0.713472	0.33802	911	1	0.00463584	0.16604	0.4555	0	0.0315198	0	-5.26991e-06	0
0.713472	0.33802	912	1	0.00463584	0.16604	0.456	0	0.0314503	0	-5.27018e-06	0
0.713472	0.33802	913	1	0.00463584	0.16604	0.4565	0	0.0313807	0	-5.27053e-06	0
0.713472	0.33802	914	1	0.00463584	0.16604	0.457	0	0.0313111	0	-5.27094e-06	0
0.713472	0.33802	915	1	0.00463584	0.16604	0.4575	0	0.0312415	0	-5.27141e-06	0
0.713472	0.33802	916	1	0.00463584	0.16604	0.458	0	0.0311718	0	-5.27195e-06	0
0.713472	0.33802	917	1	0.00463584	0.16604	0.4585	0	0.0311021	0	-5.27255e-06	0
0.713472	0.33802	918	1	0.00463584	0.16604	0.459	0	0.0310324	0	-5.27321e-06	0
0.713472	0.33802	919	1	0.00463584	0.16604	0.4595	0	0.0309626	0	-5.27394e-06	0
0.713472	0.33802	920	1	0.00463584	0.16604	0.46	0	0.0308928	0	-5.27473e-06	0
0.713472	0.33802	921	1	0.00463584	0.16604	0.4605	0	0.030823	0	-5.27559e-06	0
0.713472	0.33802	922	1	0.00463584	0.16604	0.461	0	0.0307532	0	-5.2765e-06	0
0.713472	0.33802	923	1	0.00463584	0.16604	0.4615	0	0.0306833	0	-5.27748e-06	0
0.713472	0.33802	924	1	0.00463584	0.16604	0.462	0	0.0306134	0	-5.27852e-06	0
0.713472	0.33802	925	1	0.00463584	0.16604	0.4625	0	0.0305434	0	-5.27962e-06	0
0.713472	0.33802	926	1	0.00463584	0.16604	0.463	0	0.0304734	0	-5.28079e-06	0
0.713472	0.33802	927	1	0.00463584	0.16604	0.4635	0	0.0304034	0	-5.28201e-06	0
0.713472	0.33802	928	1	0.00463584	0.16604	0.464	0	0.0303334	0	-5.2833e-06	0
0.713472	0.33802	929	1	0.00463584	0.16604	0.4645	0	0.0302633	0	-5.28464e-06	0
0.713472	0.33802	930	1	0.00463584	0.16604	0.465	0	0.0301932	0	-5.28605e-06	0
0.713472	0.33802	931	1	0.00463584	0.16604	0.4655	0	0.030123	0	-5.28752e-06	0
0.713472	0.33802	932	1	0.00463584	0.16604	0.466	0	0.0300529	0	-5.28904e-06	0
0.713472	0.33802	933	1	0.00463584	0.16604	0.4665	0	0.0299827	0	-5.29063e-06	0
0.713472	0.33802	934	1	0.00463584	0.16604	0.467	0	0.0299124	0	-5.29228e-06	0
0.713472	0.33802	935	1	0.00463584	0.16604	0.4675	0	0.0298422	0	-5.29398e-06	0
0.713472	0.33802	936	1	0.00463584	0.16604	0.468	0	0.0297719	0	-5.29575e-06	0
0.713472	0.33802	937	1	0.00463584	0.16604	0.4685	0	0.0297015	0	-5.29757e-06	0
0.713472	0.33802	938	1	0.00463584	0.16604	0.469	0	0.0296312	0	-5.29945e-06	0
0.713472	0.33802	939	1	0.00463584	0.16604	0.4695	0	0.0295608	0	-5.30139e-06	0
0.713472	0.33802	940	1	0.00463584	0.16604	0.47	0	0.0294904	0	-5.30339e-06	0
0.713472	0.33802	941	1	0.00463584	0.16604	0.4705	0	0.0294199	0	-5.30545e-06	0
0.713472	0.33802	942	1	0.00463584	0.16604	0.471	0	0.0293495	0	-5.30757e-06	0
0.713472	0.33802	943	1	0.00463584	0.16604	0.4715	0	0.029279	0	-5.30974e-06	0
0.713472	0.33802	944	1	0.00463584	0.16604	0.472	0	0.0292084	0	-5.31197e-06	0
0.713472	0.33802	945	1	0.00463584	0.16604	0.4725	0	0.0291378	0	-5.31426e-06	0
0.713472	0.33802	946	1	0.00463584	0.16604	0.473	0	0.0290672	0	-5.3166e-06	0
0.713472	0.33802	947	1	0.00463584	0.16604	0.4735	0	0.0289966	0	-5.31901e-06	0
0.713472	0.33802	948	1	0.00463584	0.16604	0.474	0	0.028926	0	-5.32147e-06	0
0.713472	0.33802	949	1	0.00463584	0.16604	0.4745	0	0.0288553	0	-5.32398e-06	0
0.713472	0.33802	950	1	0.00463584	0.16604	0.475	0	0.0287846	0	-5.32656e-06	0
0.713472	0.33802	951	1	0.00463584	0.16604	0.4755	0	0.0287138	0	-5.32919e-06	0
0.713472	0.33802	952	1	0.00463584	0.16604	0.476	0	0.028643	0	-5.33188e-06	0
0.713472	0.33802	953	1	0.00463584	0.16604	0.4765	0	0.0285722	0	-5.33462e-06	0
0.713472	0.33802	954	1	0.00463584	0.16604	0.477	0	0.0285014	0	-5.33742e-06	0
0.713472	0.33802	955	1	0.00463584	0.16604	0.4775	0	0.0284305	0	-5.34028e-06	0
0.713472	0.33802	956	1	0.00463584	0.16604	0.478	0	0.0283596	0	-5.34319e-06	0
0.713472	0.33802	957	1	0.00463584	0.16604	0.4785	0	0.0282887	0	-5.34616e-06	0
0.713472	0.33802	958	1	0.00463584	0.16604	0.479	0	0.0282178	0	-5.34918e-06	0
0.713472	0.33802	959	1	0.00463584	0.16604	0.4795	0	0.0281468	0	-5.35226e-06	0
0.713472	0.33802	960	1	0.00463584	0.16604	0.48	0	0.0280758	0	-5.35539e-06	0
0.713472	0.33802	961	1	0.00463584	0.16604	0.4805	0	0.0280047	0	-5.35858e-06	0
0.713472	0.33802	962	1	0.00463584	0.16604	0.481	0	0.0279337	0	-5.36183e-06	0
0.713472	0.33802	963	1	0.00463584	0.16604	0.4815	0	0.0278626	0	-5.36513e-06	0
0.713472	0.33802	964	1	0.00463584	0.16604	0.482	0	0.0277915	0	-5.36849e-06	0
0.713472	0.33802	965	1	0.00463584	0.16604	0.4825	0	0.0277203	0	-5.3719e-06	0
0.713472	0.33802	966	1	0.00463584	0.16604	0.483	0	0.0276491	0	-5.37537e-06	0
0.713472	0.33802	967	1	0.00463584	0.16604	0.4835	0	0.0275779	0	-5.37889e-06	0
0.713472	0.33802	968	1	0.00463584	0.16604	0.484	0	0.0275067	0	-5.38246e-06	0
0.713472	0.33802	969	1	0.00463584	0.16604	0.4845	0	0.0274354	0	-5.3861e-06	0
0.713472	0.33802	970	1	0.00463584	0.16604	0.485	0	0.0273641	0	-5.38978e-06	0
0.713472	0.33802	971	1	0.00463584	0.16604	0.4855	0	0.0272928	0	-5.39352e-06	0
0.713472	0.33802	972	1	0.00463584	0.16604	0.486	0	0.0272215	0	-5.39732e-06	0
0.713472	0.33802	973	1	0.00463584	0.16604	0.4865	0	0.0271501	0	-5.40117e-06	0
0.713472	0.33802	974	1	0.00463584	0.16604	0.487	0	0.0270787	0	-5.40507e-06	0
0.713472	0.33802	975	1	0.00463584	0.16604	0.4875	0	0.0270073	0	-5.40903e-06	0
0.713472	0.33802	976	1	0.00463584	0.16604	0.488	0	0.0269358	0	-5.41305e-06	0
0.713472	0.33802	977	1	0.00463584	0.16604	0.4885	0	0.0268643	0	-5.41712e-06	0
0.713472	0.33802	978	1	0.00463584	0.16604	0.489	0	0.0267928	0	-5.42124e-06	0
0.713472	0.33802	979	1	0.00463584	0.16604	0.4895	0	0.0267213	0	-5.42542e-06	0
0.713472	0.33802	980	1	0.00463584	0.16604	0.49	0	0.0266497	0	-5.42965e-06	0
0.713472	0.33802	981	1	0.00463584	0.16604	0.4905	0	0.0265781	0	-5.43393e-06	0
0.713472	0.33802	982	1	0.00463584	0.16604	0.491	0	0.0265065	0	-5.43827e-06	0
0.713472	0.33802	983	1	0.00463584	0.16604	0.4915	0	0.0264349	0	-5.44267e-06	0
0.713472	0.33802	984	1	0.00463584	0.16604	0.492	0	0.0263632	0	-5.44711e-06	0
0.713472	0.33802	985	1	0.00463584	0.16604	0.4925	0	0.0262915	0	-5.45162e-06	0
0.713472	0.33802	986	1	0.00463584	0.16604	0.493	0	0.0262198	0	-5.45617e-06	0
0.713472	0.33802	987	1	0.00463584	0.16604	0.4935	0	0.026148	0	-5.46078e-06	0
0.713472	0.33802	988	1	0.00463584	0.16604	0.494	0	0.0260763	0	-5.46545e-06	0
0.713472	0.33802	989	1	0.00463584	0.16604	0.4945	0	0.0260045	0	-5.47017e-06	0
0.713472	0.33802	990	1	0.00463584	0.16604	0.495	0	0.0259326	0	-5.47494e-06	0
0.713472	0.33802	991	1	0.00463584	0.16604	0.4955	0	0.0258608	0	-5.47976e-06	0
0.713472	0.33802	992	1	0.00463584	0.16604	0.496	0	0.0257889	0	-5.48464e-06	0
0.713472	0.33802	993	1	0.00463584	0.16604	0.4965	0	0.025717	0	-5.48956e-06	0
0.713472	0.33802	994	1	0.00463584	0.16604	0.497	0	0.0256451	0	-5.49454e-06	0
0.713472	0.33802	995	1	0.00463584	0.16604	0.4975	0	0.0255731	0	-5.49956e-06	0
0.713472	0.33802	996	1	0.00463584	0.16604	0.498	0	0.0255011	0	-5.50463e-06	0
0.713472	0.33802	997	1	0.00463584	0.16604	0.4985	0	0.0254291	0	-5.50974e-06	0
0.713472	0.33802	998	1	0.00463584	0.16604	0.499	0	0.0253571	0	-5.51489e-06	0
0.713472	0.33802	999	1	0.00463584	0.16604	0.4995	0	0.025285	0	-5.52007e-06	0
0.713472	0.33802	1000	1	0.00463584	0.16604	0.5	0	0.0252129	0	-5.52529e-06	0
