0.558256	0.33802	0	0	0	0.19396	0	0	0.0419205	0	-9.15997e-06	0
0.558256	0.33802	1	0	0	0.19396	0.0005	0	0.0422326	0	-9.31471e-06	0
0.558256	0.33802	2	0	0	0.19396	0.001	0	0.0425407	0	-9.46577e-06	0
0.558256	0.33802	3	0	0	0.19396	0.0015	0	0.0428448	0	-9.61317e-06	0
0.558256	0.33802	4	0	0	0.19396	0.002	0	0.0431448	0	-9.7569e-06	0
0.558256	0.33802	5	0	0	0.19396	0.0025	0	0.0434408	0	-9.89699e-06	0
0.558256	0.33802	6	0	0	0.19396	0.003	0	0.0437327	0	-1.00334e-05	0
0.558256	0.33802	7	0	0	0.19396	0.0035	0	0.0440207	0	-1.01663e-05	0
0.558256	0.33802	8	0	0	0.19396	0.004	0	0.0443045	0	-1.02955e-05	0
0.558256	0.33802	9	0	0	0.19396	0.0045	0	0.0445844	0	-1.04211e-05	0
0.558256	0.33802	10	0	0	0.19396	0.005	0	0.0448603	0	-1.05431e-05	0
0.558256	0.33802	11	0	0	0.19396	0.0055	0	0.0451321	0	-1.06615e-05	0
0.558256	0.33802	12	0	0	0.19396	0.006	0	0.0454	0	-1.07764e-05	0
0.558256	0.33802	13	0	0	0.19396	0.0065	0	0.0456638	0	-1.08877e-05	0
0.558256	0.33802	14	0	0	0.19396	0.007	0	0.0459236	0	-1.09956e-05	0
0.558256	0.33802	15	0	0	0.19396	0.0075	0	0.0461795	0	-1.10999e-05	0
0.558256	0.33802	16	0	0	0.19396	0.008	0	0.0464314	0	-1.12007e-05	0
0.558256	0.33802	17	0	0	0.19396	0.0085	0	0.0466794	0	-1.12981e-05	0
0.558256	0.33802	18	0	0	0.19396	0.009	0	0.0469234	0	-1.1392e-05	0
0.558256	0.33802	19	0	0	0.19396	0.0095	0	0.0471634	0	-1.14825e-05	0
0.558256	0.33802	20	0	0	0.19396	0.01	0	0.0473995	0	-1.15696e-05	0
0.558256	0.33802	21	0	0	0.19396	0.0105	0	0.0476317	0	-1.16534e-05	0
0.558256	0.33802	22	0	0	0.19396	0.011	0	0.04786	0	-1.17338e-05	0
0.558256	0.33802	23	0	0	0.19396	0.0115	0	0.0480844	0	-1.18109e-05	0
0.558256	0.33802	24	0	0	0.19396	0.012	0	0.0483049	0	-1.18847e-05	0
0.558256	0.33802	25	0	0	0.19396	0.0125	0	0.0485216	0	-1.19553e-05	0
0.558256	0.33802	26	0	0	0.19396	0.013	0	0.0487344	0	-1.20226e-05	0
0.558256	0.33802	27	0	0	0.19396	0.0135	0	0.0489434	0	-1.20868e-05	0
0.558256	0.33802	28	0	0	0.19396	0.014	0	0.0491485	0	-1.21477e-05	0
0.558256	0.33802	29	0	0	0.19396	0.0145	0	0.0493499	0	-1.22056e-05	0
0.558256	0.33802	30	0	0	0.19396	0.015	0	0.0495474	0	-1.22603e-05	0
0.558256	0.33802	31	0	0	0.19396	0.0155	0	0.0497412	0	-1.2312e-05	0
0.558256	0.33802	32	0	0	0.19396	0.016	0	0.0499312	0	-1.23607e-05	0
0.558256	0.33802	33	0	0	0.19396	0.0165	0	0.0501175	0	-1.24063e-05	0
0.558256	0.33802	34	0	0	0.19396	0.017	0	0.0503001	0	-1.2449e-05	0
0.558256	0.33802	35	0	0	0.19396	0.0175	0	0.050479	0	-1.24888e-05	0
0.558256	0.33802	36	0	0	0.19396	0.018	0	0.0506542	0	-1.25258e-05	0
0.558256	0.33802	37	0	0	0.19396	0.0185	0	0.0508257	0	-1.25598e-05	0
0.558256	0.33802	38	0	0	0.19396	0.019	0	0.0509936	0	-1.25911e-05	0
0.558256	0.33802	39	0	0	0.19396	0.0195	0	0.0511579	0	-1.26196e-05	0
0.558256	0.33802	40	0	0	0.19396	0.02	0	0.0513185	0	-1.26454e-05	0
0.558256	0.33802	41	0	0	0.19396	0.0205	0	0.0514756	0	-1.26685e-05	0
0.558256	0.33802	42	0	0	0.19396	0.021	0	0.0516291	0	-1.2689e-05	0
0.558256	0.33802	43	0	0	0.19396	0.0215	0	0.0517791	0	-1.27069e-05	0
0.558256	0.33802	44	0	0	0.19396	0.022	0	0.0519256	0	-1.27222e-05	0
0.558256	0.33802	45	0	0	0.19396	0.0225	0	0.0520685	0	-1.2735e-05	0
0.558256	0.33802	46	0	0	0.19396	0.023	0	0.052208	0	-1.27453e-05	0
0.558256	0.33802	47	0	0	0.19396	0.0235	0	0.0523441	0	-1.27531e-05	0
0.558256	0.33802	48	0	0	0.19396	0.024	0	0.0524767	0	-1.27586e-05	0
0.558256	0.33802	49	0	0	0.19396	0.0245	0	0.0526059	0	-1.27618e-05	0
0.558256	0.33802	50	0	0	0.19396	0.025	0	0.0527317	0	-1.27626e-05	0
0.558256	0.33802	51	0	0	0.19396	0.0255	0	0.0528541	0	-1.27612e-05	0
0.558256	0.33802	52	0	0	0.19396	0.026	0	0.0529733	0	-1.27575e-05	0
0.558256	0.33802	53	0	0	0.19396	0.0265	0	0.0530891	0	-1.27517e-05	0
0.558256	0.33802	54	0	0	0.19396	0.027	0	0.0532016	0	-1.27437e-05	0
0.558256	0.33802	55	0	0	0.19396	0.0275	0	0.0533109	0	-1.27336e-05	0
0.558256	0.33802	56	0	0	0.19396	0.028	0	0.0534169	0	-1.27215e-05	0
0.558256	0.33802	57	0	0	0.19396	0.0285	0	0.0535197	0	-1.27073e-05	0
0.558256	0.33802	58	0	0	0.19396	0.029	0	0.0536193	0	-1.26912e-05	0
0.558256	0.33802	59	0	0	0.19396	0.0295	0	0.0537157	0	-1.26732e-05	0
0.558256	0.33802	60	0	0	0.19396	0.03	0	0.053809	0	-1.26532e-05	0
0.558256	0.33802	61	0	0	0.19396	0.0305	0	0.0538992	0	-1.26314e-05	0
0.558256	0.33802	62	0	0	0.19396	0.031	0	0.0539863	0	-1.26078e-05	0
0.558256	0.33802	63	0	0	0.19396	0.0315	0	0.0540703	0	-1.25825e-05	0
0.558256	0.33802	64	0	0	0.19396	0.032	0	0.0541512	0	-1.25554e-05	0
0.558256	0.33802	65	0	0	0.19396	0.0325	0	0.0542292	0	-1.25266e-05	0
0.558256	0.33802	66	0	0	0.19396	0.033	0	0.0543041	0	-1.24962e-05	0
0.558256	0.33802	67	0	0	0.19396	0.0335	0	0.0543761	0	-1.24642e-05	0
0.558256	0.33802	68	0	0	0.19396	0.034	0	0.0544452	0	-1.24306e-05	0
0.558256	0.33802	69	0	0	0.19396	0.0345	0	0.0545113	0	-1.23955e-05	0
0.558256	0.33802	70	0	0	0.19396	0.035	0	0.0545745	0	-1.23588e-05	0
0.558256	0.33802	71	0	0	0.19396	0.0355	0	0.0546349	0	-1.23208e-05	0
0.558256	0.33802	72	0	0	0.19396	0.036	0	0.0546924	0	-1.22813e-05	0
0.558256	0.33802	73	0	0	0.19396	0.0365	0	0.0547471	0	-1.22404e-05	0
0.558256	0.33802	74	0	0	0.19396	0.037	0	0.054799	0	-1.21982e-05	0
0.558256	0.33802	75	0	0	0.19396	0.0375	0	0.0548482	0	-1.21547e-05	0
0.558256	0.33802	76	0	0	0.19396	0.038	0	0.0548946	0	-1.21099e-05	0
0.558256	0.33802	77	0	0	0.19396	0.0385	0	0.0549382	0	-1.20638e-05	0
0.558256	0.33802	78	0	0	0.19396	0.039	0	0.0549792	0	-1.20166e-05	0
0.558256	0.33802	79	0	0	0.19396	0.0395	0	0.0550175	0	-1.19682e-05	0
0.558256	0.33802	80	0	0	0.19396	0.04	0	0.0550532	0	-1.19186e-05	0
0.558256	0.33802	81	0	0	0.19396	0.0405	0	0.0550863	0	-1.1868e-05	0
0.558256	0.33802	82	0	0	0.19396	0.041	0	0.0551167	0	-1.18163e-05	0
0.558256	0.33802	83	0	0	0.19396	0.0415	0	0.0551446	0	-1.17635e-05	0
0.558256	0.33802	84	0	0	0.19396	0.042	0	0.05517	0	-1.17098e-05	0
0.558256	0.33802	85	0	0	0.19396	0.0425	0	0.0551928	0	-1.1655e-05	0
0.558256	0.33802	86	0	0	0.19396	0.043	0	0.0552131	0	-1.15993e-05	0
0.558256	0.33802	87	0	0	0.19396	0.0435	0	0.055231	0	-1.15427e-05	0
0.558256	0.33802	88	0	0	0.19396	0.044	0	0.0552464	0	-1.14853e-05	0
0.558256	0.33802	89	0	0	0.19396	0.0445	0	0.0552593	0	-1.14269e-05	0
0.558256	0.33802	90	0	0	0.19396	0.045	0	0.0552699	0	-1.13678e-05	0
0.558256	0.33802	91	0	0	0.19396	0.0455	0	0.0552781	0	-1.13078e-05	0
0.558256	0.33802	92	0	0	0.19396	0.046	0	0.055284	0	-1.12471e-05	0
0.558256	0.33802	93	0	0	0.19396	0.0465	0	0.0552875	0	-1.11856e-05	0
0.558256	0.33802	94	0	0	0.19396	0.047	0	0.0552887	0	-1.11234e-05	0
0.558256	0.33802	95	0	0	0.19396	0.0475	0	0.0552876	0	-1.10605e-05	0
0.558256	0.33802	96	0	0	0.19396	0.048	0	0.0552843	0	-1.0997e-05	0
0.558256	0.33802	97	0	0	0.19396	0.0485	0	0.0552787	0	-1.09328e-05	0
0.558256	0.33802	98	0	0	0.19396	0.049	0	0.055271	0	-1.0868e-05	0
0.558256	0.33802	99	0	0	0.19396	0.0495	0	0.055261	0	-1.08026e-05	0
0.558256	0.33802	100	0	0	0.19396	0.05	0	0.0552488	0	-1.07367e-05	0
0.558256	0.33802	101	0	0	0.19396	0.0505	0	0.0552345	0	-1.06702e-05	0
0.558256	0.33802	102	0	0	0.19396	0.051	0	0.0552181	0	-1.06032e-05	0
0.558256	0.33802	103	0	0	0.19396	0.0515	0	0.0551996	0	-1.05357e-05	0
0.558256	0.33802	104	0	0	0.19396	0.052	0	0.055179	0	-1.04677e-05	0
0.558256	0.33802	105	0	0	0.19396	0.0525	0	0.0551563	0	-1.03993e-05	0
0.558256	0.33802	106	0	0	0.19396	0.053	0	0.0551316	0	-1.03304e-05	0
0.558256	0.33802	107	0	0	0.19396	0.0535	0	0.0551049	0	-1.02612e-05	0
0.558256	0.33802	108	0	0	0.19396	0.054	0	0.0550762	0	-1.01915e-05	0
0.558256	0.33802	109	0	0	0.19396	0.0545	0	0.0550455	0	-1.01215e-05	0
0.558256	0.33802	110	0	0	0.19396	0.055	0	0.0550128	0	-1.00511e-05	0
0.558256	0.33802	111	0	0	0.19396	0.0555	0	0.0549782	0	-9.98039e-06	0
0.558256	0.33802	112	0	0	0.19396	0.056	0	0.0549417	0	-9.90937e-06	0
0.558256	0.33802	113	0	0	0.19396	0.0565	0	0.0549033	0	-9.83806e-06	0
0.558256	0.33802	114	0	0	0.19396	0.057	0	0.0548631	0	-9.76647e-06	0
0.558256	0.33802	115	0	0	0.19396	0.0575	0	0.0548209	0	-9.69462e-06	0
0.558256	0.33802	116	0	0	0.19396	0.058	0	0.054777	0	-9.62253e-06	0
0.558256	0.33802	117	0	0	0.19396	0.0585	0	0.0547312	0	-9.55022e-06	0
0.558256	0.33802	118	0	0	0.19396	0.059	0	0.0546836	0	-9.4777e-06	0
0.558256	0.33802	119	0	0	0.19396	0.0595	0	0.0546343	0	-9.40499e-06	0
0.558256	0.33802	120	0	0	0.19396	0.06	0	0.0545832	0	-9.3321e-06	0
0.558256	0.33802	121	0	0	0.19396	0.0605	0	0.0545304	0	-9.25905e-06	0
0.558256	0.33802	122	0	0	0.19396	0.061	0	0.0544758	0	-9.18586e-06	0
0.558256	0.33802	123	0	0	0.19396	0.0615	0	0.0544195	0	-9.11253e-06	0
0.558256	0.33802	124	0	0	0.19396	0.062	0	0.0543616	0	-9.03909e-06	0
0.558256	0.33802	125	0	0	0.19396	0.0625	0	0.054302	0	-8.96554e-06	0
0.558256	0.33802	126	0	0	0.19396	0.063	0	0.0542407	0	-8.89191e-06	0
0.558256	0.33802	127	0	0	0.19396	0.0635	0	0.0541778	0	-8.81819e-06	0
0.558256	0.33802	128	0	0	0.19396	0.064	0	0.0541133	0	-8.74441e-06	0
0.558256	0.33802	129	0	0	0.19396	0.0645	0	0.0540472	0	-8.67059e-06	0
0.558256	0.33802	130	0	0	0.19396	0.065	0	0.0539795	0	-8.59672e-06	0
0.558256	0.33802	131	0	0	0.19396	0.0655	0	0.0539103	0	-8.52282e-06	0
0.558256	0.33802	132	0	0	0.19396	0.066	0	0.0538395	0	-8.44891e-06	0
0.558256	0.33802	133	0	0	0.19396	0.0665	0	0.0537672	0	-8.37499e-06	0
0.558256	0.33802	134	0	0	0.19396	0.067	0	0.0536934	0	-8.30108e-06	0
0.558256	0.33802	135	0	0	0.19396	0.0675	0	0.0536181	0	-8.22719e-06	0
0.558256	0.33802	136	0	0	0.19396	0.068	0	0.0535413	0	-8.15332e-06	0
0.558256	0.33802	137	0	0	0.19396	0.0685	0	0.0534631	0	-8.0795e-06	0
0.558256	0.33802	138	0	0	0.19396	0.069	0	0.0533834	0	-8.00572e-06	0
0.558256	0.33802	139	0	0	0.19396	0.0695	0	0.0533022	0	-7.93199e-06	0
0.558256	0.33802	140	0	0	0.19396	0.07	0	0.0532197	0	-7.85833e-06	0
0.558256	0.33802	141	0	0	0.19396	0.0705	0	0.0531358	0	-7.78475e-06	0
0.558256	0.33802	142	0	0	0.19396	0.071	0	0.0530504	0	-7.71125e-06	0
0.558256	0.33802	143	0	0	0.19396	0.0715	0	0.0529637	0	-7.63784e-06	0
0.558256	0.33802	144	0	0	0.19396	0.072	0	0.0528757	0	-7.56453e-06	0
0.558256	0.33802	145	0	0	0.19396	0.0725	0	0.0527863	0	-7.49133e-06	0
0.558256	0.33802	146	0	0	0.19396	0.073	0	0.0526956	0	-7.41825e-06	0
0.558256	0.33802	147	0	0	0.19396	0.0735	0	0.0526035	0	-7.34529e-06	0
0.558256	0.33802	148	0	0	0.19396	0.074	0	0.0525102	0	-7.27246e-06	0
0.558256	0.33802	149	0	0	0.19396	0.0745	0	0.0524156	0	-7.19977e-06	0
0.558256	0.33802	150	0	0	0.19396	0.075	0	0.0523197	0	-7.12722e-06	0
0.558256	0.33802	151	0	0	0.19396	0.0755	0	0.0522225	0	-7.05482e-06	0
0.558256	0.33802	152	0	0	0.19396	0.076	0	0.0521242	0	-6.98258e-06	0
0.558256	0.33802	153	0	0	0.19396	0.0765	0	0.0520246	0	-6.9105e-06	0
0.558256	0.33802	154	0	0	0.19396	0.077	0	0.0519237	0	-6.8386e-06	0
0.558256	0.33802	155	0	0	0.19396	0.0775	0	0.0518217	0	-6.76686e-06	0
0.558256	0.33802	156	0	0	0.19396	0.078	0	0.0517185	0	-6.69531e-06	0
0.558256	0.33802	157	0	0	0.19396	0.0785	0	0.0516141	0	-6.62394e-06	0
0.558256	0.33802	158	0	0	0.19396	0.079	0	0.0515085	0	-6.55276e-06	0
0.558256	0.33802	159	0	0	0.19396	0.0795	0	0.0514018	0	-6.48178e-06	0
0.558256	0.33802	160	0	0	0.19396	0.08	0	0.0512939	0	-6.411e-06	0
0.558256	0.33802	161	0	0	0.19396	0.0805	0	0.0511849	0	-6.34042e-06	0
0.558256	0.33802	162	0	0	0.19396	0.081	0	0.0510748	0	-6.27005e-06	0
0.558256	0.33802	163	0	0	0.19396	0.0815	0	0.0509636	0	-6.1999e-06	0
0.558256	0.33802	164	0	0	0.19396	0.082	0	0.0508513	0	-6.12996e-06	0
0.558256	0.33802	165	0	0	0.19396	0.0825	0	0.050738	0	-6.06024e-06	0
0.558256	0.33802	166	0	0	0.19396	0.083	0	0.0506235	0	-5.99075e-06	0
0.558256	0.33802	167	0	0	0.19396	0.0835	0	0.050508	0	-5.92149e-06	0
0.558256	0.33802	168	0	0	0.19396	0.084	0	0.0503915	0	-5.85245e-06	0
0.558256	0.33802	169	0	0	0.19396	0.0845	0	0.0502739	0	-5.78365e-06	0
0.558256	0.33802	170	0	0	0.19396	0.085	0	0.0501553	0	-5.71509e-06	0
0.558256	0.33802	171	0	0	0.19396	0.0855	0	0.0500357	0	-5.64677e-06	0
0.558256	0.33802	172	0	0	0.19396	0.086	0	0.049915	0	-5.57869e-06	0
0.558256	0.33802	173	0	0	0.19396	0.0865	0	0.0497934	0	-5.51086e-06	0
0.558256	0.33802	174	0	0	0.19396	0.087	0	0.0496708	0	-5.44327e-06	0
0.558256	0.33802	175	0	0	0.19396	0.0875	0	0.0495473	0	-5.37594e-06	0
0.558256	0.33802	176	0	0	0.19396	0.088	0	0.0494227	0	-5.30885e-06	0
0.558256	0.33802	177	0	0	0.19396	0.0885	0	0.0492972	0	-5.24202e-06	0
0.558256	0.33802	178	0	0	0.19396	0.089	0	0.0491708	0	-5.17545e-06	0
0.558256	0.33802	179	0	0	0.19396	0.0895	0	0.0490435	0	-5.10914e-06	0
0.558256	0.33802	180	0	0	0.19396	0.09	0	0.0489152	0	-5.04308e-06	0
0.558256	0.33802	181	0	0	0.19396	0.0905	0	0.048786	0	-4.97729e-06	0
0.558256	0.33802	182	0	0	0.19396	0.091	0	0.0486559	0	-4.91175e-06	0
0.558256	0.33802	183	0	0	0.19396	0.0915	0	0.0485249	0	-4.84648e-06	0
0.558256	0.33802	184	0	0	0.19396	0.092	0	0.0483931	0	-4.78148e-06	0
0.558256	0.33802	185	0	0	0.19396	0.0925	0	0.0482603	0	-4.71674e-06	0
0.558256	0.33802	186	0	0	0.19396	0.093	0	0.0481267	0	-4.65227e-06	0
0.558256	0.33802	187	0	0	0.19396	0.0935	0	0.0479922	0	-4.58807e-06	0
0.558256	0.33802	188	0	0	0.19396	0.094	0	0.0478569	0	-4.52413e-06	0
0.558256	0.33802	189	0	0	0.19396	0.0945	0	0.0477208	0	-4.46047e-06	0
0.558256	0.33802	190	0	0	0.19396	0.095	0	0.0475838	0	-4.39707e-06	0
0.558256	0.33802	191	0	0	0.19396	0.0955	0	0.047446	0	-4.33394e-06	0
0.558256	0.33802	192	0	0	0.19396	0.096	0	0.0473074	0	-4.27109e-06	0
0.558256	0.33802	193	0	0	0.19396	0.0965	0	0.047168	0	-4.2085e-06	0
0.558256	0.33802	194	0	0	0.19396	0.097	0	0.0470277	0	-4.14618e-06	0
0.558256	0.33802	195	0	0	0.19396	0.0975	0	0.0468867	0	-4.08414e-06	0
0.558256	0.33802	196	0	0	0.19396	0.098	0	0.046745	0	-4.02236e-06	0
0.558256	0.33802	197	0	0	0.19396	0.0985	0	0.0466024	0	-3.96086e-06	0
0.558256	0.33802	198	0	0	0.19396	0.099	0	0.0464591	0	-3.89963e-06	0
0.558256	0.33802	199	0	0	0.19396	0.0995	0	0.046315	0	-3.83866e-06	0
0.558256	0.33802	200	0	0	0.19396	0.1	0	0.0461702	0	-3.77797e-06	0
0.558256	0.33802	201	0	0	0.19396	0.1005	0	0.0460246	0	-3.71754e-06	0
0.558256	0.33802	202	0	0	0.19396	0.101	0	0.0458783	0	-3.65739e-06	0
0.558256	0.33802	203	0	0	0.19396	0.1015	0	0.0457313	0	-3.5975e-06	0
0.558256	0.33802	204	0	0	0.19396	0.102	0	0.0455835	0	-3.53788e-06	0
0.558256	0.33802	205	0	0	0.19396	0.1025	0	0.045435	0	-3.47853e-06	0
0.558256	0.33802	206	0	0	0.19396	0.103	0	0.0452859	0	-3.41944e-06	0
0.558256	0.33802	207	0	0	0.19396	0.1035	0	0.045136	0	-3.36062e-06	0
0.558256	0.33802	208	0	0	0.19396	0.104	0	0.0449855	0	-3.30206e-06	0
0.558256	0.33802	209	0	0	0.19396	0.1045	0	0.0448342	0	-3.24377e-06	0
0.558256	0.33802	210	0	0	0.19396	0.105	0	0.0446823	0	-3.18573e-06	0
0.558256	0.33802	211	0	0	0.19396	0.1055	0	0.0445297	0	-3.12796e-06	0
0.558256	0.33802	212	0	0	0.19396	0.106	0	0.0443764	0	-3.07045e-06	0
0.558256	0.33802	213	0	0	0.19396	0.1065	0	0.0442225	0	-3.0132e-06	0
0.558256	0.33802	214	0	0	0.19396	0.107	0	0.044068	0	-2.95621e-06	0
0.558256	0.33802	215	0	0	0.19396	0.1075	0	0.0439128	0	-2.89947e-06	0
0.558256	0.33802	216	0	0	0.19396	0.108	0	0.0437569	0	-2.84298e-06	0
0.558256	0.33802	217	0	0	0.19396	0.1085	0	0.0436004	0	-2.78675e-06	0
0.558256	0.33802	218	0	0	0.19396	0.109	0	0.0434433	0	-2.73078e-06	0
0.558256	0.33802	219	0	0	0.19396	0.1095	0	0.0432856	0	-2.67505e-06	0
0.558256	0.33802	220	0	0	0.19396	0.11	0	0.0431273	0	-2.61957e-06	0
0.558256	0.33802	221	0	0	0.19396	0.1105	0	0.0429683	0	-2.56434e-06	0
0.558256	0.33802	222	0	0	0.19396	0.111	0	0.0428088	0	-2.50935e-06	0
0.558256	0.33802	223	0	0	0.19396	0.1115	0	0.0426487	0	-2.45461e-06	0
0.558256	0.33802	224	0	0	0.19396	0.112	0	0.0424879	0	-2.40011e-06	0
0.558256	0.33802	225	0	0	0.19396	0.1125	0	0.0423266	0	-2.34585e-06	0
0.558256	0.33802	226	0	0	0.19396	0.113	0	0.0421647	0	-2.29182e-06	0
0.558256	0.33802	227	0	0	0.19396	0.1135	0	0.0420022	0	-2.23804e-06	0
0.558256	0.33802	228	0	0	0.19396	0.114	0	0.0418392	0	-2.18449e-06	0
0.558256	0.33802	229	0	0	0.19396	0.1145	0	0.0416756	0	-2.13117e-06	0
0.558256	0.33802	230	0	0	0.19396	0.115	0	0.0415115	0	-2.07808e-06	0
0.558256	0.33802	231	0	0	0.19396	0.1155	0	0.0413467	0	-2.02522e-06	0
0.558256	0.33802	232	0	0	0.19396	0.116	0	0.0411815	0	-1.97258e-06	0
0.558256	0.33802	233	0	0	0.19396	0.1165	0	0.0410157	0	-1.92017e-06	0
0.558256	0.33802	234	0	0	0.19396	0.117	0	0.0408494	0	-1.86798e-06	0
0.558256	0.33802	235	0	0	0.19396	0.1175	0	0.0406825	0	-1.81602e-06	0
0.558256	0.33802	236	0	0	0.19396	0.118	0	0.0405151	0	-1.76426e-06	0
0.558256	0.33802	237	0	0	0.19396	0.1185	0	0.0403472	0	-1.71273e-06	0
0.558256	0.33802	238	0	0	0.19396	0.119	0	0.0401788	0	-1.66141e-06	0
0.558256	0.33802	239	0	0	0.19396	0.1195	0	0.0400099	0	-1.61029e-06	0
0.558256	0.33802	240	0	0	0.19396	0.12	0	0.0398404	0	-1.55939e-06	0
0.558256	0.33802	241	0	0	0.19396	0.1205	0	0.0396705	0	-1.50869e-06	0
0.558256	0.33802	242	0	0	0.19396	0.121	0	0.0395	0	-1.45819e-06	0
0.558256	0.33802	243	0	0	0.19396	0.1215	0	0.0393291	0	-1.4079e-06	0
0.558256	0.33802	244	0	0	0.19396	0.122	0	0.0391577	0	-1.3578e-06	0
0.558256	0.33802	245	0	0	0.19396	0.1225	0	0.0389858	0	-1.3079e-06	0
0.558256	0.33802	246	0	0	0.19396	0.123	0	0.0388134	0	-1.25819e-06	0
0.558256	0.33802	247	0	0	0.19396	0.1235	0	0.0386406	0	-1.20867e-06	0
0.558256	0.33802	248	0	0	0.19396	0.124	0	0.0384672	0	-1.15934e-06	0
0.558256	0.33802	249	0	0	0.19396	0.1245	0	0.0382934	0	-1.11019e-06	0
0.558256	0.33802	250	0	0	0.19396	0.125	0	0.0381192	0	-1.06123e-06	0
0.558256	0.33802	251	0	0	0.19396	0.1255	0	0.0379445	0	-1.01245e-06	0
0.558256	0.33802	252	0	0	0.19396	0.126	0	0.0377693	0	-9.63839e-07	0
0.558256	0.33802	253	0	0	0.19396	0.1265	0	0.0375937	0	-9.15405e-07	0
0.558256	0.33802	254	0	0	0.19396	0.127	0	0.0374177	0	-8.67143e-07	0
0.558256	0.33802	255	0	0	0.19396	0.1275	0	0.0372412	0	-8.19048e-07	0
0.558256	0.33802	256	0	0	0.19396	0.128	0	0.0370642	0	-7.71118e-07	0
0.558256	0.33802	257	0	0	0.19396	0.1285	0	0.0368869	0	-7.2335e-07	0
0.558256	0.33802	258	0	0	0.19396	0.129	0	0.0367091	0	-6.75742e-07	0
0.558256	0.33802	259	0	0	0.19396	0.1295	0	0.0365309	0	-6.28289e-07	0
0.558256	0.33802	260	0	0	0.19396	0.13	0	0.0363522	0	-5.8099e-07	0
0.558256	0.33802	261	0	0	0.19396	0.1305	0	0.0361732	0	-5.3384e-07	0
0.558256	0.33802	262	0	0	0.19396	0.131	0	0.0359937	0	-4.86838e-07	0
0.558256	0.33802	263	0	0	0.19396	0.1315	0	0.0358138	0	-4.39979e-07	0
0.558256	0.33802	264	0	0	0.19396	0.132	0	0.0356335	0	-3.9326e-07	0
0.558256	0.33802	265	0	0	0.19396	0.1325	0	0.0354528	0	-3.46679e-07	0
0.558256	0.33802	266	0	0	0.19396	0.133	0	0.0352717	0	-3.00232e-07	0
0.558256	0.33802	267	0	0	0.19396	0.1335	0	0.0350903	0	-2.53915e-07	0
0.558256	0.33802	268	0	0	0.19396	0.134	0	0.0349084	0	-2.07725e-07	0
0.558256	0.33802	269	0	0	0.19396	0.1345	0	0.0347261	0	-1.61659e-07	0
0.558256	0.33802	270	0	0	0.19396	0.135	0	0.0345435	0	-1.15714e-07	0
0.558256	0.33802	271	0	0	0.19396	0.1355	0	0.0343604	0	-6.98851e-08	0
0.558256	0.33802	272	0	0	0.19396	0.136	0	0.034177	0	-2.41705e-08	0
0.558256	0.33802	273	0	0	0.19396	0.1365	0	0.0339932	0	2.14333e-08	0
0.558256	0.33802	274	0	0	0.19396	0.137	0	0.0338091	0	6.69288e-08	0
0.558256	0.33802	275	0	0	0.19396	0.1375	0	0.0336246	0	1.12318e-07	0
0.558256	0.33802	276	0	0	0.19396	0.138	0	0.0334397	0	1.57604e-07	0
0.558256	0.33802	277	0	0	0.19396	0.1385	0	0.0332544	0	2.02786e-07	0
0.558256	0.33802	278	0	0	0.19396	0.139	0	0.0330688	0	2.47865e-07	0
0.558256	0.33802	279	0	0	0.19396	0.1395	0	0.0328828	0	2.9284e-07	0
0.558256	0.33802	280	0	0	0.19396	0.14	0	0.0326965	0	3.37711e-07	0
0.558256	0.33802	281	0	0	0.19396	0.1405	0	0.0325098	0	3.82476e-07	0
0.558256	0.33802	282	0	0	0.19396	0.141	0	0.0323228	0	4.2713e-07	0
0.558256	0.33802	283	0	0	0.19396	0.1415	0	0.0321354	0	4.7167e-07	0
0.558256	0.33802	284	0	0	0.19396	0.142	0	0.0319477	0	5.16092e-07	0
0.558256	0.33802	285	0	0	0.19396	0.1425	0	0.0317597	0	5.60389e-07	0
0.558256	0.33802	286	0	0	0.19396	0.143	0	0.0315713	0	6.04556e-07	0
0.558256	0.33802	287	0	0	0.19396	0.1435	0	0.0313826	0	6.48585e-07	0
0.558256	0.33802	288	0	0	0.19396	0.144	0	0.0311936	0	6.92469e-07	0
0.558256	0.33802	289	0	0	0.19396	0.1445	0	0.0310042	0	7.36199e-07	0
0.558256	0.33802	290	0	0	0.19396	0.145	0	0.0308145	0	7.79767e-07	0
0.558256	0.33802	291	0	0	0.19396	0.1455	0	0.0306245	0	8.23162e-07	0
0.558256	0.33802	292	0	0	0.19396	0.146	0	0.0304342	0	8.66377e-07	0
0.558256	0.33802	293	0	0	0.19396	0.1465	0	0.0302435	0	9.09401e-07	0
0.558256	0.33802	294	0	0	0.19396	0.147	0	0.0300526	0	9.52223e-07	0
0.558256	0.33802	295	0	0	0.19396	0.1475	0	0.0298613	0	9.94833e-07	0
0.558256	0.33802	296	0	0	0.19396	0.148	0	0.0296697	0	1.03722e-06	0
0.558256	0.33802	297	0	0	0.19396	0.1485	0	0.0294778	0	1.07938e-06	0
0.558256	0.33802	298	0	0	0.19396	0.149	0	0.0292857	0	1.12129e-06	0
0.558256	0.33802	299	0	0	0.19396	0.1495	0	0.0290932	0	1.16295e-06	0
0.558256	0.33802	300	0	0	0.19396	0.15	0	0.0289004	0	1.20435e-06	0
0.558256	0.33802	301	0	0	0.19396	0.1505	0	0.0287073	0	1.24547e-06	0
0.558256	0.33802	302	0	0	0.19396	0.151	0	0.0285139	0	1.28631e-06	0
0.558256	0.33802	303	0	0	0.19396	0.1515	0	0.0283203	0	1.32685e-06	0
0.558256	0.33802	304	0	0	0.19396	0.152	0	0.0281263	0	1.3671e-06	0
0.558256	0.33802	305	0	0	0.19396	0.1525	0	0.0279321	0	1.40702e-06	0
0.558256	0.33802	306	0	0	0.19396	0.153	0	0.0277375	0	1.44663e-06	0
0.558256	0.33802	307	0	0	0.19396	0.1535	0	0.0275427	0	1.4859e-06	0
0.558256	0.33802	308	0	0	0.19396	0.154	0	0.0273477	0	1.52483e-06	0
0.558256	0.33802	309	0	0	0.19396	0.1545	0	0.0271523	0	1.56342e-06	0
0.558256	0.33802	310	0	0	0.19396	0.155	0	0.0269567	0	1.60164e-06	0
0.558256	0.33802	311	0	0	0.19396	0.1555	0	0.0267608	0	1.6395e-06	0
0.558256	0.33802	312	0	0	0.19396	0.156	0	0.0265646	0	1.67699e-06	0
0.558256	0.33802	313	0	0	0.19396	0.1565	0	0.0263681	0	1.71409e-06	0
0.558256	0.33802	314	0	0	0.19396	0.157	0	0.0261714	0	1.7508e-06	0
0.558256	0.33802	315	0	0	0.19396	0.1575	0	0.0259744	0	1.78712e-06	0
0.558256	0.33802	316	0	0	0.19396	0.158	0	0.0257772	0	1.82303e-06	0
0.558256	0.33802	317	0	0	0.19396	0.1585	0	0.0255797	0	1.85853e-06	0
0.558256	0.33802	318	0	0	0.19396	0.159	0	0.0253819	0	1.89361e-06	0
0.558256	0.33802	319	0	0	0.19396	0.1595	0	0.0251839	0	1.92827e-06	0
0.558256	0.33802	320	0	0	0.19396	0.16	0	0.0249857	0	1.9625e-06	0
0.558256	0.33802	321	0	0	0.19396	0.1605	0	0.0247872	0	1.99629e-06	0
0.558256	0.33802	322	0	0	0.19396	0.161	0	0.0245884	0	2.02963e-06	0
0.558256	0.33802	323	0	0	0.19396	0.1615	0	0.0243894	0	2.06252e-06	0
0.558256	0.33802	324	0	0	0.19396	0.162	0	0.0241901	0	2.09496e-06	0
0.558256	0.33802	325	0	0	0.19396	0.1625	0	0.0239906	0	2.12694e-06	0
0.558256	0.33802	326	0	0	0.19396	0.163	0	0.0237909	0	2.15845e-06	0
0.558256	0.33802	327	0	0	0.19396	0.1635	0	0.0235909	0	2.18948e-06	0
0.558256	0.33802	328	0	0	0.19396	0.164	0	0.0233907	0	2.22003e-06	0
0.558256	0.33802	329	0	0	0.19396	0.1645	0	0.0231902	0	2.25009e-06	0
0.558256	0.33802	330	0	0	0.19396	0.165	0	0.0229895	0	2.27967e-06	0
0.558256	0.33802	331	0	0	0.19396	0.1655	0	0.0227886	0	2.30874e-06	0
0.558256	0.33802	332	0	0	0.19396	0.166	0	0.0225874	0	2.3373e-06	0
0.558256	0.33802	333	0	0	0.19396	0.1665	0	0.022386	0	2.36536e-06	0
0.558256	0.33802	334	0	0	0.19396	0.167	0	0.0221844	0	2.3929e-06	0
0.558256	0.33802	335	0	0	0.19396	0.1675	0	0.0219826	0	2.41991e-06	0
0.558256	0.33802	336	0	0	0.19396	0.168	0	0.0217805	0	2.44639e-06	0
0.558256	0.33802	337	0	0	0.19396	0.1685	0	0.0215782	0	2.47233e-06	0
0.558256	0.33802	338	0	0	0.19396	0.169	0	0.0213757	0	2.49772e-06	0
0.558256	0.33802	339	0	0	0.19396	0.1695	0	0.021173	0	2.52256e-06	0
0.558256	0.33802	340	0	0	0.19396	0.17	0	0.0209701	0	2.54684e-06	0
0.558256	0.33802	341	0	0	0.19396	0.1705	0	0.0207669	0	2.57055e-06	0
0.558256	0.33802	342	0	0	0.19396	0.171	0	0.0205636	0	2.59368e-06	0
0.558256	0.33802	343	0	0	0.19396	0.1715	0	0.02036	0	2.61622e-06	0
0.558256	0.33802	344	0	0	0.19396	0.172	0	0.0201562	0	2.63817e-06	0
0.558256	0.33802	345	0	0	0.19396	0.1725	0	0.0199522	0	2.65952e-06	0
0.558256	0.33802	346	0	0	0.19396	0.173	0	0.019748	0	2.68025e-06	0
0.558256	0.33802	347	0	0	0.19396	0.1735	0	0.0195435	0	2.70035e-06	0
0.558256	0.33802	348	0	0	0.19396	0.174	0	0.0193389	0	2.71982e-06	0
0.558256	0.33802	349	0	0	0.19396	0.1745	0	0.0191341	0	2.73864e-06	0
0.558256	0.33802	350	0	0	0.19396	0.175	0	0.0189291	0	2.7568e-06	0
0.558256	0.33802	351	0	0	0.19396	0.1755	0	0.0187239	0	2.77429e-06	0
0.558256	0.33802	352	0	0	0.19396	0.176	0	0.0185184	0	2.7911e-06	0
0.558256	0.33802	353	0	0	0.19396	0.1765	0	0.0183128	0	2.80721e-06	0
0.558256	0.33802	354	0	0	0.19396	0.177	0	0.018107	0	2.82261e-06	0
0.558256	0.33802	355	0	0	0.19396	0.1775	0	0.017901	0	2.83728e-06	0
0.558256	0.33802	356	0	0	0.19396	0.178	0	0.0176948	0	2.85121e-06	0
0.558256	0.33802	357	0	0	0.19396	0.1785	0	0.0174884	0	2.86438e-06	0
0.558256	0.33802	358	0	0	0.19396	0.179	0	0.0172818	0	2.87677e-06	0
0.558256	0.33802	359	0	0	0.19396	0.1795	0	0.017075	0	2.88837e-06	0
0.558256	0.33802	360	0	0	0.19396	0.18	0	0.0168681	0	2.89916e-06	0
0.558256	0.33802	361	0	0	0.19396	0.1805	0	0.0166609	0	2.90911e-06	0
0.558256	0.33802	362	0	0	0.19396	0.181	0	0.0164536	0	2.91821e-06	0
0.558256	0.33802	363	0	0	0.19396	0.1815	0	0.0162461	0	2.92643e-06	0
0.558256	0.33802	364	0	0	0.19396	0.182	0	0.0160384	0	2.93376e-06	0
0.558256	0.33802	365	0	0	0.19396	0.1825	0	0.0158305	0	2.94016e-06	0
0.558256	0.33802	366	0	0	0.19396	0.183	0	0.0156225	0	2.94562e-06	0
0.558256	0.33802	367	0	0	0.19396	0.1835	0	0.0154142	0	2.9501e-06	0
0.558256	0.33802	368	0	0	0.19396	0.184	0	0.0152058	0	2.95358e-06	0
0.558256	0.33802	369	0	0	0.19396	0.1845	0	0.0149973	0	2.95603e-06	0
0.558256	0.33802	370	0	0	0.19396	0.185	0	0.0147885	0	2.95742e-06	0
0.558256	0.33802	371	0	0	0.19396	0.1855	0	0.0145796	0	2.95772e-06	0
0.558256	0.33802	372	0	0	0.19396	0.186	0	0.0143705	0	2.95689e-06	0
0.558256	0.33802	373	0	0	0.19396	0.1865	0	0.0141612	0	2.9549e-06	0
0.558256	0.33802	374	0	0	0.19396	0.187	0	0.0139517	0	2.95171e-06	0
0.558256	0.33802	375	0	0	0.19396	0.1875	0	0.0137421	0	2.94729e-06	0
0.558256	0.33802	376	0	0	0.19396	0.188	0	0.0135324	0	2.94159e-06	0
0.558256	0.33802	377	0	0	0.19396	0.1885	0	0.0133224	0	2.93457e-06	0
0.558256	0.33802	378	0	0	0.19396	0.189	0	0.0131123	0	2.92619e-06	0
0.558256	0.33802	379	0	0	0.19396	0.1895	0	0.012902	0	2.91641e-06	0
0.558256	0.33802	380	0	0	0.19396	0.19	0	0.0126916	0	2.90517e-06	0
0.558256	0.33802	381	0	0	0.19396	0.1905	0	0.012481	0	2.89243e-06	0
0.558256	0.33802	382	0	0	0.19396	0.191	0	0.0122703	0	2.87813e-06	0
0.558256	0.33802	383	0	0	0.19396	0.1915	0	0.0120593	0	2.86222e-06	0
0.558256	0.33802	384	0	0	0.19396	0.192	0	0.0118483	0	2.84465e-06	0
0.558256	0.33802	385	0	0	0.19396	0.1925	0	0.0116371	0	2.82536e-06	0
0.558256	0.33802	386	0	0	0.19396	0.193	0	0.0114257	0	2.80428e-06	0
0.558256	0.33802	387	0	0	0.19396	0.1935	0	0.0112141	0	2.78136e-06	0
0.558256	0.33802	388	0	0	0.19396	0.194	0	0.0110024	0	2.75653e-06	0
0.558256	0.33802	389	0	0	0.19396	0.1945	0	0.0107906	0	2.72973e-06	0
0.558256	0.33802	390	0	0	0.19396	0.195	0	0.0105786	0	2.70088e-06	0
0.558256	0.33802	391	0	0	0.19396	0.1955	0	0.0103665	0	2.66992e-06	0
0.558256	0.33802	392	0	0	0.19396	0.196	0	0.0101542	0	2.63677e-06	0
0.558256	0.33802	393	0	0	0.19396	0.1965	0	0.00994172	0	2.60137e-06	0
0.558256	0.33802	394	0	0	0.19396	0.197	0	0.00972913	0	2.56363e-06	0
0.558256	0.33802	395	0	0	0.19396	0.1975	0	0.00951639	0	2.52349e-06	0
0.558256	0.33802	396	0	0	0.19396	0.198	0	0.00930351	0	2.48086e-06	0
0.558256	0.33802	397	0	0	0.19396	0.1985	0	0.00909048	0	2.43568e-06	0
0.558256	0.33802	398	0	0	0.19396	0.199	0	0.00887732	0	2.38787e-06	0
0.558256	0.33802	399	0	0	0.19396	0.1995	0	0.008664	0	2.33736e-06	0
0.558256	0.33802	400	0	0	0.19396	0.2	0	0.00845055	0	2.28407e-06	0
0.558256	0.33802	401	0	0	0.19396	0.2005	0	0.00823696	0	2.22795e-06	0
0.558256	0.33802	402	0	0	0.19396	0.201	0	0.00802322	0	2.16894e-06	0
0.558256	0.33802	403	0	0	0.19396	0.2015	0	0.00780935	0	2.10698e-06	0
0.558256	0.33802	404	0	0	0.19396	0.202	0	0.00759534	0	2.04202e-06	0
0.558256	0.33802	405	0	0	0.19396	0.2025	0	0.00738119	0	1.97405e-06	0
0.558256	0.33802	406	0	0	0.19396	0.203	0	0.00716691	0	1.90303e-06	0
0.558256	0.33802	407	0	0	0.19396	0.2035	0	0.00695249	0	1.82898e-06	0
0.558256	0.33802	408	0	0	0.19396	0.204	0	0.00673794	0	1.75192e-06	0
0.558256	0.33802	409	0	0	0.19396	0.2045	0	0.00652326	0	1.67189e-06	0
0.558256	0.33802	410	0	0	0.19396	0.205	0	0.00630844	0	1.58898e-06	0
0.558256	0.33802	411	0	0	0.19396	0.2055	0	0.00609349	0	1.50331e-06	0
0.558256	0.33802	412	0	0	0.19396	0.206	0	0.00587841	0	1.41504e-06	0
0.558256	0.33802	413	0	0	0.19396	0.2065	0	0.0056632	0	1.32439e-06	0
0.558256	0.33802	414	0	0	0.19396	0.207	0	0.00544786	0	1.23163e-06	0
0.558256	0.33802	415	0	0	0.19396	0.2075	0	0.00523239	0	1.13712e-06	0
0.558256	0.33802	416	0	0	0.19396	0.208	0	0.0050168	0	1.04129e-06	0
0.558256	0.33802	417	0	0	0.19396	0.2085	0	0.00480108	0	9.44651e-07	0
0.558256	0.33802	418	0	0	0.19396	0.209	0	0.00458523	0	8.47836e-07	0
0.558256	0.33802	419	0	0	0.19396	0.2095	0	0.00436926	0	7.51577e-07	0
0.558256	0.33802	420	0	0	0.19396	0.21	0	0.00415317	0	6.56728e-07	0
0.558256	0.33802	421	0	0	0.19396	0.2105	0	0.00393695	0	5.64263e-07	0
0.558256	0.33802	422	0	0	0.19396	0.211	0	0.00372061	0	4.75272e-07	0
0.558256	0.33802	423	0	0	0.19396	0.2115	0	0.00350415	0	3.90945e-07	0
0.558256	0.33802	424	0	0	0.19396	0.212	0	0.00328757	0	3.12543e-07	0
0.558256	0.33802	425	0	0	0.19396	0.2125	0	0.00307086	0	2.4134e-07	0
0.558256	0.33802	426	0	0	0.19396	0.213	0	0.00285404	0	1.78546e-07	0
0.558256	0.33802	427	0	0	0.19396	0.2135	0	0.0026371	0	1.25191e-07	0
0.558256	0.33802	428	0	0	0.19396	0.214	0	0.00242004	0	8.19773e-08	0
0.558256	0.33802	429	0	0	0.19396	0.2145	0	0.00220286	0	4.91084e-08	0
0.558256	0.33802	430	0	0	0.19396	0.215	0	0.00198557	0	2.61244e-08	0
0.558256	0.33802	431	0	0	0.19396	0.2155	0	0.00176816	0	1.18047e-08	0
0.558256	0.33802	432	0	0	0.19396	0.216	0	0.00155064	0	4.22621e-09	0
0.558256	0.33802	433	0	0	0.19396	0.2165	0	0.001333	0	1.0682e-09	0
0.558256	0.33802	434	0	0	0.19396	0.217	0	0.00111525	0	1.55146e-10	0
0.558256	0.33802	435	0	0	0.19396	0.2175	0	0.00089739	0	8.61953e-12	0
0.558256	0.33802	436	0	0	0.19396	0.218	0	0.000679415	0	7.21229e-14	0
0.558256	0.33802	437	0	0	0.19396	0.2185	0	0.000461329	0	6.07343e-18	0
0.558256	0.33802	438	0	0	0.19396	0.219	0	0.000243132	0	1.94427e-29	0
0.558256	0.33802	439	0	0	0.19396	0.2195	0	2.48248e-05	0	4.21376e-246	0
0.558256	0.33802	440	0	0	0.19396	0.22	0	-0.000193591	0	0	0
0.558256	0.33802	441	0	0	0.19396	0.2205	0	-0.000412116	0	0	0
0.558256	0.33802	442	0	0	0.19396	0.221	0	-0.000630749	0	0	0
0.558256	0.33802	443	0	0	0.19396	0.2215	0	-0.000849489	0	0	0
0.558256	0.33802	444	0	0	0.19396	0.222	0	-0.00106834	0	0	0
0.558256	0.33802	445	0	0	0.19396	0.2225	0	-0.00128729	0	0	0
0.558256	0.33802	446	0	0	0.19396	0.223	0	-0.00150635	0	0	0
0.558256	0.33802	447	0	0	0.19396	0.2235	0	-0.00172551	0	0	0
0.558256	0.33802	448	0	0	0.19396	0.224	0	-0.00194477	0	0	0
0.558256	0.33802	449	0	0	0.19396	0.2245	0	-0.00216414	0	0	0
0.558256	0.33802	450	0	0	0.19396	0.225	0	-0.00238362	0	0	0
0.558256	0.33802	451	0	0	0.19396	0.2255	0	-0.00260319	0	0	0
0.558256	0.33802	452	0	0	0.19396	0.226	0	-0.00282287	0	0	0
0.558256	0.33802	453	0	0	0.19396	0.2265	0	-0.00304265	0	0	0
0.558256	0.33802	454	0	0	0.19396	0.227	0	-0.00326252	0	0	0
0.558256	0.33802	455	0	0	0.19396	0.2275	0	-0.0034825	0	0	0
0.558256	0.33802	456	0	0	0.19396	0.228	0	-0.00370258	0	0	0
0.558256	0.33802	457	0	0	0.19396	0.2285	0	-0.00392275	0	0	0
0.558256	0.33802	458	0	0	0.19396	0.229	0	-0.00414302	0	0	0
0.558256	0.33802	459	0	0	0.19396	0.2295	0	-0.00436339	0	0	0
0.558256	0.33802	460	0	0	0.19396	0.23	0	-0.00458386	0	0	0
0.558256	0.33802	461	0	0	0.19396	0.2305	0	-0.00480442	0	0	0
0.558256	0.33802	462	0	0	0.19396	0.231	0	-0.00502508	0	0	0
0.558256	0.33802	463	0	0	0.19396	0.2315	0	-0.00524583	0	0	0
0.558256	0.33802	464	0	0	0.19396	0.232	0	-0.00546668	0	0	0
0.558256	0.33802	465	0	0	0.19396	0.2325	0	-0.00568762	0	0	0
0.558256	0.33802	466	0	0	0.19396	0.233	0	-0.00590865	0	0	0
0.558256	0.33802	467	0	0	0.19396	0.2335	0	-0.00612978	0	0	0
0.558256	0.33802	468	0	0	0.19396	0.234	0	-0.006351	0	0	0
0.558256	0.33802	469	0	0	0.19396	0.2345	0	-0.00657231	0	0	0
0.558256	0.33802	470	0	0	0.19396	0.235	0	-0.00679371	0	0	0
0.558256	0.33802	471	0	0	0.19396	0.2355	0	-0.00701521	0	0	0
0.558256	0.33802	472	0	0	0.19396	0.236	0	-0.00723679	0	0	0
0.558256	0.33802	473	0	0	0.19396	0.2365	0	-0.00745846	0	0	0
0.558256	0.33802	474	0	0	0.19396	0.237	0	-0.00768022	0	0	0
0.558256	0.33802	475	0	0	0.19396	0.2375	0	-0.00790207	0	0	0
0.558256	0.33802	476	0	0	0.19396	0.238	0	-0.00812401	0	0	0
0.558256	0.33802	477	0	0	0.19396	0.2385	0	-0.00834604	0	0	0
0.558256	0.33802	478	0	0	0.19396	0.239	0	-0.00856815	0	0	0
0.558256	0.33802	479	0	0	0.19396	0.2395	0	-0.00879035	0	0	0
0.558256	0.33802	480	0	0	0.19396	0.24	0	-0.00901263	0	0	0
0.558256	0.33802	481	0	0	0.19396	0.2405	0	-0.009235	0	0	0
0.558256	0.33802	482	0	0	0.19396	0.241	0	-0.00945746	0	0	0
0.558256	0.33802	483	0	0	0.19396	0.2415	0	-0.00968	0	0	0
0.558256	0.33802	484	0	0	0.19396	0.242	0	-0.00990262	0	0	0
0.558256	0.33802	485	0	0	0.19396	0.2425	0	-0.0101253	0	0	0
0.558256	0.33802	486	0	0	0.19396	0.243	0	-0.0103481	0	0	0
0.558256	0.33802	487	0	0	0.19396	0.2435	0	-0.010571	0	0	0
0.558256	0.33802	488	0	0	0.19396	0.244	0	-0.0107939	0	0	0
0.558256	0.33802	489	0	0	0.19396	0.2445	0	-0.011017	0	0	0
0.558256	0.33802	490	0	0	0.19396	0.245	0	-0.0112401	0	0	0
0.558256	0.33802	491	0	0	0.19396	0.2455	0	-0.0114633	0	0	0
0.558256	0.33802	492	0	0	0.19396	0.246	0	-0.0116866	0	0	0
0.558256	0.33802	493	0	0	0.19396	0.2465	0	-0.0119099	0	0	0
0.558256	0.33802	494	0	0	0.19396	0.247	0	-0.0121334	0	0	0
0.558256	0.33802	495	0	0	0.19396	0.2475	0	-0.0123569	0	0	0
0.558256	0.33802	496	0	0	0.19396	0.248	0	-0.0125805	0	0	0
0.558256	0.33802	497	0	0	0.19396	0.2485	0	-0.0128042	0	0	0
0.558256	0.33802	498	0	0	0.19396	0.249	0	-0.0130279	0	0	0
0.558256	0.33802	499	0	0	0.19396	0.2495	0	-0.0132517	0	0	0
0.558256	0.33802	500	0	0	0.19396	0.25	0	-0.0134756	0	0	0
0.558256	0.33802	501	0	0	0.19396	0.2505	0	-0.0136996	0	0	0
0.558256	0.33802	502	0	0	0.19396	0.251	0	-0.0139237	0	0	0
0.558256	0.33802	503	0	0	0.19396	0.2515	0	-0.0141478	0	0	0
0.558256	0.33802	504	0	0	0.19396	0.252	0	-0.014372	0	0	0
0.558256	0.33802	505	0	0	0.19396	0.2525	0	-0.0145963	0	0	0
0.558256	0.33802	506	0	0	0.19396	0.253	0	-0.0148207	0	0	0
0.558256	0.33802	507	0	0	0.19396	0.2535	0	-0.0150451	0	0	0
0.558256	0.33802	508	0	0	0.19396	0.254	0	-0.0152696	0	0	0
0.558256	0.33802	509	0	0	0.19396	0.2545	0	-0.0154942	0	0	0
0.558256	0.33802	510	0	0	0.19396	0.255	0	-0.0157188	0	0	0
0.558256	0.33802	511	0	0	0.19396	0.2555	0	-0.0159435	0	0	0
0.558256	0.33802	512	0	0	0.19396	0.256	0	-0.0161683	0	0	0
0.558256	0.33802	513	0	0	0.19396	0.2565	0	-0.0163932	0	0	0
0.558256	0.33802	514	0	0	0.19396	0.257	0	-0.0166181	0	0	0
0.558256	0.33802	515	0	0	0.19396	0.2575	0	-0.0168431	0	0	0
0.558256	0.33802	516	0	0	0.19396	0.258	0	-0.0170682	0	0	0
0.558256	0.33802	517	0	0	0.19396	0.2585	0	-0.0172934	0	0	0
0.558256	0.33802	518	0	0	0.19396	0.259	0	-0.0175186	0	0	0
0.558256	0.33802	519	0	0	0.19396	0.2595	0	-0.0177439	0	0	0
0.558256	0.33802	520	0	0	0.19396	0.26	0	-0.0179692	0	0	0
0.558256	0.33802	521	0	0	0.19396	0.2605	0	-0.0181946	0	0	0
0.558256	0.33802	522	0	0	0.19396	0.261	0	-0.0184201	0	0	0
0.558256	0.33802	523	0	0	0.19396	0.2615	0	-0.0186457	0	0	0
0.558256	0.33802	524	0	0	0.19396	0.262	0	-0.0188713	0	0	0
0.558256	0.33802	525	0	0	0.19396	0.2625	0	-0.019097	0	0	0
0.558256	0.33802	526	0	0	0.19396	0.263	0	-0.0193228	0	0	0
0.558256	0.33802	527	0	0	0.19396	0.2635	0	-0.0195486	0	0	0
0.558256	0.33802	528	0	0	0.19396	0.264	0	-0.0197745	0	0	0
0.558256	0.33802	529	0	0	0.19396	0.2645	0	-0.0200004	0	0	0
0.558256	0.33802	530	0	0	0.19396	0.265	0	-0.0202265	0	0	0
0.558256	0.33802	531	0	0	0.19396	0.2655	0	-0.0204525	0	0	0
0.558256	0.33802	532	0	0	0.19396	0.266	0	-0.0206787	0	0	0
0.558256	0.33802	533	0	0	0.19396	0.2665	0	-0.0209049	0	0	0
0.558256	0.33802	534	0	0	0.19396	0.267	0	-0.0211312	0	0	0
0.558256	0.33802	535	0	0	0.19396	0.2675	0	-0.0213575	0	0	0
0.558256	0.33802	536	0	0	0.19396	0.268	0	-0.0215839	0	0	0
0.558256	0.33802	537	0	0	0.19396	0.2685	0	-0.0218104	0	0	0
0.558256	0.33802	538	0	0	0.19396	0.269	0	-0.0220369	0	0	0
0.558256	0.33802	539	0	0	0.19396	0.2695	0	-0.0222635	0	0	0
0.558256	0.33802	540	0	0	0.19396	0.27	0	-0.0224902	0	0	0
0.558256	0.33802	541	0	0	0.19396	0.2705	0	-0.0227169	0	0	0
0.558256	0.33802	542	0	0	0.19396	0.271	0	-0.0229437	0	0	0
0.558256	0.33802	543	0	0	0.19396	0.2715	0	-0.0231705	0	0	0
0.558256	0.33802	544	0	0	0.19396	0.272	0	-0.0233974	0	0	0
0.558256	0.33802	545	0	0	0.19396	0.2725	0	-0.0236244	0	0	0
0.558256	0.33802	546	0	0	0.19396	0.273	0	-0.0238514	0	0	0
0.558256	0.33802	547	0	0	0.19396	0.2735	0	-0.0240785	0	0	0
0.558256	0.33802	548	0	0	0.19396	0.274	0	-0.0243056	0	0	0
0.558256	0.33802	549	0	0	0.19396	0.2745	0	-0.0245328	0	0	0
0.558256	0.33802	550	0	0	0.19396	0.275	0	-0.0247601	0	0	0
0.558256	0.33802	551	0	0	0.19396	0.2755	0	-0.0249874	0	0	0
0.558256	0.33802	552	0	0	0.19396	0.276	0	-0.0252147	0	0	0
0.558256	0.33802	553	0	0	0.19396	0.2765	0	-0.0254422	0	0	0
0.558256	0.33802	554	0	0	0.19396	0.277	0	-0.0256697	0	0	0
0.558256	0.33802	555	0	0	0.19396	0.2775	0	-0.0258972	0	0	0
0.558256	0.33802	556	0	0	0.19396	0.278	0	-0.0261248	0	0	0
0.558256	0.33802	557	0	0	0.19396	0.2785	0	-0.0263525	0	0	0
0.558256	0.33802	558	0	0	0.19396	0.279	0	-0.0265802	0	0	0
0.558256	0.33802	559	0	0	0.19396	0.2795	0	-0.0268079	0	0	0
0.558256	0.33802	560	0	0	0.19396	0.28	0	-0.0270358	0	0	0
0.558256	0.33802	561	0	0	0.19396	0.2805	0	-0.0272637	0	0	0
0.558256	0.33802	562	0	0	0.19396	0.281	0	-0.0274916	0	0	0
0.558256	0.33802	563	0	0	0.19396	0.2815	0	-0.0277196	0	0	0
0.558256	0.33802	564	0	0	0.19396	0.282	0	-0.0279476	0	0	0
0.558256	0.33802	565	0	0	0.19396	0.2825	0	-0.0281757	0	0	0
0.558256	0.33802	566	0	0	0.19396	0.283	0	-0.0284039	0	0	0
0.558256	0.33802	567	0	0	0.19396	0.2835	0	-0.0286321	0	0	0
0.558256	0.33802	568	0	0	0.19396	0.284	0	-0.0288604	0	0	0
0.558256	0.33802	569	0	0	0.19396	0.2845	0	-0.0290887	0	0	0
0.558256	0.33802	570	0	0	0.19396	0.285	0	-0.029317	0	0	0
0.558256	0.33802	571	0	0	0.19396	0.2855	0	-0.0295455	0	0	0
0.558256	0.33802	572	0	0	0.19396	0.286	0	-0.0297739	0	0	0
0.558256	0.33802	573	0	0	0.19396	0.2865	0	-0.0300025	0	0	0
0.558256	0.33802	574	0	0	0.19396	0.287	0	-0.030231	0	0	0
0.558256	0.33802	575	0	0	0.19396	0.2875	0	-0.0304597	0	0	0
0.558256	0.33802	576	0	0	0.19396	0.288	0	-0.0306884	0	0	0
0.558256	0.33802	577	0	0	0.19396	0.2885	0	-0.0309171	0	0	0
0.558256	0.33802	578	0	0	0.19396	0.289	0	-0.0311459	0	0	0
0.558256	0.33802	579	0	0	0.19396	0.2895	0	-0.0313747	0	0	0
0.558256	0.33802	580	0	0	0.19396	0.29	0	-0.0316036	0	0	0
0.558256	0.33802	581	0	0	0.19396	0.2905	0	-0.0318325	0	0	0
0.558256	0.33802	582	0	0	0.19396	0.291	0	-0.0320615	0	0	0
0.558256	0.33802	583	0	0	0.19396	0.2915	0	-0.0322905	0	0	0
0.558256	0.33802	584	0	0	0.19396	0.292	0	-0.0325196	0	0	0
0.558256	0.33802	585	0	0	0.19396	0.2925	0	-0.0327488	0	0	0
0.558256	0.33802	586	0	0	0.19396	0.293	0	-0.0329779	0	0	0
0.558256	0.33802	587	0	0	0.19396	0.2935	0	-0.0332072	0	0	0
0.558256	0.33802	588	0	0	0.19396	0.294	0	-0.0334365	0	0	0
0.558256	0.33802	589	0	0	0.19396	0.2945	0	-0.0336658	0	0	0
0.558256	0.33802	590	0	0	0.19396	0.295	0	-0.0338952	0	0	0
0.558256	0.33802	591	0	0	0.19396	0.2955	0	-0.0341246	0	0	0
0.558256	0.33802	592	0	0	0.19396	0.296	0	-0.0343541	0	0	0
0.558256	0.33802	593	0	0	0.19396	0.2965	0	-0.0345836	0	0	0
0.558256	0.33802	594	0	0	0.19396	0.297	0	-0.0348132	0	0	0
0.558256	0.33802	595	0	0	0.19396	0.2975	0	-0.0350428	0	0	0
0.558256	0.33802	596	0	0	0.19396	0.298	0	-0.0352724	0	0	0
0.558256	0.33802	597	0	0	0.19396	0.2985	0	-0.0355021	0	0	0
0.558256	0.33802	598	0	0	0.19396	0.299	0	-0.0357319	0	0	0
0.558256	0.33802	599	0	0	0.19396	0.2995	0	-0.0359617	0	0	0
0.558256	0.33802	600	0	0	0.19396	0.3	0	-0.0361915	0	0	0
0.558256	0.33802	601	0	0	0.19396	0.3005	0	-0.0364214	0	0	0
0.558256	0.33802	602	0	0	0.19396	0.301	0	-0.0366514	0	0	0
0.558256	0.33802	603	0	0	0.19396	0.3015	0	-0.0368813	0	0	0
0.558256	0.33802	604	0	0	0.19396	0.302	0	-0.0371114	0	0	0
0.558256	0.33802	605	0	0	0.19396	0.3025	0	-0.0373414	0	0	0
0.558256	0.33802	606	0	0	0.19396	0.303	0	-0.0375716	0	0	0
0.558256	0.33802	607	0	0	0.19396	0.3035	0	-0.0378017	0	0	0
0.558256	0.33802	608	0	0	0.19396	0.304	0	-0.0380319	0	0	0
0.558256	0.33802	609	0	0	0.19396	0.3045	0	-0.0382622	0	0	0
0.558256	0.33802	610	0	0	0.19396	0.305	0	-0.0384925	0	0	0
0.558256	0.33802	611	0	0	0.19396	0.3055	0	-0.0387228	0	0	0
0.558256	0.33802	612	0	0	0.19396	0.306	0	-0.0389532	0	0	0
0.558256	0.33802	613	0	0	0.19396	0.3065	0	-0.0391836	0	0	0
0.558256	0.33802	614	0	0	0.19396	0.307	0	-0.0394141	0	0	0
0.558256	0.33802	615	0	0	0.19396	0.3075	0	-0.0396446	0	0	0
0.558256	0.33802	616	0	0	0.19396	0.308	0	-0.0398751	0	0	0
0.558256	0.33802	617	0	0	0.19396	0.3085	0	-0.0401057	0	0	0
0.558256	0.33802	618	0	0	0.19396	0.309	0	-0.0403363	0	0	0
0.558256	0.33802	619	0	0	0.19396	0.3095	0	-0.040567	0	0	0
0.558256	0.33802	620	0	0	0.19396	0.31	0	-0.0407977	0	0	0
0.558256	0.33802	621	0	0	0.19396	0.3105	0	-0.0410285	0	0	0
0.558256	0.33802	622	0	0	0.19396	0.311	0	-0.0412593	0	0	0
0.558256	0.33802	623	0	0	0.19396	0.3115	0	-0.0414901	0	0	0
0.558256	0.33802	624	0	0	0.19396	0.312	0	-0.041721	0	0	0
0.558256	0.33802	625	0	0	0.19396	0.3125	0	-0.0419519	0	0	0
0.558256	0.33802	626	0	0	0.19396	0.313	0	-0.0421829	0	0	0
0.558256	0.33802	627	0	0	0.19396	0.3135	0	-0.0424139	0	0	0
0.558256	0.33802	628	0	0	0.19396	0.314	0	-0.042645	0	0	0
0.558256	0.33802	629	1	0	0.19396	0.3145	0	-0.0428761	0	0	0
0.558256	0.33802	630	1	0	0.19396	0.315	0	-0.0431072	0	0	0
0.558256	0.33802	631	1	0	0.19396	0.3155	0	-0.0433383	0	0	0
0.558256	0.33802	632	1	0	0.19396	0.316	0	-0.0435695	0	0	0
0.558256	0.33802	633	1	0	0.19396	0.3165	0	-0.0438008	0	0	0
0.558256	0.33802	634	1	0	0.19396	0.317	0	-0.0440321	0	0	0
0.558256	0.33802	635	1	0	0.19396	0.3175	0	-0.0442634	0	0	0
0.558256	0.33802	636	1	0	0.19396	0.318	0	-0.0444948	0	0	0
0.558256	0.33802	637	1	0	0.19396	0.3185	0	-0.0447262	0	0	0
0.558256	0.33802	638	1	0	0.19396	0.319	0	-0.0449576	0	0	0
0.558256	0.33802	639	1	0	0.19396	0.3195	0	-0.0451891	0	0	0
0.558256	0.33802	640	1	0	0.19396	0.32	0	-0.0454206	0	0	0
0.558256	0.33802	641	1	0	0.19396	0.3205	0	-0.0456521	0	0	0
0.558256	0.33802	642	1	0	0.19396	0.321	0	-0.0458837	0	0	0
0.558256	0.33802	643	1	0	0.19396	0.3215	0	-0.0461154	0	0	0
0.558256	0.33802	644	1	0	0.19396	0.322	0	-0.046347	0	0	0
0.558256	0.33802	645	1	0	0.19396	0.3225	0	-0.0465787	0	0	0
0.558256	0.33802	646	1	0	0.19396	0.323	0	-0.0468105	0	0	0
0.558256	0.33802	647	1	0	0.19396	0.3235	0	-0.0470422	0	0	0
0.558256	0.33802	648	1	0	0.19396	0.324	0	-0.0472741	0	0	0
0.558256	0.33802	649	1	0	0.19396	0.3245	0	-0.0475059	0	0	0
0.558256	0.33802	650	1	0	0.19396	0.325	0	-0.0477378	0	0	0
0.558256	0.33802	651	1	0	0.19396	0.3255	0	-0.0479697	0	0	0
0.558256	0.33802	652	1	0	0.19396	0.326	0	-0.0482017	0	0	0
0.558256	0.33802	653	1	0	0.19396	0.3265	0	-0.0484337	0	0	0
0.558256	0.33802	654	1	0	0.19396	0.327	0	-0.0486657	0	0	0
0.558256	0.33802	655	1	0	0.19396	0.3275	0	-0.0488978	0	0	0
0.558256	0.33802	656	1	0	0.19396	0.328	0	-0.0491299	0	0	0
0.558256	0.33802	657	1	0	0.19396	0.3285	0	-0.049362	0	0	0
0.558256	0.33802	658	1	0	0.19396	0.329	0	-0.0495942	0	0	0
0.558256	0.33802	659	1	0	0.19396	0.3295	0	-0.0498264	0	0	0
0.558256	0.33802	660	1	0	0.19396	0.33	0	-0.0500586	0	0	0
0.558256	0.33802	661	1	0	0.19396	0.3305	0	-0.0502909	0	0	0
0.558256	0.33802	662	1	0	0.19396	0.331	0	-0.0505232	0	0	0
0.558256	0.33802	663	1	0	0.19396	0.3315	0	-0.0507556	0	0	0
0.558256	0.33802	664	1	0	0.19396	0.332	0	-0.0509879	0	0	0
0.558256	0.33802	665	1	0	0.19396	0.3325	0	-0.0512203	0	0	0
0.558256	0.33802	666	1	0	0.19396	0.333	0	-0.0514528	0	0	0
0.558256	0.33802	667	1	0	0.19396	0.3335	0	-0.0516853	0	0	0
0.558256	0.33802	668	1	0	0.19396	0.334	0	-0.0519178	0	0	0
0.558256	0.33802	669	1	0	0.19396	0.3345	0	-0.0521503	0	0	0
0.558256	0.33802	670	1	0	0.19396	0.335	0	-0.0523829	0	0	0
0.558256	0.33802	671	1	0	0.19396	0.3355	0	-0.0526155	0	0	0
0.558256	0.33802	672	1	0	0.19396	0.336	0	-0.0528482	0	0	0
0.558256	0.33802	673	1	0	0.19396	0.3365	0	-0.0530809	0	0	0
0.558256	0.33802	674	1	0	0.19396	0.337	0	-0.0533136	0	0	0
0.558256	0.33802	675	1	0	0.19396	0.3375	0	-0.0535463	0	0	0
0.558256	0.33802	676	1	0	0.19396	0.338	0	-0.0537791	0	0	0
0.558256	0.33802	677	1	0	0.19396	0.3385	0	-0.0540119	0	0	0
0.558256	0.33802	678	1	0	0.19396	0.339	0	-0.0542448	0	0	0
0.558256	0.33802	679	1	0	0.19396	0.3395	0	-0.0544777	0	0	0
0.558256	0.33802	680	1	0	0.19396	0.34	0	-0.0547106	0	0	0
0.558256	0.33802	681	1	0	0.19396	0.3405	0	-0.0549435	0	0	0
0.558256	0.33802	682	1	0	0.19396	0.341	0	-0.0551765	0	0	0
0.558256	0.33802	683	1	0	0.19396	0.3415	0	-0.0554095	0	0	0
0.558256	0.33802	684	1	0	0.19396	0.342	0	-0.0556425	0	0	0
0.558256	0.33802	685	1	0	0.19396	0.3425	0	-0.0558756	0	0	0
0.558256	0.33802	686	1	0	0.19396	0.343	0	-0.0561087	0	0	0
0.558256	0.33802	687	1	0	0.19396	0.3435	0	-0.0563418	0	0	0
0.558256	0.33802	688	1	0	0.19396	0.344	0	-0.056575	0	0	0
0.558256	0.33802	689	1	0	0.19396	0.3445	0	-0.0568082	0	0	0
0.558256	0.33802	690	1	0	0.19396	0.345	0	-0.0570414	0	0	0
0.558256	0.33802	691	1	0	0.19396	0.3455	0	-0.0572746	0	0	0
0.558256	0.33802	692	1	0	0.19396	0.346	0	-0.0575079	0	0	0
0.558256	0.33802	693	1	0	0.19396	0.3465	0	-0.0577412	0	0	0
0.558256	0.33802	694	1	0	0.19396	0.347	0	-0.0579746	0	0	0
0.558256	0.33802	695	1	0	0.19396	0.3475	0	-0.058208	0	0	0
0.558256	0.33802	696	1	0	0.19396	0.348	0	-0.0584414	0	0	0
0.558256	0.33802	697	1	0	0.19396	0.3485	0	-0.0586748	0	0	0
0.558256	0.33802	698	1	0	0.19396	0.349	0	-0.0589083	0	0	0
0.558256	0.33802	699	1	0	0.19396	0.3495	0	-0.0591417	0	0	0
0.558256	0.33802	700	1	0	0.19396	0.35	0	-0.0593753	0	0	0
0.558256	0.33802	701	1	0	0.19396	0.3505	0	-0.0596088	0	0	0
0.558256	0.33802	702	1	0	0.19396	0.351	0	-0.0598424	0	0	0
0.558256	0.33802	703	1	0	0.19396	0.3515	0	-0.060076	0	0	0
0.558256	0.33802	704	1	0	0.19396	0.352	0	-0.0603096	0	0	0
0.558256	0.33802	705	1	0	0.19396	0.3525	0	-0.0605433	0	0	0
0.558256	0.33802	706	1	0	0.19396	0.353	0	-0.060777	0	0	0
0.558256	0.33802	707	1	0	0.19396	0.3535	0	-0.0610107	0	0	0
0.558256	0.33802	708	1	0	0.19396	0.354	0	-0.0612445	0	0	0
0.558256	0.33802	709	1	0	0.19396	0.3545	0	-0.0614783	0	0	0
0.558256	0.33802	710	1	0	0.19396	0.355	0	-0.0617121	0	0	0
0.558256	0.33802	711	1	0	0.19396	0.3555	0	-0.0619459	0	0	0
0.558256	0.33802	712	1	0	0.19396	0.356	0	-0.0621798	0	0	0
0.558256	0.33802	713	1	0	0.19396	0.3565	0	-0.0624137	0	0	0
0.558256	0.33802	714	1	0	0.19396	0.357	0	-0.0626476	0	0	0
0.558256	0.33802	715	1	0	0.19396	0.3575	0	-0.0628815	0	0	0
0.558256	0.33802	716	1	0	0.19396	0.358	0	-0.0631155	0	0	0
0.558256	0.33802	717	1	0	0.19396	0.3585	0	-0.0633495	0	0	0
0.558256	0.33802	718	1	0	0.19396	0.359	0	-0.0635836	0	0	0
0.558256	0.33802	719	1	0	0.19396	0.3595	0	-0.0638176	0	0	0
0.558256	0.33802	720	1	0	0.19396	0.36	0	-0.0640517	0	0	0
0.558256	0.33802	721	1	0	0.19396	0.3605	0	-0.0642858	0	0	0
0.558256	0.33802	722	1	0	0.19396	0.361	0	-0.06452	0	0	0
0.558256	0.33802	723	1	0	0.19396	0.3615	0	-0.0647541	0	0	0
0.558256	0.33802	724	1	0	0.19396	0.362	0	-0.0649883	0	0	0
0.558256	0.33802	725	1	0	0.19396	0.3625	0	-0.0652225	0	0	0
0.558256	0.33802	726	1	0	0.19396	0.363	0	-0.0654568	0	0	0
0.558256	0.33802	727	1	0	0.19396	0.3635	0	-0.0656911	0	0	0
0.558256	0.33802	728	1	0	0.19396	0.364	0	-0.0659254	0	0	0
0.558256	0.33802	729	1	0	0.19396	0.3645	0	-0.0661597	0	0	0
0.558256	0.33802	730	1	0	0.19396	0.365	0	-0.066394	0	0	0
0.558256	0.33802	731	1	0	0.19396	0.3655	0	-0.0666284	0	0	0
0.558256	0.33802	732	1	0	0.19396	0.366	0	-0.0668628	0	0	0
0.558256	0.33802	733	1	0	0.19396	0.3665	0	-0.0670972	0	0	0
0.558256	0.33802	734	1	0	0.19396	0.367	0	-0.0673317	0	0	0
0.558256	0.33802	735	1	0	0.19396	0.3675	0	-0.0675662	0	0	0
0.558256	0.33802	736	1	0	0.19396	0.368	0	-0.0678007	0	0	0
0.558256	0.33802	737	1	0	0.19396	0.3685	0	-0.0680352	0	0	0
0.558256	0.33802	738	1	0	0.19396	0.369	0	-0.0682698	0	0	0
0.558256	0.33802	739	1	0	0.19396	0.3695	0	-0.0685044	0	0	0
0.558256	0.33802	740	1	0	0.19396	0.37	0	-0.068739	0	0	0
0.558256	0.33802	741	1	0	0.19396	0.3705	0	-0.0689736	0	0	0
0.558256	0.33802	742	1	0	0.19396	0.371	0	-0.0692083	0	0	0
0.558256	0.33802	743	1	0	0.19396	0.3715	0	-0.0694429	0	0	0
0.558256	0.33802	744	1	0	0.19396	0.372	0	-0.0696776	0	0	0
0.558256	0.33802	745	1	0	0.19396	0.3725	0	-0.0699124	0	0	0
0.558256	0.33802	746	1	0	0.19396	0.373	0	-0.0701471	0	0	0
0.558256	0.33802	747	1	0	0.19396	0.3735	0	-0.0703819	0	0	0
0.558256	0.33802	748	1	0	0.19396	0.374	0	-0.0706167	0	0	0
0.558256	0.33802	749	1	0	0.19396	0.3745	0	-0.0708515	0	0	0
0.558256	0.33802	750	1	0	0.19396	0.375	0	-0.0710864	0	0	0
0.558256	0.33802	751	1	0	0.19396	0.3755	0	-0.0713213	0	0	0
0.558256	0.33802	752	1	0	0.19396	0.376	0	-0.0715562	0	0	0
0.558256	0.33802	753	1	0	0.19396	0.3765	0	-0.0717911	0	0	0
0.558256	0.33802	754	1	0	0.19396	0.377	0	-0.072026	0	0	0
0.558256	0.33802	755	1	0	0.19396	0.3775	0	-0.072261	0	0	0
0.558256	0.33802	756	1	0	0.19396	0.378	0	-0.072496	0	0	0
0.558256	0.33802	757	1	0	0.19396	0.3785	0	-0.072731	0	0	0
0.558256	0.33802	758	1	0	0.19396	0.379	0	-0.0729661	0	0	0
0.558256	0.33802	759	1	0	0.19396	0.3795	0	-0.0732011	0	0	0
0.558256	0.33802	760	1	0	0.19396	0.38	0	-0.0734362	0	0	0
0.558256	0.33802	761	1	0	0.19396	0.3805	0	-0.0736713	0	0	0
0.558256	0.33802	762	1	0	0.19396	0.381	0	-0.0739065	0	0	0
0.558256	0.33802	763	1	0	0.19396	0.3815	0	-0.0741416	0	0	0
0.558256	0.33802	764	1	0	0.19396	0.382	0	-0.0743768	0	0	0
0.558256	0.33802	765	1	0	0.19396	0.3825	0	-0.074612	0	0	0
0.558256	0.33802	766	1	0	0.19396	0.383	0	-0.0748472	0	0	0
0.558256	0.33802	767	1	0	0.19396	0.3835	0	-0.0750825	0	0	0
0.558256	0.33802	768	1	0	0.19396	0.384	0	-0.0753178	0	0	0
0.558256	0.33802	769	1	0	0.19396	0.3845	0	-0.075553	0	0	0
0.558256	0.33802	770	1	0	0.19396	0.385	0	-0.0757884	0	0	0
0.558256	0.33802	771	1	0	0.19396	0.3855	0	-0.0760237	0	0	0
0.558256	0.33802	772	1	0	0.19396	0.386	0	-0.0762591	0	0	0
0.558256	0.33802	773	1	0	0.19396	0.3865	0	-0.0764944	0	0	0
0.558256	0.33802	774	1	0	0.19396	0.387	0	-0.0767298	0	0	0
0.558256	0.33802	775	1	0	0.19396	0.3875	0	-0.0769653	0	0	0
0.558256	0.33802	776	1	0	0.19396	0.388	0	-0.0772007	0	0	0
0.558256	0.33802	777	1	0	0.19396	0.3885	0	-0.0774362	0	0	0
0.558256	0.33802	778	1	0	0.19396	0.389	0	-0.0776717	0	0	0
0.558256	0.33802	779	1	0	0.19396	0.3895	0	-0.0779072	0	0	0
0.558256	0.33802	780	1	0	0.19396	0.39	0	-0.0781427	0	0	0
0.558256	0.33802	781	1	0	0.19396	0.3905	0	-0.0783783	0	0	0
0.558256	0.33802	782	1	0	0.19396	0.391	0	-0.0786139	0	0	0
0.558256	0.33802	783	1	0	0.19396	0.3915	0	-0.0788495	0	0	0
0.558256	0.33802	784	1	0	0.19396	0.392	0	-0.0790851	0	0	0
0.558256	0.33802	785	1	0	0.19396	0.3925	0	-0.0793207	0	0	0
0.558256	0.33802	786	1	0	0.19396	0.393	0	-0.0795564	0	0	0
0.558256	0.33802	787	1	0	0.19396	0.3935	0	-0.0797921	0	0	0
0.558256	0.33802	788	1	0	0.19396	0.394	0	-0.0800278	0	0	0
0.558256	0.33802	789	1	0	0.19396	0.3945	0	-0.0802635	0	0	0
0.558256	0.33802	790	1	0	0.19396	0.395	0	-0.0804992	0	0	0
0.558256	0.33802	791	1	0	0.19396	0.3955	0	-0.080735	0	0	0
0.558256	0.33802	792	1	0	0.19396	0.396	0	-0.0809708	0	0	0
0.558256	0.33802	793	1	0	0.19396	0.3965	0	-0.0812066	0	0	0
0.558256	0.33802	794	1	0	0.19396	0.397	0	-0.0814424	0	0	0
0.558256	0.33802	795	1	0	0.19396	0.3975	0	-0.0816783	0	0	0
0.558256	0.33802	796	1	0	0.19396	0.398	0	-0.0819141	0	0	0
0.558256	0.33802	797	1	0	0.19396	0.3985	0	-0.08215	0	0	0
0.558256	0.33802	798	1	0	0.19396	0.399	0	-0.0823859	0	0	0
0.558256	0.33802	799	1	0	0.19396	0.3995	0	-0.0826219	0	0	0
0.558256	0.33802	800	1	0	0.19396	0.4	0	-0.0828578	0	0	0
0.558256	0.33802	801	1	0	0.19396	0.4005	0	-0.0830938	0	0	0
0.558256	0.33802	802	1	0	0.19396	0.401	0	-0.0833298	0	0	0
0.558256	0.33802	803	1	0	0.19396	0.4015	0	-0.0835658	0	0	0
0.558256	0.33802	804	1	0	0.19396	0.402	0	-0.0838018	0	0	0
0.558256	0.33802	805	1	0	0.19396	0.4025	0	-0.0840378	0	0	0
0.558256	0.33802	806	1	0	0.19396	0.403	0	-0.0842739	0	0	0
0.558256	0.33802	807	1	0	0.19396	0.4035	0	-0.08451	0	0	0
0.558256	0.33802	808	1	0	0.19396	0.404	0	-0.0847461	0	0	0
0.558256	0.33802	809	1	0	0.19396	0.4045	0	-0.0849822	0	0	0
0.558256	0.33802	810	1	0	0.19396	0.405	0	-0.0852184	0	0	0
0.558256	0.33802	811	1	0	0.19396	0.4055	0	-0.0854545	0	0	0
0.558256	0.33802	812	1	0	0.19396	0.406	0	-0.0856907	0	0	0
0.558256	0.33802	813	1	0	0.19396	0.4065	0	-0.0859269	0	0	0
0.558256	0.33802	814	1	0	0.19396	0.407	0	-0.0861631	0	0	0
0.558256	0.33802	815	1	0	0.19396	0.4075	0	-0.0863994	0	0	0
0.558256	0.33802	816	1	0	0.19396	0.408	0	-0.0866356	0	0	0
0.558256	0.33802	817	1	0	0.19396	0.4085	0	-0.0868719	0	0	0
0.558256	0.33802	818	1	0	0.19396	0.409	0	-0.0871082	0	0	0
0.558256	0.33802	819	1	0	0.19396	0.4095	0	-0.0873445	0	0	0
0.558256	0.33802	820	1	0	0.19396	0.41	0	-0.0875808	0	0	0
0.558256	0.33802	821	1	0	0.19396	0.4105	0	-0.0878172	0	0	0
0.558256	0.33802	822	1	0	0.19396	0.411	0	-0.0880536	0	0	0
0.558256	0.33802	823	1	0	0.19396	0.4115	0	-0.08829	0	0	0
0.558256	0.33802	824	1	0	0.19396	0.412	0	-0.0885264	0	0	0
0.558256	0.33802	825	1	0	0.19396	0.4125	0	-0.0887628	0	0	0
0.558256	0.33802	826	1	0	0.19396	0.413	0	-0.0889992	0	0	0
0.558256	0.33802	827	1	0	0.19396	0.4135	0	-0.0892357	0	0	0
0.558256	0.33802	828	1	0	0.19396	0.414	0	-0.0894722	0	0	0
0.558256	0.33802	829	1	0	0.19396	0.4145	0	-0.0897087	0	0	0
0.558256	0.33802	830	1	0	0.19396	0.415	0	-0.0899452	0	0	0
0.558256	0.33802	831	1	0	0.19396	0.4155	0	-0.0901817	0	0	0
0.558256	0.33802	832	1	0	0.19396	0.416	0	-0.0904183	0	0	0
0.558256	0.33802	833	1	0	0.19396	0.4165	0	-0.0906548	0	0	0
0.558256	0.33802	834	1	0	0.19396	0.417	0	-0.0908914	0	0	0
0.558256	0.33802	835	1	0	0.19396	0.4175	0	-0.091128	0	0	0
0.558256	0.33802	836	1	0	0.19396	0.418	0	-0.0913646	0	0	0
0.558256	0.33802	837	1	0	0.19396	0.4185	0	-0.0916013	0	0	0
0.558256	0.33802	838	1	0	0.19396	0.419	0	-0.0918379	0	0	0
0.558256	0.33802	839	1	0	0.19396	0.4195	0	-0.0920746	0	0	0
0.558256	0.33802	840	1	0	0.19396	0.42	0	-0.0923113	0	0	0
0.558256	0.33802	841	1	0	0.19396	0.4205	0	-0.092548	0	0	0
0.558256	0.33802	842	1	0	0.19396	0.421	0	-0.0927847	0	0	0
0.558256	0.33802	843	1	0	0.19396	0.4215	0	-0.0930215	0	0	0
0.558256	0.33802	844	1	0	0.19396	0.422	0	-0.0932582	0	0	0
0.558256	0.33802	845	1	0	0.19396	0.4225	0	-0.093495	0	0	0
0.558256	0.33802	846	1	0	0.19396	0.423	0	-0.0937318	0	0	0
0.558256	0.33802	847	1	0	0.19396	0.4235	0	-0.0939686	0	0	0
0.558256	0.33802	848	1	0	0.19396	0.424	0	-0.0942054	0	0	0
0.558256	0.33802	849	1	0	0.19396	0.4245	0	-0.0944423	0	0	0
0.558256	0.33802	850	1	0	0.19396	0.425	0	-0.0946791	0	0	0
0.558256	0.33802	851	1	0	0.19396	0.4255	0	-0.094916	0	0	0
0.558256	0.33802	852	1	0	0.19396	0.426	0	-0.0951529	0	0	0
0.558256	0.33802	853	1	0	0.19396	0.4265	0	-0.0953898	0	0	0
0.558256	0.33802	854	1	0	0.19396	0.427	0	-0.0956268	0	0	0
0.558256	0.33802	855	1	0	0.19396	0.4275	0	-0.0958637	0	0	0
0.558256	0.33802	856	1	0	0.19396	0.428	0	-0.0961007	0	0	0
0.558256	0.33802	857	1	0	0.19396	0.4285	0	-0.0963376	0	0	0
0.558256	0.33802	858	1	0	0.19396	0.429	0	-0.0965746	0	0	0
0.558256	0.33802	859	1	0	0.19396	0.4295	0	-0.0968116	0	0	0
0.558256	0.33802	860	1	0	0.19396	0.43	0	-0.0970487	0	0	0
0.558256	0.33802	861	1	0	0.19396	0.4305	0	-0.0972857	0	0	0
0.558256	0.33802	862	1	0	0.19396	0.431	0	-0.0975228	0	0	0
0.558256	0.33802	863	1	0	0.19396	0.4315	0	-0.0977598	0	0	0
0.558256	0.33802	864	1	0	0.19396	0.432	0	-0.0979969	0	0	0
0.558256	0.33802	865	1	0	0.19396	0.4325	0	-0.098234	0	0	0
0.558256	0.33802	866	1	0	0.19396	0.433	0	-0.0984712	0	0	0
0.558256	0.33802	867	1	0	0.19396	0.4335	0	-0.0987083	0	0	0
0.558256	0.33802	868	1	0	0.19396	0.434	0	-0.0989454	0	0	0
0.558256	0.33802	869	1	0	0.19396	0.4345	0	-0.0991826	0	0	0
0.558256	0.33802	870	1	0	0.19396	0.435	0	-0.0994198	0	0	0
0.558256	0.33802	871	1	0	0.19396	0.4355	0	-0.099657	0	0	0
0.558256	0.33802	872	1	0	0.19396	0.436	0	-0.0998942	0	0	0
0.558256	0.33802	873	1	0	0.19396	0.4365	0	-0.100131	0	0	0
0.558256	0.33802	874	1	0	0.19396	0.437	0	-0.100369	0	0	0
0.558256	0.33802	875	1	0	0.19396	0.4375	0	-0.100606	0	0	0
0.558256	0.33802	876	1	0	0.19396	0.438	0	-0.100843	0	0	0
0.558256	0.33802	877	1	0	0.19396	0.4385	0	-0.101081	0	0	0
0.558256	0.33802	878	1	0	0.19396	0.439	0	-0.101318	0	0	0
0.558256	0.33802	879	1	0	0.19396	0.4395	0	-0.101555	0	0	0
0.558256	0.33802	880	1	0	0.19396	0.44	0	-0.101792	0	0	0
0.558256	0.33802	881	1	0	0.19396	0.4405	0	-0.10203	0	0	0
0.558256	0.33802	882	1	0	0.19396	0.441	0	-0.102267	0	0	0
0.558256	0.33802	883	1	0	0.19396	0.4415	0	-0.102505	0	0	0
0.558256	0.33802	884	1	0	0.19396	0.442	0	-0.102742	0	0	0
0.558256	0.33802	885	1	0	0.19396	0.4425	0	-0.102979	0	0	0
0.558256	0.33802	886	1	0	0.19396	0.443	0	-0.103217	0	0	0
0.558256	0.33802	887	1	0	0.19396	0.4435	0	-0.103454	0	0	0
0.558256	0.33802	888	1	0	0.19396	0.444	0	-0.103692	0	0	0
0.558256	0.33802	889	1	0	0.19396	0.4445	0	-0.103929	0	0	0
0.558256	0.33802	890	1	0	0.19396	0.445	0	-0.104167	0	0	0
0.558256	0.33802	891	1	0	0.19396	0.4455	0	-0.104404	0	0	0
0.558256	0.33802	892	1	0	0.19396	0.446	0	-0.104642	0	0	0
0.558256	0.33802	893	1	0	0.19396	0.4465	0	-0.104879	0	0	0
0.558256	0.33802	894	1	0	0.19396	0.447	0	-0.105117	0	0	0
0.558256	0.33802	895	1	0	0.19396	0.4475	0	-0.105354	0	0	0
0.558256	0.33802	896	1	0	0.19396	0.448	0	-0.105592	0	0	0
0.558256	0.33802	897	1	0	0.19396	0.4485	0	-0.105829	0	0	0
0.558256	0.33802	898	1	0	0.19396	0.449	0	-0.106067	0	0	0
0.558256	0.33802	899	1	0	0.19396	0.4495	0	-0.106305	0	0	0
0.558256	0.33802	900	1	0	0.19396	0.45	0	-0.106542	0	0	0
0.558256	0.33802	901	1	0	0.19396	0.4505	0	-0.10678	0	0	0
0.558256	0.33802	902	1	0	0.19396	0.451	0	-0.107018	0	0	0
0.558256	0.33802	903	1	0	0.19396	0.4515	0	-0.107255	0	0	0
0.558256	0.33802	904	1	0	0.19396	0.452	0	-0.107493	0	0	0
0.558256	0.33802	905	1	0	0.19396	0.4525	0	-0.107731	0	0	0
0.558256	0.33802	906	1	0	0.19396	0.453	0	-0.107968	0	0	0
0.558256	0.33802	907	1	0	0.19396	0.4535	0	-0.108206	0	0	0
0.558256	0.33802	908	1	0	0.19396	0.454	0	-0.108444	0	0	0
0.558256	0.33802	909	1	0	0.19396	0.4545	0	-0.108682	0	0	0
0.558256	0.33802	910	1	0	0.19396	0.455	0	-0.108919	0	0	0
0.558256	0.33802	911	1	0	0.19396	0.4555	0	-0.109157	0	0	0
0.558256	0.33802	912	1	0	0.19396	0.456	0	-0.109395	0	0	0
0.558256	0.33802	913	1	0	0.19396	0.4565	0	-0.109633	0	0	0
0.558256	0.33802	914	1	0	0.19396	0.457	0	-0.109871	0	0	0
0.558256	0.33802	915	1	0	0.19396	0.4575	0	-0.110108	0	0	0
0.558256	0.33802	916	1	0	0.19396	0.458	0	-0.110346	0	0	0
0.558256	0.33802	917	1	0	0.19396	0.4585	0	-0.110584	0	0	0
0.558256	0.33802	918	1	0	0.19396	0.459	0	-0.110822	0	0	0
0.558256	0.33802	919	1	0	0.19396	0.4595	0	-0.11106	0	0	0
0.558256	0.33802	920	1	0	0.19396	0.46	0	-0.111298	0	0	0
0.558256	0.33802	921	1	0	0.19396	0.4605	0	-0.111536	0	0	0
0.558256	0.33802	922	1	0	0.19396	0.461	0	-0.111774	0	0	0
0.558256	0.33802	923	1	0	0.19396	0.4615	0	-0.112012	0	0	0
0.558256	0.33802	924	1	0	0.19396	0.462	0	-0.11225	0	0	0
0.558256	0.33802	925	1	0	0.19396	0.4625	0	-0.112488	0	0	0
0.558256	0.33802	926	1	0	0.19396	0.463	0	-0.112726	0	0	0
0.558256	0.33802	927	1	0	0.19396	0.4635	0	-0.112964	0	0	0
0.558256	0.33802	928	1	0	0.19396	0.464	0	-0.113202	0	0	0
0.558256	0.33802	929	1	0	0.19396	0.4645	0	-0.11344	0	0	0
0.558256	0.33802	930	1	0	0.19396	0.465	0	-0.113678	0	0	0
0.558256	0.33802	931	1	0	0.19396	0.4655	0	-0.113916	0	0	0
0.558256	0.33802	932	1	0	0.19396	0.466	0	-0.114154	0	0	0
0.558256	0.33802	933	1	0	0.19396	0.4665	0	-0.114392	0	0	0
0.558256	0.33802	934	1	0	0.19396	0.467	0	-0.11463	0	0	0
0.558256	0.33802	935	1	0	0.19396	0.4675	0	-0.114868	0	0	0
0.558256	0.33802	936	1	0	0.19396	0.468	0	-0.115106	0	0	0
0.558256	0.33802	937	1	0	0.19396	0.4685	0	-0.115344	0	0	0
0.558256	0.33802	938	1	0	0.19396	0.469	0	-0.115582	0	0	0
0.558256	0.33802	939	1	0	0.19396	0.4695	0	-0.11582	0	0	0
0.558256	0.33802	940	1	0	0.19396	0.47	0	-0.116059	0	0	0
0.558256	0.33802	941	1	0	0.19396	0.4705	0	-0.116297	0	0	0
0.558256	0.33802	942	1	0	0.19396	0.471	0	-0.116535	0	0	0
0.558256	0.33802	943	1	0	0.19396	0.4715	0	-0.116773	0	0	0
0.558256	0.33802	944	1	0	0.19396	0.472	0	-0.117011	0	0	0
0.558256	0.33802	945	1	0	0.19396	0.4725	0	-0.11725	0	0	0
0.558256	0.33802	946	1	0	0.19396	0.473	0	-0.117488	0	0	0
0.558256	0.33802	947	1	0	0.19396	0.4735	0	-0.117726	0	0	0
0.558256	0.33802	948	1	0	0.19396	0.474	0	-0.117964	0	0	0
0.558256	0.33802	949	1	0	0.19396	0.4745	0	-0.118203	0	0	0
0.558256	0.33802	950	1	0	0.19396	0.475	0	-0.118441	0	0	0
0.558256	0.33802	951	1	0	0.19396	0.4755	0	-0.118679	0	0	0
0.558256	0.33802	952	1	0	0.19396	0.476	0	-0.118917	0	0	0
0.558256	0.33802	953	1	0	0.19396	0.4765	0	-0.119156	0	0	0
0.558256	0.33802	954	1	0	0.19396	0.477	0	-0.119394	0	0	0
0.558256	0.33802	955	1	0	0.19396	0.4775	0	-0.119632	0	0	0
0.558256	0.33802	956	1	0	0.19396	0.478	0	-0.119871	0	0	0
0.558256	0.33802	957	1	0	0.19396	0.4785	0	-0.120109	0	0	0
0.558256	0.33802	958	1	0	0.19396	0.479	0	-0.120348	0	0	0
0.558256	0.33802	959	1	0	0.19396	0.4795	0	-0.120586	0	0	0
0.558256	0.33802	960	1	0	0.19396	0.48	0	-0.120824	0	0	0
0.558256	0.33802	961	1	0	0.19396	0.4805	0	-0.121063	0	0	0
0.558256	0.33802	962	1	0	0.19396	0.481	0	-0.121301	0	0	0
0.558256	0.33802	963	1	0	0.19396	0.4815	0	-0.12154	0	0	0
0.558256	0.33802	964	1	0	0.19396	0.482	0	-0.121778	0	0	0
0.558256	0.33802	965	1	0	0.19396	0.4825	0	-0.122017	0	0	0
0.558256	0.33802	966	1	0	0.19396	0.483	0	-0.122255	0	0	0
0.558256	0.33802	967	1	0	0.19396	0.4835	0	-0.122493	0	0	0
0.558256	0.33802	968	1	0	0.19396	0.484	0	-0.122732	0	0	0
0.558256	0.33802	969	1	0	0.19396	0.4845	0	-0.12297	0	0	0
0.558256	0.33802	970	1	0	0.19396	0.485	0	-0.123209	0	0	0
0.558256	0.33802	971	1	0	0.19396	0.4855	0	-0.123448	0	0	0
0.558256	0.33802	972	1	0	0.19396	0.486	0	-0.123686	0	0	0
0.558256	0.33802	973	1	0	0.19396	0.4865	0	-0.123925	0	0	0
0.558256	0.33802	974	1	0	0.19396	0.487	0	-0.124163	0	0	0
0.558256	0.33802	975	1	0	0.19396	0.4875	0	-0.124402	0	0	0
0.558256	0.33802	976	1	0	0.19396	0.488	0	-0.12464	0	0	0
0.558256	0.33802	977	1	0	0.19396	0.4885	0	-0.124879	0	0	0
0.558256	0.33802	978	1	0	0.19396	0.489	0	-0.125118	0	0	0
0.558256	0.33802	979	1	0	0.19396	0.4895	0	-0.125356	0	0	0
0.558256	0.33802	980	1	0	0.19396	0.49	0	-0.125595	0	0	0
0.558256	0.33802	981	1	0	0.19396	0.4905	0	-0.125833	0	0	0
0.558256	0.33802	982	1	0	0.19396	0.491	0	-0.126072	0	0	0
0.558256	0.33802	983	1	0	0.19396	0.4915	0	-0.126311	0	0	0
0.558256	0.33802	984	1	0	0.19396	0.492	0	-0.126549	0	0	0
0.558256	0.33802	985	1	0	0.19396	0.4925	0	-0.126788	0	0	0
0.558256	0.33802	986	1	0	0.19396	0.493	0	-0.127027	0	0	0
0.558256	0.33802	987	1	0	0.19396	0.4935	0	-0.127265	0	0	0
0.558256	0.33802	988	1	0	0.19396	0.494	0	-0.127504	0	0	0
0.558256	0.33802	989	1	0	0.19396	0.4945	0	-0.127743	0	0	0
0.558256	0.33802	990	1	0	0.19396	0.495	0	-0.127982	0	0	0
0.558256	0.33802	991	1	0	0.19396	0.4955	0	-0.12822	0	0	0
0.558256	0.33802	992	1	0	0.19396	0.496	0	-0.128459	0	0	0
0.558256	0.33802	993	1	0	0.19396	0.4965	0	-0.128698	0	0	0
0.558256	0.33802	994	1	0	0.19396	0.497	0	-0.128937	0	0	0
0.558256	0.33802	995	1	0	0.19396	0.4975	0	-0.129175	0	0	0
0.558256	0.33802	996	1	0	0.19396	0.498	0	-0.129414	0	0	0
0.558256	0.33802	997	1	0	0.19396	0.4985	0	-0.129653	0	0	0
0.558256	0.33802	998	1	0	0.19396	0.499	0	-0.129892	0	0	0
0.558256	0.33802	999	1	0	0.19396	0.4995	0	-0.130131	0	0	0
0.558256	0.33802	1000	1	0	0.19396	0.5	0	-0.13037	0	0	0
