0.713472	0.33802	0	0	0	0.19396	0	0	0.0204821	0	-7.51728e-06	0
0.713472	0.33802	1	0	0	0.19396	0.0005	0	0.0211078	0	-8.63564e-06	0
0.713472	0.33802	2	0	0	0.19396	0.001	0	0.0217284	0	-9.8175e-06	0
0.713472	0.33802	3	0	0	0.19396	0.0015	0	0.0223438	0	-1.10673e-05	0
0.713472	0.33802	4	0	0	0.19396	0.002	0	0.0229541	0	-1.23901e-05	0
0.713472	0.33802	5	0	0	0.19396	0.0025	0	0.0235592	0	-1.37922e-05	0
0.713472	0.33802	6	0	0	0.19396	0.003	0	0.0241591	0	-1.52807e-05	0
0.713472	0.33802	7	0	0	0.19396	0.0035	0	0.0247539	0	-1.68642e-05	0
0.713472	0.33802	8	0	0	0.19396	0.004	0	0.0253435	0	-1.85526e-05	0
0.713472	0.33802	9	0	0	0.19396	0.0045	0	0.025928	0	-2.03579e-05	0
0.713472	0.33802	10	0	0	0.19396	0.005	0	0.0265074	0	-2.22947e-05	0
0.713472	0.33802	11	0	0	0.19396	0.0055	0	0.0270816	0	-2.43805e-05	0
0.713472	0.33802	12	0	0	0.19396	0.006	0	0.0276507	0	-2.66364e-05	0
0.713472	0.33802	13	0	0	0.19396	0.0065	0	0.0282147	0	-2.90891e-05	0
0.713472	0.33802	14	0	0	0.19396	0.007	0	0.0287736	0	-3.17714e-05	0
0.713472	0.33802	15	0	0	0.19396	0.0075	0	0.0293275	0	-3.47251e-05	0
0.713472	0.33802	16	0	0	0.19396	0.008	0	0.0298762	0	-3.80035e-05	0
0.713472	0.33802	17	0	0	0.19396	0.0085	0	0.0304199	0	-4.16758e-05	0
0.713472	0.33802	18	0	0	0.19396	0.009	0	0.0309585	0	-4.58333e-05	0
0.713472	0.33802	19	0	0	0.19396	0.0095	0	0.0314921	0	-5.05982e-05	0
0.713472	0.33802	20	0	0	0.19396	0.01	0	0.0320207	0	-5.61372e-05	0
0.713472	0.33802	21	0	0	0.19396	0.0105	0	0.0325443	0	-6.2683e-05	0
0.713472	0.33802	22	0	0	0.19396	0.011	0	0.0330629	0	-7.05695e-05	0
0.713472	0.33802	23	0	0	0.19396	0.0115	0	0.0335765	0	-8.02915e-05	0
0.713472	0.33802	24	0	0	0.19396	0.012	0	0.0340851	0	-9.26147e-05	0
0.713472	0.33802	25	0	0	0.19396	0.0125	0	0.0345888	0	-0.000108789	0
0.713472	0.33802	26	0	0	0.19396	0.013	0	0.0350876	0	-0.000131009	0
0.713472	0.33802	27	0	0	0.19396	0.0135	0	0.0355815	0	-0.000163512	0
0.713472	0.33802	28	0	0	0.19396	0.014	0	0.0360705	0	-0.000215691	0
0.713472	0.33802	29	0	0	0.19396	0.0145	0	0.0365546	0	-0.000313388	0
0.713472	0.33802	30	0	0	0.19396	0.015	0	0.0370339	0	-0.000562874	0
0.713472	0.33802	31	0	0	0.19396	0.0155	0	0.0375084	0	-0.00256166	0
0.713472	0.33802	32	0	0	0.19396	0.016	0	0.0379781	0	0.00103054	0
0.713472	0.33802	33	0	0	0.19396	0.0165	0	0.038443	0	0.000433279	0
0.713472	0.33802	34	0	0	0.19396	0.017	0	0.0389031	0	0.000275889	0
0.713472	0.33802	35	0	0	0.19396	0.0175	0	0.0393586	0	0.000203156	0
0.713472	0.33802	36	0	0	0.19396	0.018	0	0.0398093	0	0.000161216	0
0.713472	0.33802	37	0	0	0.19396	0.0185	0	0.0402553	0	0.000133907	0
0.713472	0.33802	38	0	0	0.19396	0.019	0	0.0406967	0	0.000114694	0
0.713472	0.33802	39	0	0	0.19396	0.0195	0	0.0411334	0	0.00010043	0
0.713472	0.33802	40	0	0	0.19396	0.02	0	0.0415656	0	8.94111e-05	0
0.713472	0.33802	41	0	0	0.19396	0.0205	0	0.0419931	0	8.06371e-05	0
0.713472	0.33802	42	0	0	0.19396	0.021	0	0.0424162	0	7.34799e-05	0
0.713472	0.33802	43	0	0	0.19396	0.0215	0	0.0428346	0	6.75262e-05	0
0.713472	0.33802	44	0	0	0.19396	0.022	0	0.0432486	0	6.24925e-05	0
0.713472	0.33802	45	0	0	0.19396	0.0225	0	0.0436582	0	5.81781e-05	0
0.713472	0.33802	46	0	0	0.19396	0.023	0	0.0440632	0	5.44369e-05	0
0.713472	0.33802	47	0	0	0.19396	0.0235	0	0.0444639	0	5.11598e-05	0
0.713472	0.33802	48	0	0	0.19396	0.024	0	0.0448602	0	4.8264e-05	0
0.713472	0.33802	49	0	0	0.19396	0.0245	0	0.0452522	0	4.56851e-05	0
0.713472	0.33802	50	0	0	0.19396	0.025	0	0.0456398	0	4.33728e-05	0
0.713472	0.33802	51	0	0	0.19396	0.0255	0	0.0460231	0	4.12868e-05	0
0.713472	0.33802	52	0	0	0.19396	0.026	0	0.0464021	0	3.93945e-05	0
0.713472	0.33802	53	0	0	0.19396	0.0265	0	0.046777	0	3.76695e-05	0
0.713472	0.33802	54	0	0	0.19396	0.027	0	0.0471476	0	3.60899e-05	0
0.713472	0.33802	55	0	0	0.19396	0.0275	0	0.047514	0	3.46375e-05	0
0.713472	0.33802	56	0	0	0.19396	0.028	0	0.0478763	0	3.32971e-05	0
0.713472	0.33802	57	0	0	0.19396	0.0285	0	0.0482345	0	3.20558e-05	0
0.713472	0.33802	58	0	0	0.19396	0.029	0	0.0485886	0	3.09026e-05	0
0.713472	0.33802	59	0	0	0.19396	0.0295	0	0.0489387	0	2.98283e-05	0
0.713472	0.33802	60	0	0	0.19396	0.03	0	0.0492847	0	2.88246e-05	0
0.713472	0.33802	61	0	0	0.19396	0.0305	0	0.0496268	0	2.78847e-05	0
0.713472	0.33802	62	0	0	0.19396	0.031	0	0.0499649	0	2.70024e-05	0
0.713472	0.33802	63	0	0	0.19396	0.0315	0	0.0502991	0	2.61724e-05	0
0.713472	0.33802	64	0	0	0.19396	0.032	0	0.0506294	0	2.53901e-05	0
0.713472	0.33802	65	0	0	0.19396	0.0325	0	0.0509558	0	2.46512e-05	0
0.713472	0.33802	66	0	0	0.19396	0.033	0	0.0512784	0	2.39522e-05	0
0.713472	0.33802	67	0	0	0.19396	0.0335	0	0.0515972	0	2.32898e-05	0
0.713472	0.33802	68	0	0	0.19396	0.034	0	0.0519123	0	2.26611e-05	0
0.713472	0.33802	69	0	0	0.19396	0.0345	0	0.0522236	0	2.20635e-05	0
0.713472	0.33802	70	0	0	0.19396	0.035	0	0.0525312	0	2.14948e-05	0
0.713472	0.33802	71	0	0	0.19396	0.0355	0	0.0528352	0	2.09527e-05	0
0.713472	0.33802	72	0	0	0.19396	0.036	0	0.0531355	0	2.04354e-05	0
0.713472	0.33802	73	0	0	0.19396	0.0365	0	0.0534322	0	1.99412e-05	0
0.713472	0.33802	74	0	0	0.19396	0.037	0	0.0537254	0	1.94686e-05	0
0.713472	0.33802	75	0	0	0.19396	0.0375	0	0.054015	0	1.90161e-05	0
0.713472	0.33802	76	0	0	0.19396	0.038	0	0.0543011	0	1.85824e-05	0
0.713472	0.33802	77	0	0	0.19396	0.0385	0	0.0545837	0	1.81664e-05	0
0.713472	0.33802	78	0	0	0.19396	0.039	0	0.0548629	0	1.7767e-05	0
0.713472	0.33802	79	0	0	0.19396	0.0395	0	0.0551387	0	1.73832e-05	0
0.713472	0.33802	80	0	0	0.19396	0.04	0	0.0554111	0	1.7014e-05	0
0.713472	0.33802	81	0	0	0.19396	0.0405	0	0.0556802	0	1.66587e-05	0
0.713472	0.33802	82	0	0	0.19396	0.041	0	0.0559459	0	1.63165e-05	0
0.713472	0.33802	83	0	0	0.19396	0.0415	0	0.0562084	0	1.59866e-05	0
0.713472	0.33802	84	0	0	0.19396	0.042	0	0.0564676	0	1.56684e-05	0
0.713472	0.33802	85	0	0	0.19396	0.0425	0	0.0567235	0	1.53613e-05	0
0.713472	0.33802	86	0	0	0.19396	0.043	0	0.0569763	0	1.50647e-05	0
0.713472	0.33802	87	0	0	0.19396	0.0435	0	0.057226	0	1.47781e-05	0
0.713472	0.33802	88	0	0	0.19396	0.044	0	0.0574725	0	1.45009e-05	0
0.713472	0.33802	89	0	0	0.19396	0.0445	0	0.0577159	0	1.42328e-05	0
0.713472	0.33802	90	0	0	0.19396	0.045	0	0.0579562	0	1.39732e-05	0
0.713472	0.33802	91	0	0	0.19396	0.0455	0	0.0581935	0	1.37218e-05	0
0.713472	0.33802	92	0	0	0.19396	0.046	0	0.0584278	0	1.34783e-05	0
0.713472	0.33802	93	0	0	0.19396	0.0465	0	0.0586591	0	1.32422e-05	0
0.713472	0.33802	94	0	0	0.19396	0.047	0	0.0588874	0	1.30132e-05	0
0.713472	0.33802	95	0	0	0.19396	0.0475	0	0.0591129	0	1.2791e-05	0
0.713472	0.33802	96	0	0	0.19396	0.048	0	0.0593354	0	1.25754e-05	0
0.713472	0.33802	97	0	0	0.19396	0.0485	0	0.0595551	0	1.2366e-05	0
0.713472	0.33802	98	0	0	0.19396	0.049	0	0.059772	0	1.21625e-05	0
0.713472	0.33802	99	0	0	0.19396	0.0495	0	0.0599861	0	1.19648e-05	0
0.713472	0.33802	100	0	0	0.19396	0.05	0	0.0601973	0	1.17726e-05	0
0.713472	0.33802	101	0	0	0.19396	0.0505	0	0.0604059	0	1.15857e-05	0
0.713472	0.33802	102	0	0	0.19396	0.051	0	0.0606117	0	1.14039e-05	0
0.713472	0.33802	103	0	0	0.19396	0.0515	0	0.0608149	0	1.12269e-05	0
0.713472	0.33802	104	0	0	0.19396	0.052	0	0.0610153	0	1.10547e-05	0
0.713472	0.33802	105	0	0	0.19396	0.0525	0	0.0612132	0	1.0887e-05	0
0.713472	0.33802	106	0	0	0.19396	0.053	0	0.0614084	0	1.07236e-05	0
0.713472	0.33802	107	0	0	0.19396	0.0535	0	0.0616011	0	1.05644e-05	0
0.713472	0.33802	108	0	0	0.19396	0.054	0	0.0617912	0	1.04092e-05	0
0.713472	0.33802	109	0	0	0.19396	0.0545	0	0.0619787	0	1.0258e-05	0
0.713472	0.33802	110	0	0	0.19396	0.055	0	0.0621638	0	1.01105e-05	0
0.713472	0.33802	111	0	0	0.19396	0.0555	0	0.0623464	0	9.96661e-06	0
0.713472	0.33802	112	0	0	0.19396	0.056	0	0.0625266	0	9.82625e-06	0
0.713472	0.33802	113	0	0	0.19396	0.0565	0	0.0627043	0	9.68928e-06	0
0.713472	0.33802	114	0	0	0.19396	0.057	0	0.0628797	0	9.55559e-06	0
0.713472	0.33802	115	0	0	0.19396	0.0575	0	0.0630527	0	9.42506e-06	0
0.713472	0.33802	116	0	0	0.19396	0.058	0	0.0632233	0	9.2976e-06	0
0.713472	0.33802	117	0	0	0.19396	0.0585	0	0.0633916	0	9.1731e-06	0
0.713472	0.33802	118	0	0	0.19396	0.059	0	0.0635576	0	9.05147e-06	0
0.713472	0.33802	119	0	0	0.19396	0.0595	0	0.0637214	0	8.93262e-06	0
0.713472	0.33802	120	0	0	0.19396	0.06	0	0.0638829	0	8.81646e-06	0
0.713472	0.33802	121	0	0	0.19396	0.0605	0	0.0640421	0	8.70292e-06	0
0.713472	0.33802	122	0	0	0.19396	0.061	0	0.0641992	0	8.59191e-06	0
0.713472	0.33802	123	0	0	0.19396	0.0615	0	0.0643541	0	8.48335e-06	0
0.713472	0.33802	124	0	0	0.19396	0.062	0	0.0645069	0	8.37718e-06	0
0.713472	0.33802	125	0	0	0.19396	0.0625	0	0.0646575	0	8.27331e-06	0
0.713472	0.33802	126	0	0	0.19396	0.063	0	0.064806	0	8.1717e-06	0
0.713472	0.33802	127	0	0	0.19396	0.0635	0	0.0649525	0	8.07226e-06	0
0.713472	0.33802	128	0	0	0.19396	0.064	0	0.0650968	0	7.97494e-06	0
0.713472	0.33802	129	0	0	0.19396	0.0645	0	0.0652392	0	7.87968e-06	0
0.713472	0.33802	130	0	0	0.19396	0.065	0	0.0653795	0	7.78642e-06	0
0.713472	0.33802	131	0	0	0.19396	0.0655	0	0.0655178	0	7.6951e-06	0
0.713472	0.33802	132	0	0	0.19396	0.066	0	0.0656542	0	7.60568e-06	0
0.713472	0.33802	133	0	0	0.19396	0.0665	0	0.0657886	0	7.5181e-06	0
0.713472	0.33802	134	0	0	0.19396	0.067	0	0.0659211	0	7.4323e-06	0
0.713472	0.33802	135	0	0	0.19396	0.0675	0	0.0660516	0	7.34825e-06	0
0.713472	0.33802	136	0	0	0.19396	0.068	0	0.0661803	0	7.2659e-06	0
0.713472	0.33802	137	0	0	0.19396	0.0685	0	0.0663071	0	7.1852e-06	0
0.713472	0.33802	138	0	0	0.19396	0.069	0	0.066432	0	7.10612e-06	0
0.713472	0.33802	139	0	0	0.19396	0.0695	0	0.0665552	0	7.0286e-06	0
0.713472	0.33802	140	0	0	0.19396	0.07	0	0.0666765	0	6.95261e-06	0
0.713472	0.33802	141	0	0	0.19396	0.0705	0	0.066796	0	6.87811e-06	0
0.713472	0.33802	142	0	0	0.19396	0.071	0	0.0669138	0	6.80506e-06	0
0.713472	0.33802	143	0	0	0.19396	0.0715	0	0.0670298	0	6.73343e-06	0
0.713472	0.33802	144	0	0	0.19396	0.072	0	0.0671441	0	6.66319e-06	0
0.713472	0.33802	145	0	0	0.19396	0.0725	0	0.0672566	0	6.59429e-06	0
0.713472	0.33802	146	0	0	0.19396	0.073	0	0.0673675	0	6.52671e-06	0
0.713472	0.33802	147	0	0	0.19396	0.0735	0	0.0674767	0	6.46041e-06	0
0.713472	0.33802	148	0	0	0.19396	0.074	0	0.0675842	0	6.39537e-06	0
0.713472	0.33802	149	0	0	0.19396	0.0745	0	0.0676901	0	6.33156e-06	0
0.713472	0.33802	150	0	0	0.19396	0.075	0	0.0677944	0	6.26894e-06	0
0.713472	0.33802	151	0	0	0.19396	0.0755	0	0.067897	0	6.20749e-06	0
0.713472	0.33802	152	0	0	0.19396	0.076	0	0.0679981	0	6.14718e-06	0
0.713472	0.33802	153	0	0	0.19396	0.0765	0	0.0680976	0	6.08799e-06	0
0.713472	0.33802	154	0	0	0.19396	0.077	0	0.0681955	0	6.02989e-06	0
0.713472	0.33802	155	0	0	0.19396	0.0775	0	0.068292	0	5.97285e-06	0
0.713472	0.33802	156	0	0	0.19396	0.078	0	0.0683868	0	5.91686e-06	0
0.713472	0.33802	157	0	0	0.19396	0.0785	0	0.0684802	0	5.86189e-06	0
0.713472	0.33802	158	0	0	0.19396	0.079	0	0.0685721	0	5.80792e-06	0
0.713472	0.33802	159	0	0	0.19396	0.0795	0	0.0686626	0	5.75493e-06	0
0.713472	0.33802	160	0	0	0.19396	0.08	0	0.0687515	0	5.70289e-06	0
0.713472	0.33802	161	0	0	0.19396	0.0805	0	0.068839	0	5.65178e-06	0
0.713472	0.33802	162	0	0	0.19396	0.081	0	0.0689251	0	5.60159e-06	0
0.713472	0.33802	163	0	0	0.19396	0.0815	0	0.0690098	0	5.5523e-06	0
0.713472	0.33802	164	0	0	0.19396	0.082	0	0.0690931	0	5.50389e-06	0
0.713472	0.33802	165	0	0	0.19396	0.0825	0	0.069175	0	5.45633e-06	0
0.713472	0.33802	166	0	0	0.19396	0.083	0	0.0692556	0	5.40962e-06	0
0.713472	0.33802	167	0	0	0.19396	0.0835	0	0.0693348	0	5.36373e-06	0
0.713472	0.33802	168	0	0	0.19396	0.084	0	0.0694126	0	5.31865e-06	0
0.713472	0.33802	169	0	0	0.19396	0.0845	0	0.0694892	0	5.27437e-06	0
0.713472	0.33802	170	0	0	0.19396	0.085	0	0.0695644	0	5.23086e-06	0
0.713472	0.33802	171	0	0	0.19396	0.0855	0	0.0696383	0	5.18811e-06	0
0.713472	0.33802	172	0	0	0.19396	0.086	0	0.069711	0	5.14611e-06	0
0.713472	0.33802	173	0	0	0.19396	0.0865	0	0.0697824	0	5.10484e-06	0
0.713472	0.33802	174	0	0	0.19396	0.087	0	0.0698525	0	5.06429e-06	0
0.713472	0.33802	175	0	0	0.19396	0.0875	0	0.0699214	0	5.02444e-06	0
0.713472	0.33802	176	0	0	0.19396	0.088	0	0.069989	0	4.98528e-06	0
0.713472	0.33802	177	0	0	0.19396	0.0885	0	0.0700555	0	4.94681e-06	0
0.713472	0.33802	178	0	0	0.19396	0.089	0	0.0701207	0	4.909e-06	0
0.713472	0.33802	179	0	0	0.19396	0.0895	0	0.0701847	0	4.87184e-06	0
0.713472	0.33802	180	0	0	0.19396	0.09	0	0.0702476	0	4.83533e-06	0
0.713472	0.33802	181	0	0	0.19396	0.0905	0	0.0703093	0	4.79944e-06	0
0.713472	0.33802	182	0	0	0.19396	0.091	0	0.0703699	0	4.76417e-06	0
0.713472	0.33802	183	0	0	0.19396	0.0915	0	0.0704293	0	4.72951e-06	0
0.713472	0.33802	184	0	0	0.19396	0.092	0	0.0704876	0	4.69545e-06	0
0.713472	0.33802	185	0	0	0.19396	0.0925	0	0.0705447	0	4.66198e-06	0
0.713472	0.33802	186	0	0	0.19396	0.093	0	0.0706008	0	4.62908e-06	0
0.713472	0.33802	187	0	0	0.19396	0.0935	0	0.0706557	0	4.59674e-06	0
0.713472	0.33802	188	0	0	0.19396	0.094	0	0.0707096	0	4.56497e-06	0
0.713472	0.33802	189	0	0	0.19396	0.0945	0	0.0707624	0	4.53374e-06	0
0.713472	0.33802	190	0	0	0.19396	0.095	0	0.0708142	0	4.50305e-06	0
0.713472	0.33802	191	0	0	0.19396	0.0955	0	0.0708649	0	4.47289e-06	0
0.713472	0.33802	192	0	0	0.19396	0.096	0	0.0709145	0	4.44324e-06	0
0.713472	0.33802	193	0	0	0.19396	0.0965	0	0.0709632	0	4.41411e-06	0
0.713472	0.33802	194	0	0	0.19396	0.097	0	0.0710108	0	4.38549e-06	0
0.713472	0.33802	195	0	0	0.19396	0.0975	0	0.0710574	0	4.35736e-06	0
0.713472	0.33802	196	0	0	0.19396	0.098	0	0.071103	0	4.32971e-06	0
0.713472	0.33802	197	0	0	0.19396	0.0985	0	0.0711476	0	4.30255e-06	0
0.713472	0.33802	198	0	0	0.19396	0.099	0	0.0711912	0	4.27586e-06	0
0.713472	0.33802	199	0	0	0.19396	0.0995	0	0.0712339	0	4.24963e-06	0
0.713472	0.33802	200	0	0	0.19396	0.1	0	0.0712756	0	4.22386e-06	0
0.713472	0.33802	201	0	0	0.19396	0.1005	0	0.0713164	0	4.19854e-06	0
0.713472	0.33802	202	0	0	0.19396	0.101	0	0.0713562	0	4.17366e-06	0
0.713472	0.33802	203	0	0	0.19396	0.1015	0	0.0713951	0	4.14922e-06	0
0.713472	0.33802	204	0	0	0.19396	0.102	0	0.0714331	0	4.12522e-06	0
0.713472	0.33802	205	0	0	0.19396	0.1025	0	0.0714702	0	4.10163e-06	0
0.713472	0.33802	206	0	0	0.19396	0.103	0	0.0715063	0	4.07847e-06	0
0.713472	0.33802	207	0	0	0.19396	0.1035	0	0.0715416	0	4.05571e-06	0
0.713472	0.33802	208	0	0	0.19396	0.104	0	0.071576	0	4.03336e-06	0
0.713472	0.33802	209	0	0	0.19396	0.1045	0	0.0716095	0	4.01142e-06	0
0.713472	0.33802	210	0	0	0.19396	0.105	0	0.0716422	0	3.98986e-06	0
0.713472	0.33802	211	0	0	0.19396	0.1055	0	0.071674	0	3.9687e-06	0
0.713472	0.33802	212	0	0	0.19396	0.106	0	0.0717049	0	3.94792e-06	0
0.713472	0.33802	213	0	0	0.19396	0.1065	0	0.071735	0	3.92752e-06	0
0.713472	0.33802	214	0	0	0.19396	0.107	0	0.0717643	0	3.90749e-06	0
0.713472	0.33802	215	0	0	0.19396	0.1075	0	0.0717927	0	3.88783e-06	0
0.713472	0.33802	216	0	0	0.19396	0.108	0	0.0718204	0	3.86853e-06	0
0.713472	0.33802	217	0	0	0.19396	0.1085	0	0.0718472	0	3.84959e-06	0
0.713472	0.33802	218	0	0	0.19396	0.109	0	0.0718732	0	3.83101e-06	0
0.713472	0.33802	219	0	0	0.19396	0.1095	0	0.0718985	0	3.81278e-06	0
0.713472	0.33802	220	0	0	0.19396	0.11	0	0.0719229	0	3.79489e-06	0
0.713472	0.33802	221	0	0	0.19396	0.1105	0	0.0719466	0	3.77734e-06	0
0.713472	0.33802	222	0	0	0.19396	0.111	0	0.0719695	0	3.76013e-06	0
0.713472	0.33802	223	0	0	0.19396	0.1115	0	0.0719917	0	3.74325e-06	0
0.713472	0.33802	224	0	0	0.19396	0.112	0	0.072013	0	3.7267e-06	0
0.713472	0.33802	225	0	0	0.19396	0.1125	0	0.0720337	0	3.71047e-06	0
0.713472	0.33802	226	0	0	0.19396	0.113	0	0.0720536	0	3.69456e-06	0
0.713472	0.33802	227	0	0	0.19396	0.1135	0	0.0720728	0	3.67897e-06	0
0.713472	0.33802	228	0	0	0.19396	0.114	0	0.0720912	0	3.6637e-06	0
0.713472	0.33802	229	0	0	0.19396	0.1145	0	0.0721089	0	3.64873e-06	0
0.713472	0.33802	230	0	0	0.19396	0.115	0	0.072126	0	3.63407e-06	0
0.713472	0.33802	231	0	0	0.19396	0.1155	0	0.0721423	0	3.61971e-06	0
0.713472	0.33802	232	0	0	0.19396	0.116	0	0.0721579	0	3.60565e-06	0
0.713472	0.33802	233	0	0	0.19396	0.1165	0	0.0721728	0	3.59189e-06	0
0.713472	0.33802	234	0	0	0.19396	0.117	0	0.072187	0	3.57842e-06	0
0.713472	0.33802	235	0	0	0.19396	0.1175	0	0.0722006	0	3.56524e-06	0
0.713472	0.33802	236	0	0	0.19396	0.118	0	0.0722135	0	3.55235e-06	0
0.713472	0.33802	237	0	0	0.19396	0.1185	0	0.0722257	0	3.53974e-06	0
0.713472	0.33802	238	0	0	0.19396	0.119	0	0.0722373	0	3.52741e-06	0
0.713472	0.33802	239	0	0	0.19396	0.1195	0	0.0722482	0	3.51536e-06	0
0.713472	0.33802	240	0	0	0.19396	0.12	0	0.0722584	0	3.50358e-06	0
0.713472	0.33802	241	0	0	0.19396	0.1205	0	0.072268	0	3.49208e-06	0
0.713472	0.33802	242	0	0	0.19396	0.121	0	0.072277	0	3.48085e-06	0
0.713472	0.33802	243	0	0	0.19396	0.1215	0	0.0722854	0	3.46988e-06	0
0.713472	0.33802	244	0	0	0.19396	0.122	0	0.0722931	0	3.45918e-06	0
0.713472	0.33802	245	0	0	0.19396	0.1225	0	0.0723002	0	3.44875e-06	0
0.713472	0.33802	246	0	0	0.19396	0.123	0	0.0723067	0	3.43857e-06	0
0.713472	0.33802	247	0	0	0.19396	0.1235	0	0.0723126	0	3.42865e-06	0
0.713472	0.33802	248	0	0	0.19396	0.124	0	0.0723179	0	3.41899e-06	0
0.713472	0.33802	249	0	0	0.19396	0.1245	0	0.0723226	0	3.40959e-06	0
0.713472	0.33802	250	0	0	0.19396	0.125	0	0.0723267	0	3.40043e-06	0
0.713472	0.33802	251	0	0	0.19396	0.1255	0	0.0723303	0	3.39152e-06	0
0.713472	0.33802	252	0	0	0.19396	0.126	0	0.0723332	0	3.38286e-06	0
0.713472	0.33802	253	0	0	0.19396	0.1265	0	0.0723356	0	3.37445e-06	0
0.713472	0.33802	254	0	0	0.19396	0.127	0	0.0723374	0	3.36628e-06	0
0.713472	0.33802	255	0	0	0.19396	0.1275	0	0.0723386	0	3.35835e-06	0
0.713472	0.33802	256	0	0	0.19396	0.128	0	0.0723393	0	3.35067e-06	0
0.713472	0.33802	257	0	0	0.19396	0.1285	0	0.0723395	0	3.34322e-06	0
0.713472	0.33802	258	0	0	0.19396	0.129	0	0.072339	0	3.33601e-06	0
0.713472	0.33802	259	0	0	0.19396	0.1295	0	0.0723381	0	3.32903e-06	0
0.713472	0.33802	260	0	0	0.19396	0.13	0	0.0723366	0	3.32229e-06	0
0.713472	0.33802	261	0	0	0.19396	0.1305	0	0.0723346	0	3.31578e-06	0
0.713472	0.33802	262	0	0	0.19396	0.131	0	0.072332	0	3.3095e-06	0
0.713472	0.33802	263	0	0	0.19396	0.1315	0	0.0723289	0	3.30345e-06	0
0.713472	0.33802	264	0	0	0.19396	0.132	0	0.0723253	0	3.29762e-06	0
0.713472	0.33802	265	0	0	0.19396	0.1325	0	0.0723212	0	3.29203e-06	0
0.713472	0.33802	266	0	0	0.19396	0.133	0	0.0723166	0	3.28666e-06	0
0.713472	0.33802	267	0	0	0.19396	0.1335	0	0.0723114	0	3.28151e-06	0
0.713472	0.33802	268	0	0	0.19396	0.134	0	0.0723058	0	3.27659e-06	0
0.713472	0.33802	269	0	0	0.19396	0.1345	0	0.0722997	0	3.27189e-06	0
0.713472	0.33802	270	0	0	0.19396	0.135	0	0.0722931	0	3.26741e-06	0
0.713472	0.33802	271	0	0	0.19396	0.1355	0	0.0722859	0	3.26315e-06	0
0.713472	0.33802	272	0	0	0.19396	0.136	0	0.0722784	0	3.2591e-06	0
0.713472	0.33802	273	0	0	0.19396	0.1365	0	0.0722703	0	3.25528e-06	0
0.713472	0.33802	274	0	0	0.19396	0.137	0	0.0722617	0	3.25167e-06	0
0.713472	0.33802	275	0	0	0.19396	0.1375	0	0.0722527	0	3.24828e-06	0
0.713472	0.33802	276	0	0	0.19396	0.138	0	0.0722432	0	3.2451e-06	0
0.713472	0.33802	277	0	0	0.19396	0.1385	0	0.0722333	0	3.24214e-06	0
0.713472	0.33802	278	0	0	0.19396	0.139	0	0.0722229	0	3.23939e-06	0
0.713472	0.33802	279	0	0	0.19396	0.1395	0	0.072212	0	3.23685e-06	0
0.713472	0.33802	280	0	0	0.19396	0.14	0	0.0722007	0	3.23453e-06	0
0.713472	0.33802	281	0	0	0.19396	0.1405	0	0.0721889	0	3.23241e-06	0
0.713472	0.33802	282	0	0	0.19396	0.141	0	0.0721767	0	3.23051e-06	0
0.713472	0.33802	283	0	0	0.19396	0.1415	0	0.0721641	0	3.22882e-06	0
0.713472	0.33802	284	0	0	0.19396	0.142	0	0.072151	0	3.22734e-06	0
0.713472	0.33802	285	0	0	0.19396	0.1425	0	0.0721375	0	3.22607e-06	0
0.713472	0.33802	286	0	0	0.19396	0.143	0	0.0721235	0	3.225e-06	0
0.713472	0.33802	287	0	0	0.19396	0.1435	0	0.0721092	0	3.22415e-06	0
0.713472	0.33802	288	0	0	0.19396	0.144	0	0.0720944	0	3.2235e-06	0
0.713472	0.33802	289	0	0	0.19396	0.1445	0	0.0720792	0	3.22306e-06	0
0.713472	0.33802	290	0	0	0.19396	0.145	0	0.0720636	0	3.22283e-06	0
0.713472	0.33802	291	0	0	0.19396	0.1455	0	0.0720475	0	3.22281e-06	0
0.713472	0.33802	292	0	0	0.19396	0.146	0	0.0720311	0	3.22299e-06	0
0.713472	0.33802	293	0	0	0.19396	0.1465	0	0.0720143	0	3.22338e-06	0
0.713472	0.33802	294	0	0	0.19396	0.147	0	0.071997	0	3.22398e-06	0
0.713472	0.33802	295	0	0	0.19396	0.1475	0	0.0719794	0	3.22478e-06	0
0.713472	0.33802	296	0	0	0.19396	0.148	0	0.0719613	0	3.2258e-06	0
0.713472	0.33802	297	0	0	0.19396	0.1485	0	0.0719429	0	3.22702e-06	0
0.713472	0.33802	298	0	0	0.19396	0.149	0	0.0719241	0	3.22844e-06	0
0.713472	0.33802	299	0	0	0.19396	0.1495	0	0.0719049	0	3.23007e-06	0
0.713472	0.33802	300	0	0	0.19396	0.15	0	0.0718853	0	3.23191e-06	0
0.713472	0.33802	301	0	0	0.19396	0.1505	0	0.0718654	0	3.23396e-06	0
0.713472	0.33802	302	0	0	0.19396	0.151	0	0.0718451	0	3.23622e-06	0
0.713472	0.33802	303	0	0	0.19396	0.1515	0	0.0718244	0	3.23868e-06	0
0.713472	0.33802	304	0	0	0.19396	0.152	0	0.0718033	0	3.24135e-06	0
0.713472	0.33802	305	0	0	0.19396	0.1525	0	0.0717818	0	3.24423e-06	0
0.713472	0.33802	306	0	0	0.19396	0.153	0	0.0717601	0	3.24732e-06	0
0.713472	0.33802	307	0	0	0.19396	0.1535	0	0.0717379	0	3.25062e-06	0
0.713472	0.33802	308	0	0	0.19396	0.154	0	0.0717154	0	3.25412e-06	0
0.713472	0.33802	309	0	0	0.19396	0.1545	0	0.0716925	0	3.25784e-06	0
0.713472	0.33802	310	0	0	0.19396	0.155	0	0.0716693	0	3.26177e-06	0
0.713472	0.33802	311	0	0	0.19396	0.1555	0	0.0716457	0	3.26591e-06	0
0.713472	0.33802	312	0	0	0.19396	0.156	0	0.0716218	0	3.27026e-06	0
0.713472	0.33802	313	0	0	0.19396	0.1565	0	0.0715976	0	3.27483e-06	0
0.713472	0.33802	314	0	0	0.19396	0.157	0	0.071573	0	3.27961e-06	0
0.713472	0.33802	315	0	0	0.19396	0.1575	0	0.071548	0	3.2846e-06	0
0.713472	0.33802	316	0	0	0.19396	0.158	0	0.0715228	0	3.28981e-06	0
0.713472	0.33802	317	0	0	0.19396	0.1585	0	0.0714972	0	3.29523e-06	0
0.713472	0.33802	318	0	0	0.19396	0.159	0	0.0714712	0	3.30087e-06	0
0.713472	0.33802	319	0	0	0.19396	0.1595	0	0.071445	0	3.30673e-06	0
0.713472	0.33802	320	0	0	0.19396	0.16	0	0.0714184	0	3.3128e-06	0
0.713472	0.33802	321	0	0	0.19396	0.1605	0	0.0713915	0	3.3191e-06	0
0.713472	0.33802	322	0	0	0.19396	0.161	0	0.0713643	0	3.32562e-06	0
0.713472	0.33802	323	0	0	0.19396	0.1615	0	0.0713368	0	3.33236e-06	0
0.713472	0.33802	324	0	0	0.19396	0.162	0	0.0713089	0	3.33932e-06	0
0.713472	0.33802	325	0	0	0.19396	0.1625	0	0.0712808	0	3.34651e-06	0
0.713472	0.33802	326	0	0	0.19396	0.163	0	0.0712523	0	3.35392e-06	0
0.713472	0.33802	327	0	0	0.19396	0.1635	0	0.0712235	0	3.36156e-06	0
0.713472	0.33802	328	0	0	0.19396	0.164	0	0.0711944	0	3.36943e-06	0
0.713472	0.33802	329	0	0	0.19396	0.1645	0	0.071165	0	3.37752e-06	0
0.713472	0.33802	330	0	0	0.19396	0.165	0	0.0711354	0	3.38585e-06	0
0.713472	0.33802	331	0	0	0.19396	0.1655	0	0.0711054	0	3.39442e-06	0
0.713472	0.33802	332	0	0	0.19396	0.166	0	0.0710751	0	3.40321e-06	0
0.713472	0.33802	333	0	0	0.19396	0.1665	0	0.0710445	0	3.41225e-06	0
0.713472	0.33802	334	0	0	0.19396	0.167	0	0.0710137	0	3.42152e-06	0
0.713472	0.33802	335	0	0	0.19396	0.1675	0	0.0709825	0	3.43103e-06	0
0.713472	0.33802	336	0	0	0.19396	0.168	0	0.0709511	0	3.44078e-06	0
0.713472	0.33802	337	0	0	0.19396	0.1685	0	0.0709194	0	3.45077e-06	0
0.713472	0.33802	338	0	0	0.19396	0.169	0	0.0708874	0	3.46102e-06	0
0.713472	0.33802	339	0	0	0.19396	0.1695	0	0.0708551	0	3.4715e-06	0
0.713472	0.33802	340	0	0	0.19396	0.17	0	0.0708226	0	3.48224e-06	0
0.713472	0.33802	341	0	0	0.19396	0.1705	0	0.0707897	0	3.49323e-06	0
0.713472	0.33802	342	0	0	0.19396	0.171	0	0.0707566	0	3.50448e-06	0
0.713472	0.33802	343	0	0	0.19396	0.1715	0	0.0707233	0	3.51597e-06	0
0.713472	0.33802	344	0	0	0.19396	0.172	0	0.0706896	0	3.52773e-06	0
0.713472	0.33802	345	0	0	0.19396	0.1725	0	0.0706557	0	3.53975e-06	0
0.713472	0.33802	346	0	0	0.19396	0.173	0	0.0706215	0	3.55204e-06	0
0.713472	0.33802	347	0	0	0.19396	0.1735	0	0.0705871	0	3.56458e-06	0
0.713472	0.33802	348	0	0	0.19396	0.174	0	0.0705524	0	3.5774e-06	0
0.713472	0.33802	349	0	0	0.19396	0.1745	0	0.0705174	0	3.59049e-06	0
0.713472	0.33802	350	0	0	0.19396	0.175	0	0.0704822	0	3.60385e-06	0
0.713472	0.33802	351	0	0	0.19396	0.1755	0	0.0704467	0	3.61749e-06	0
0.713472	0.33802	352	0	0	0.19396	0.176	0	0.070411	0	3.63142e-06	0
0.713472	0.33802	353	0	0	0.19396	0.1765	0	0.070375	0	3.64562e-06	0
0.713472	0.33802	354	0	0	0.19396	0.177	0	0.0703388	0	3.66011e-06	0
0.713472	0.33802	355	0	0	0.19396	0.1775	0	0.0703023	0	3.67489e-06	0
0.713472	0.33802	356	0	0	0.19396	0.178	0	0.0702656	0	3.68996e-06	0
0.713472	0.33802	357	0	0	0.19396	0.1785	0	0.0702286	0	3.70533e-06	0
0.713472	0.33802	358	0	0	0.19396	0.179	0	0.0701914	0	3.721e-06	0
0.713472	0.33802	359	0	0	0.19396	0.1795	0	0.070154	0	3.73697e-06	0
0.713472	0.33802	360	0	0	0.19396	0.18	0	0.0701163	0	3.75325e-06	0
0.713472	0.33802	361	0	0	0.19396	0.1805	0	0.0700784	0	3.76984e-06	0
0.713472	0.33802	362	0	0	0.19396	0.181	0	0.0700402	0	3.78674e-06	0
0.713472	0.33802	363	0	0	0.19396	0.1815	0	0.0700018	0	3.80397e-06	0
0.713472	0.33802	364	0	0	0.19396	0.182	0	0.0699632	0	3.82151e-06	0
0.713472	0.33802	365	0	0	0.19396	0.1825	0	0.0699243	0	3.83939e-06	0
0.713472	0.33802	366	0	0	0.19396	0.183	0	0.0698852	0	3.85759e-06	0
0.713472	0.33802	367	0	0	0.19396	0.1835	0	0.0698459	0	3.87614e-06	0
0.713472	0.33802	368	0	0	0.19396	0.184	0	0.0698064	0	3.89502e-06	0
0.713472	0.33802	369	0	0	0.19396	0.1845	0	0.0697666	0	3.91425e-06	0
0.713472	0.33802	370	0	0	0.19396	0.185	0	0.0697266	0	3.93382e-06	0
0.713472	0.33802	371	0	0	0.19396	0.1855	0	0.0696864	0	3.95376e-06	0
0.713472	0.33802	372	0	0	0.19396	0.186	0	0.069646	0	3.97405e-06	0
0.713472	0.33802	373	0	0	0.19396	0.1865	0	0.0696053	0	3.99471e-06	0
0.713472	0.33802	374	0	0	0.19396	0.187	0	0.0695645	0	4.01574e-06	0
0.713472	0.33802	375	0	0	0.19396	0.1875	0	0.0695234	0	4.03715e-06	0
0.713472	0.33802	376	0	0	0.19396	0.188	0	0.0694821	0	4.05894e-06	0
0.713472	0.33802	377	0	0	0.19396	0.1885	0	0.0694406	0	4.08111e-06	0
0.713472	0.33802	378	0	0	0.19396	0.189	0	0.0693989	0	4.10369e-06	0
0.713472	0.33802	379	0	0	0.19396	0.1895	0	0.069357	0	4.12666e-06	0
0.713472	0.33802	380	0	0	0.19396	0.19	0	0.0693148	0	4.15004e-06	0
0.713472	0.33802	381	0	0	0.19396	0.1905	0	0.0692725	0	4.17383e-06	0
0.713472	0.33802	382	0	0	0.19396	0.191	0	0.06923	0	4.19804e-06	0
0.713472	0.33802	383	0	0	0.19396	0.1915	0	0.0691872	0	4.22268e-06	0
0.713472	0.33802	384	0	0	0.19396	0.192	0	0.0691443	0	4.24776e-06	0
0.713472	0.33802	385	0	0	0.19396	0.1925	0	0.0691011	0	4.27327e-06	0
0.713472	0.33802	386	0	0	0.19396	0.193	0	0.0690578	0	4.29924e-06	0
0.713472	0.33802	387	0	0	0.19396	0.1935	0	0.0690142	0	4.32566e-06	0
0.713472	0.33802	388	0	0	0.19396	0.194	0	0.0689705	0	4.35255e-06	0
0.713472	0.33802	389	0	0	0.19396	0.1945	0	0.0689266	0	4.37991e-06	0
0.713472	0.33802	390	0	0	0.19396	0.195	0	0.0688824	0	4.40775e-06	0
0.713472	0.33802	391	0	0	0.19396	0.1955	0	0.0688381	0	4.43608e-06	0
0.713472	0.33802	392	0	0	0.19396	0.196	0	0.0687936	0	4.46491e-06	0
0.713472	0.33802	393	0	0	0.19396	0.1965	0	0.0687489	0	4.49425e-06	0
0.713472	0.33802	394	0	0	0.19396	0.197	0	0.068704	0	4.5241e-06	0
0.713472	0.33802	395	0	0	0.19396	0.1975	0	0.068659	0	4.55449e-06	0
0.713472	0.33802	396	0	0	0.19396	0.198	0	0.0686137	0	4.58541e-06	0
0.713472	0.33802	397	0	0	0.19396	0.1985	0	0.0685683	0	4.61688e-06	0
0.713472	0.33802	398	0	0	0.19396	0.199	0	0.0685226	0	4.64891e-06	0
0.713472	0.33802	399	0	0	0.19396	0.1995	0	0.0684768	0	4.6815e-06	0
0.713472	0.33802	400	0	0	0.19396	0.2	0	0.0684308	0	4.71468e-06	0
0.713472	0.33802	401	0	0	0.19396	0.2005	0	0.0683847	0	4.74845e-06	0
0.713472	0.33802	402	0	0	0.19396	0.201	0	0.0683383	0	4.78283e-06	0
0.713472	0.33802	403	0	0	0.19396	0.2015	0	0.0682918	0	4.81782e-06	0
0.713472	0.33802	404	0	0	0.19396	0.202	0	0.0682451	0	4.85344e-06	0
0.713472	0.33802	405	0	0	0.19396	0.2025	0	0.0681982	0	4.8897e-06	0
0.713472	0.33802	406	0	0	0.19396	0.203	0	0.0681512	0	4.92662e-06	0
0.713472	0.33802	407	0	0	0.19396	0.2035	0	0.0681039	0	4.96421e-06	0
0.713472	0.33802	408	0	0	0.19396	0.204	0	0.0680565	0	5.00249e-06	0
0.713472	0.33802	409	0	0	0.19396	0.2045	0	0.068009	0	5.04146e-06	0
0.713472	0.33802	410	0	0	0.19396	0.205	0	0.0679613	0	5.08115e-06	0
0.713472	0.33802	411	0	0	0.19396	0.2055	0	0.0679133	0	5.12157e-06	0
0.713472	0.33802	412	0	0	0.19396	0.206	0	0.0678653	0	5.16274e-06	0
0.713472	0.33802	413	0	0	0.19396	0.2065	0	0.067817	0	5.20467e-06	0
0.713472	0.33802	414	0	0	0.19396	0.207	0	0.0677686	0	5.24738e-06	0
0.713472	0.33802	415	0	0	0.19396	0.2075	0	0.0677201	0	5.29089e-06	0
0.713472	0.33802	416	0	0	0.19396	0.208	0	0.0676714	0	5.33522e-06	0
0.713472	0.33802	417	0	0	0.19396	0.2085	0	0.0676225	0	5.38039e-06	0
0.713472	0.33802	418	0	0	0.19396	0.209	0	0.0675734	0	5.42641e-06	0
0.713472	0.33802	419	0	0	0.19396	0.2095	0	0.0675242	0	5.47332e-06	0
0.713472	0.33802	420	0	0	0.19396	0.21	0	0.0674749	0	5.52112e-06	0
0.713472	0.33802	421	0	0	0.19396	0.2105	0	0.0674253	0	5.56984e-06	0
0.713472	0.33802	422	0	0	0.19396	0.211	0	0.0673756	0	5.61951e-06	0
0.713472	0.33802	423	0	0	0.19396	0.2115	0	0.0673258	0	5.67014e-06	0
0.713472	0.33802	424	0	0	0.19396	0.212	0	0.0672758	0	5.72177e-06	0
0.713472	0.33802	425	0	0	0.19396	0.2125	0	0.0672257	0	5.77441e-06	0
0.713472	0.33802	426	0	0	0.19396	0.213	0	0.0671754	0	5.8281e-06	0
0.713472	0.33802	427	0	0	0.19396	0.2135	0	0.0671249	0	5.88286e-06	0
0.713472	0.33802	428	0	0	0.19396	0.214	0	0.0670743	0	5.93872e-06	0
0.713472	0.33802	429	0	0	0.19396	0.2145	0	0.0670236	0	5.99571e-06	0
0.713472	0.33802	430	0	0	0.19396	0.215	0	0.0669727	0	6.05386e-06	0
0.713472	0.33802	431	0	0	0.19396	0.2155	0	0.0669217	0	6.1132e-06	0
0.713472	0.33802	432	0	0	0.19396	0.216	0	0.0668705	0	6.17376e-06	0
0.713472	0.33802	433	0	0	0.19396	0.2165	0	0.0668191	0	6.23558e-06	0
0.713472	0.33802	434	0	0	0.19396	0.217	0	0.0667676	0	6.29869e-06	0
0.713472	0.33802	435	0	0	0.19396	0.2175	0	0.066716	0	6.36313e-06	0
0.713472	0.33802	436	0	0	0.19396	0.218	0	0.0666642	0	6.42894e-06	0
0.713472	0.33802	437	0	0	0.19396	0.2185	0	0.0666123	0	6.49615e-06	0
0.713472	0.33802	438	0	0	0.19396	0.219	0	0.0665603	0	6.56482e-06	0
0.713472	0.33802	439	0	0	0.19396	0.2195	0	0.0665081	0	6.63497e-06	0
0.713472	0.33802	440	0	0	0.19396	0.22	0	0.0664558	0	6.70667e-06	0
0.713472	0.33802	441	0	0	0.19396	0.2205	0	0.0664033	0	6.77994e-06	0
0.713472	0.33802	442	0	0	0.19396	0.221	0	0.0663507	0	6.85485e-06	0
0.713472	0.33802	443	0	0	0.19396	0.2215	0	0.0662979	0	6.93144e-06	0
0.713472	0.33802	444	0	0	0.19396	0.222	0	0.066245	0	7.00976e-06	0
0.713472	0.33802	445	0	0	0.19396	0.2225	0	0.066192	0	7.08988e-06	0
0.713472	0.33802	446	0	0	0.19396	0.223	0	0.0661389	0	7.17184e-06	0
0.713472	0.33802	447	0	0	0.19396	0.2235	0	0.0660856	0	7.25571e-06	0
0.713472	0.33802	448	0	0	0.19396	0.224	0	0.0660322	0	7.34154e-06	0
0.713472	0.33802	449	0	0	0.19396	0.2245	0	0.0659786	0	7.42942e-06	0
0.713472	0.33802	450	0	0	0.19396	0.225	0	0.0659249	0	7.5194e-06	0
0.713472	0.33802	451	0	0	0.19396	0.2255	0	0.0658711	0	7.61155e-06	0
0.713472	0.33802	452	0	0	0.19396	0.226	0	0.0658172	0	7.70595e-06	0
0.713472	0.33802	453	0	0	0.19396	0.2265	0	0.0657631	0	7.80269e-06	0
0.713472	0.33802	454	0	0	0.19396	0.227	0	0.0657089	0	7.90183e-06	0
0.713472	0.33802	455	0	0	0.19396	0.2275	0	0.0656546	0	8.00347e-06	0
0.713472	0.33802	456	0	0	0.19396	0.228	0	0.0656001	0	8.1077e-06	0
0.713472	0.33802	457	0	0	0.19396	0.2285	0	0.0655456	0	8.21462e-06	0
0.713472	0.33802	458	0	0	0.19396	0.229	0	0.0654908	0	8.32432e-06	0
0.713472	0.33802	459	0	0	0.19396	0.2295	0	0.065436	0	8.4369e-06	0
0.713472	0.33802	460	0	0	0.19396	0.23	0	0.0653811	0	8.55248e-06	0
0.713472	0.33802	461	0	0	0.19396	0.2305	0	0.065326	0	8.67118e-06	0
0.713472	0.33802	462	0	0	0.19396	0.231	0	0.0652708	0	8.79311e-06	0
0.713472	0.33802	463	0	0	0.19396	0.2315	0	0.0652155	0	8.91841e-06	0
0.713472	0.33802	464	0	0	0.19396	0.232	0	0.06516	0	9.04721e-06	0
0.713472	0.33802	465	0	0	0.19396	0.2325	0	0.0651045	0	9.17965e-06	0
0.713472	0.33802	466	0	0	0.19396	0.233	0	0.0650488	0	9.31588e-06	0
0.713472	0.33802	467	0	0	0.19396	0.2335	0	0.064993	0	9.45607e-06	0
0.713472	0.33802	468	0	0	0.19396	0.234	0	0.0649371	0	9.60038e-06	0
0.713472	0.33802	469	0	0	0.19396	0.2345	0	0.064881	0	9.74899e-06	0
0.713472	0.33802	470	0	0	0.19396	0.235	0	0.0648249	0	9.90209e-06	0
0.713472	0.33802	471	0	0	0.19396	0.2355	0	0.0647686	0	1.00599e-05	0
0.713472	0.33802	472	0	0	0.19396	0.236	0	0.0647123	0	1.02226e-05	0
0.713472	0.33802	473	0	0	0.19396	0.2365	0	0.0646558	0	1.03904e-05	0
0.713472	0.33802	474	0	0	0.19396	0.237	0	0.0645992	0	1.05636e-05	0
0.713472	0.33802	475	0	0	0.19396	0.2375	0	0.0645424	0	1.07424e-05	0
0.713472	0.33802	476	0	0	0.19396	0.238	0	0.0644856	0	1.09271e-05	0
0.713472	0.33802	477	0	0	0.19396	0.2385	0	0.0644287	0	1.1118e-05	0
0.713472	0.33802	478	0	0	0.19396	0.239	0	0.0643716	0	1.13154e-05	0
0.713472	0.33802	479	0	0	0.19396	0.2395	0	0.0643144	0	1.15196e-05	0
0.713472	0.33802	480	0	0	0.19396	0.24	0	0.0642572	0	1.17309e-05	0
0.713472	0.33802	481	0	0	0.19396	0.2405	0	0.0641998	0	1.19498e-05	0
0.713472	0.33802	482	0	0	0.19396	0.241	0	0.0641423	0	1.21767e-05	0
0.713472	0.33802	483	0	0	0.19396	0.2415	0	0.0640847	0	1.2412e-05	0
0.713472	0.33802	484	0	0	0.19396	0.242	0	0.064027	0	1.26561e-05	0
0.713472	0.33802	485	0	0	0.19396	0.2425	0	0.0639691	0	1.29095e-05	0
0.713472	0.33802	486	0	0	0.19396	0.243	0	0.0639112	0	1.31729e-05	0
0.713472	0.33802	487	0	0	0.19396	0.2435	0	0.0638532	0	1.34467e-05	0
0.713472	0.33802	488	0	0	0.19396	0.244	0	0.0637951	0	1.37317e-05	0
0.713472	0.33802	489	0	0	0.19396	0.2445	0	0.0637368	0	1.40284e-05	0
0.713472	0.33802	490	0	0	0.19396	0.245	0	0.0636785	0	1.43376e-05	0
0.713472	0.33802	491	0	0	0.19396	0.2455	0	0.06362	0	1.46602e-05	0
0.713472	0.33802	492	0	0	0.19396	0.246	0	0.0635615	0	1.49969e-05	0
0.713472	0.33802	493	0	0	0.19396	0.2465	0	0.0635028	0	1.53487e-05	0
0.713472	0.33802	494	0	0	0.19396	0.247	0	0.0634441	0	1.57168e-05	0
0.713472	0.33802	495	0	0	0.19396	0.2475	0	0.0633852	0	1.61021e-05	0
0.713472	0.33802	496	0	0	0.19396	0.248	0	0.0633263	0	1.65059e-05	0
0.713472	0.33802	497	0	0	0.19396	0.2485	0	0.0632672	0	1.69296e-05	0
0.713472	0.33802	498	0	0	0.19396	0.249	0	0.0632081	0	1.73747e-05	0
0.713472	0.33802	499	0	0	0.19396	0.2495	0	0.0631488	0	1.78429e-05	0
0.713472	0.33802	500	0	0	0.19396	0.25	0	0.0630895	0	1.83358e-05	0
0.713472	0.33802	501	0	0	0.19396	0.2505	0	0.06303	0	1.88557e-05	0
0.713472	0.33802	502	0	0	0.19396	0.251	0	0.0629705	0	1.94046e-05	0
0.713472	0.33802	503	0	0	0.19396	0.2515	0	0.0629109	0	1.99851e-05	0
0.713472	0.33802	504	0	0	0.19396	0.252	0	0.0628511	0	2.06e-05	0
0.713472	0.33802	505	0	0	0.19396	0.2525	0	0.0627913	0	2.12524e-05	0
0.713472	0.33802	506	0	0	0.19396	0.253	0	0.0627314	0	2.19459e-05	0
0.713472	0.33802	507	0	0	0.19396	0.2535	0	0.0626714	0	2.26844e-05	0
0.713472	0.33802	508	0	0	0.19396	0.254	0	0.0626112	0	2.34724e-05	0
0.713472	0.33802	509	0	0	0.19396	0.2545	0	0.062551	0	2.43151e-05	0
0.713472	0.33802	510	0	0	0.19396	0.255	0	0.0624907	0	2.52183e-05	0
0.713472	0.33802	511	0	0	0.19396	0.2555	0	0.0624303	0	2.61888e-05	0
0.713472	0.33802	512	0	0	0.19396	0.256	0	0.0623699	0	2.72343e-05	0
0.713472	0.33802	513	0	0	0.19396	0.2565	0	0.0623093	0	2.8364e-05	0
0.713472	0.33802	514	0	0	0.19396	0.257	0	0.0622486	0	2.95883e-05	0
0.713472	0.33802	515	0	0	0.19396	0.2575	0	0.0621879	0	3.09195e-05	0
0.713472	0.33802	516	0	0	0.19396	0.258	0	0.062127	0	3.23724e-05	0
0.713472	0.33802	517	0	0	0.19396	0.2585	0	0.0620661	0	3.39644e-05	0
0.713472	0.33802	518	0	0	0.19396	0.259	0	0.0620051	0	3.57163e-05	0
0.713472	0.33802	519	0	0	0.19396	0.2595	0	0.061944	0	3.76536e-05	0
0.713472	0.33802	520	0	0	0.19396	0.26	0	0.0618828	0	3.98073e-05	0
0.713472	0.33802	521	0	0	0.19396	0.2605	0	0.0618215	0	4.22156e-05	0
0.713472	0.33802	522	0	0	0.19396	0.261	0	0.0617601	0	4.49265e-05	0
0.713472	0.33802	523	0	0	0.19396	0.2615	0	0.0616986	0	4.80008e-05	0
0.713472	0.33802	524	0	0	0.19396	0.262	0	0.0616371	0	5.15168e-05	0
0.713472	0.33802	525	0	0	0.19396	0.2625	0	0.0615755	0	5.55768e-05	0
0.713472	0.33802	526	0	0	0.19396	0.263	0	0.0615137	0	6.03177e-05	0
0.713472	0.33802	527	0	0	0.19396	0.2635	0	0.0614519	0	6.59262e-05	0
0.713472	0.33802	528	0	0	0.19396	0.264	0	0.0613901	0	7.26645e-05	0
0.713472	0.33802	529	0	0	0.19396	0.2645	0	0.0613281	0	8.09117e-05	0
0.713472	0.33802	530	0	0	0.19396	0.265	0	0.061266	0	9.12386e-05	0
0.713472	0.33802	531	0	0	0.19396	0.2655	0	0.0612039	0	0.000104545	0
0.713472	0.33802	532	0	0	0.19396	0.266	0	0.0611417	0	0.000122337	0
0.713472	0.33802	533	0	0	0.19396	0.2665	0	0.0610794	0	0.000147343	0
0.713472	0.33802	534	0	0	0.19396	0.267	0	0.061017	0	0.000185063	0
0.713472	0.33802	535	0	0	0.19396	0.2675	0	0.0609545	0	0.0002485	0
0.713472	0.33802	536	0	0	0.19396	0.268	0	0.060892	0	0.000377549	0
0.713472	0.33802	537	0	0	0.19396	0.2685	0	0.0608294	0	0.000783023	0
0.713472	0.33802	538	0	0	0.19396	0.269	0	0.0607667	0	-0.011048	0
0.713472	0.33802	539	0	0	0.19396	0.2695	0	0.0607039	0	-0.000687673	0
0.713472	0.33802	540	0	0	0.19396	0.27	0	0.060641	0	-0.00035538	0
0.713472	0.33802	541	0	0	0.19396	0.2705	0	0.0605781	0	-0.00023983	0
0.713472	0.33802	542	0	0	0.19396	0.271	0	0.0605151	0	-0.000181114	0
0.713472	0.33802	543	0	0	0.19396	0.2715	0	0.060452	0	-0.000145578	0
0.713472	0.33802	544	0	0	0.19396	0.272	0	0.0603888	0	-0.000121759	0
0.713472	0.33802	545	0	0	0.19396	0.2725	0	0.0603256	0	-0.000104682	0
0.713472	0.33802	546	0	0	0.19396	0.273	0	0.0602622	0	-9.18393e-05	0
0.713472	0.33802	547	0	0	0.19396	0.2735	0	0.0601988	0	-8.18305e-05	0
0.713472	0.33802	548	0	0	0.19396	0.274	0	0.0601353	0	-7.38107e-05	0
0.713472	0.33802	549	0	0	0.19396	0.2745	0	0.0600718	0	-6.72406e-05	0
0.713472	0.33802	550	0	0	0.19396	0.275	0	0.0600082	0	-6.176e-05	0
0.713472	0.33802	551	0	0	0.19396	0.2755	0	0.0599445	0	-5.71185e-05	0
0.713472	0.33802	552	0	0	0.19396	0.276	0	0.0598807	0	-5.31373e-05	0
0.713472	0.33802	553	0	0	0.19396	0.2765	0	0.0598168	0	-4.96848e-05	0
0.713472	0.33802	554	0	0	0.19396	0.277	0	0.0597529	0	-4.66624e-05	0
0.713472	0.33802	555	0	0	0.19396	0.2775	0	0.0596889	0	-4.39944e-05	0
0.713472	0.33802	556	0	0	0.19396	0.278	0	0.0596248	0	-4.1622e-05	0
0.713472	0.33802	557	0	0	0.19396	0.2785	0	0.0595607	0	-3.94987e-05	0
0.713472	0.33802	558	0	0	0.19396	0.279	0	0.0594965	0	-3.75872e-05	0
0.713472	0.33802	559	0	0	0.19396	0.2795	0	0.0594322	0	-3.58574e-05	0
0.713472	0.33802	560	0	0	0.19396	0.28	0	0.0593678	0	-3.42845e-05	0
0.713472	0.33802	561	0	0	0.19396	0.2805	0	0.0593034	0	-3.28482e-05	0
0.713472	0.33802	562	0	0	0.19396	0.281	0	0.0592389	0	-3.15314e-05	0
0.713472	0.33802	563	0	0	0.19396	0.2815	0	0.0591743	0	-3.03198e-05	0
0.713472	0.33802	564	0	0	0.19396	0.282	0	0.0591097	0	-2.92013e-05	0
0.713472	0.33802	565	0	0	0.19396	0.2825	0	0.059045	0	-2.81657e-05	0
0.713472	0.33802	566	0	0	0.19396	0.283	0	0.0589802	0	-2.72039e-05	0
0.713472	0.33802	567	0	0	0.19396	0.2835	0	0.0589153	0	-2.63085e-05	0
0.713472	0.33802	568	0	0	0.19396	0.284	0	0.0588504	0	-2.54727e-05	0
0.713472	0.33802	569	0	0	0.19396	0.2845	0	0.0587854	0	-2.46909e-05	0
0.713472	0.33802	570	0	0	0.19396	0.285	0	0.0587204	0	-2.3958e-05	0
0.713472	0.33802	571	0	0	0.19396	0.2855	0	0.0586553	0	-2.32695e-05	0
0.713472	0.33802	572	0	0	0.19396	0.286	0	0.0585901	0	-2.26215e-05	0
0.713472	0.33802	573	0	0	0.19396	0.2865	0	0.0585248	0	-2.20106e-05	0
0.713472	0.33802	574	0	0	0.19396	0.287	0	0.0584595	0	-2.14337e-05	0
0.713472	0.33802	575	0	0	0.19396	0.2875	0	0.0583941	0	-2.0888e-05	0
0.713472	0.33802	576	0	0	0.19396	0.288	0	0.0583287	0	-2.0371e-05	0
0.713472	0.33802	577	0	0	0.19396	0.2885	0	0.0582632	0	-1.98806e-05	0
0.713472	0.33802	578	0	0	0.19396	0.289	0	0.0581976	0	-1.94148e-05	0
0.713472	0.33802	579	0	0	0.19396	0.2895	0	0.0581319	0	-1.89718e-05	0
0.713472	0.33802	580	0	0	0.19396	0.29	0	0.0580662	0	-1.85499e-05	0
0.713472	0.33802	581	0	0	0.19396	0.2905	0	0.0580004	0	-1.81476e-05	0
0.713472	0.33802	582	0	0	0.19396	0.291	0	0.0579346	0	-1.77638e-05	0
0.713472	0.33802	583	0	0	0.19396	0.2915	0	0.0578687	0	-1.7397e-05	0
0.713472	0.33802	584	0	0	0.19396	0.292	0	0.0578027	0	-1.70462e-05	0
0.713472	0.33802	585	0	0	0.19396	0.2925	0	0.0577367	0	-1.67104e-05	0
0.713472	0.33802	586	0	0	0.19396	0.293	0	0.0576706	0	-1.63886e-05	0
0.713472	0.33802	587	0	0	0.19396	0.2935	0	0.0576045	0	-1.60801e-05	0
0.713472	0.33802	588	0	0	0.19396	0.294	0	0.0575382	0	-1.57839e-05	0
0.713472	0.33802	589	0	0	0.19396	0.2945	0	0.057472	0	-1.54994e-05	0
0.713472	0.33802	590	0	0	0.19396	0.295	0	0.0574056	0	-1.52258e-05	0
0.713472	0.33802	591	0	0	0.19396	0.2955	0	0.0573392	0	-1.49627e-05	0
0.713472	0.33802	592	0	0	0.19396	0.296	0	0.0572727	0	-1.47093e-05	0
0.713472	0.33802	593	0	0	0.19396	0.2965	0	0.0572062	0	-1.44652e-05	0
0.713472	0.33802	594	0	0	0.19396	0.297	0	0.0571396	0	-1.42299e-05	0
0.713472	0.33802	595	0	0	0.19396	0.2975	0	0.057073	0	-1.40029e-05	0
0.713472	0.33802	596	0	0	0.19396	0.298	0	0.0570063	0	-1.37837e-05	0
0.713472	0.33802	597	0	0	0.19396	0.2985	0	0.0569395	0	-1.3572e-05	0
0.713472	0.33802	598	0	0	0.19396	0.299	0	0.0568727	0	-1.33675e-05	0
0.713472	0.33802	599	0	0	0.19396	0.2995	0	0.0568058	0	-1.31696e-05	0
0.713472	0.33802	600	0	0	0.19396	0.3	0	0.0567389	0	-1.29782e-05	0
0.713472	0.33802	601	0	0	0.19396	0.3005	0	0.0566719	0	-1.2793e-05	0
0.713472	0.33802	602	0	0	0.19396	0.301	0	0.0566048	0	-1.26135e-05	0
0.713472	0.33802	603	0	0	0.19396	0.3015	0	0.0565377	0	-1.24396e-05	0
0.713472	0.33802	604	0	0	0.19396	0.302	0	0.0564706	0	-1.22711e-05	0
0.713472	0.33802	605	0	0	0.19396	0.3025	0	0.0564033	0	-1.21075e-05	0
0.713472	0.33802	606	0	0	0.19396	0.303	0	0.056336	0	-1.19489e-05	0
0.713472	0.33802	607	0	0	0.19396	0.3035	0	0.0562687	0	-1.17949e-05	0
0.713472	0.33802	608	0	0	0.19396	0.304	0	0.0562013	0	-1.16453e-05	0
0.713472	0.33802	609	0	0	0.19396	0.3045	0	0.0561338	0	-1.15e-05	0
0.713472	0.33802	610	0	0	0.19396	0.305	0	0.0560663	0	-1.13587e-05	0
0.713472	0.33802	611	0	0	0.19396	0.3055	0	0.0559988	0	-1.12214e-05	0
0.713472	0.33802	612	0	0	0.19396	0.306	0	0.0559311	0	-1.10878e-05	0
0.713472	0.33802	613	0	0	0.19396	0.3065	0	0.0558635	0	-1.09578e-05	0
0.713472	0.33802	614	0	0	0.19396	0.307	0	0.0557957	0	-1.08312e-05	0
0.713472	0.33802	615	0	0	0.19396	0.3075	0	0.055728	0	-1.0708e-05	0
0.713472	0.33802	616	0	0	0.19396	0.308	0	0.0556601	0	-1.0588e-05	0
0.713472	0.33802	617	0	0	0.19396	0.3085	0	0.0555922	0	-1.04711e-05	0
0.713472	0.33802	618	0	0	0.19396	0.309	0	0.0555243	0	-1.03571e-05	0
0.713472	0.33802	619	0	0	0.19396	0.3095	0	0.0554563	0	-1.02459e-05	0
0.713472	0.33802	620	0	0	0.19396	0.31	0	0.0553882	0	-1.01375e-05	0
0.713472	0.33802	621	0	0	0.19396	0.3105	0	0.0553201	0	-1.00317e-05	0
0.713472	0.33802	622	0	0	0.19396	0.311	0	0.0552519	0	-9.92853e-06	0
0.713472	0.33802	623	0	0	0.19396	0.3115	0	0.0551837	0	-9.82778e-06	0
0.713472	0.33802	624	0	0	0.19396	0.312	0	0.0551155	0	-9.7294e-06	0
0.713472	0.33802	625	0	0	0.19396	0.3125	0	0.0550471	0	-9.63332e-06	0
0.713472	0.33802	626	0	0	0.19396	0.313	0	0.0549788	0	-9.53944e-06	0
0.713472	0.33802	627	0	0	0.19396	0.3135	0	0.0549104	0	-9.44771e-06	0
0.713472	0.33802	628	0	0	0.19396	0.314	0	0.0548419	0	-9.35804e-06	0
0.713472	0.33802	629	1	0	0.19396	0.3145	0	0.0547734	0	-9.27038e-06	0
0.713472	0.33802	630	1	0	0.19396	0.315	0	0.0547048	0	-9.18464e-06	0
0.713472	0.33802	631	1	0	0.19396	0.3155	0	0.0546362	0	-9.10078e-06	0
0.713472	0.33802	632	1	0	0.19396	0.316	0	0.0545675	0	-9.01873e-06	0
0.713472	0.33802	633	1	0	0.19396	0.3165	0	0.0544988	0	-8.93843e-06	0
0.713472	0.33802	634	1	0	0.19396	0.317	0	0.05443	0	-8.85984e-06	0
0.713472	0.33802	635	1	0	0.19396	0.3175	0	0.0543611	0	-8.78289e-06	0
0.713472	0.33802	636	1	0	0.19396	0.318	0	0.0542923	0	-8.70753e-06	0
0.713472	0.33802	637	1	0	0.19396	0.3185	0	0.0542233	0	-8.63373e-06	0
0.713472	0.33802	638	1	0	0.19396	0.319	0	0.0541544	0	-8.56142e-06	0
0.713472	0.33802	639	1	0	0.19396	0.3195	0	0.0540853	0	-8.49057e-06	0
0.713472	0.33802	640	1	0	0.19396	0.32	0	0.0540163	0	-8.42114e-06	0
0.713472	0.33802	641	1	0	0.19396	0.3205	0	0.0539472	0	-8.35308e-06	0
0.713472	0.33802	642	1	0	0.19396	0.321	0	0.053878	0	-8.28635e-06	0
0.713472	0.33802	643	1	0	0.19396	0.3215	0	0.0538088	0	-8.22092e-06	0
0.713472	0.33802	644	1	0	0.19396	0.322	0	0.0537395	0	-8.15674e-06	0
0.713472	0.33802	645	1	0	0.19396	0.3225	0	0.0536702	0	-8.09379e-06	0
0.713472	0.33802	646	1	0	0.19396	0.323	0	0.0536008	0	-8.03202e-06	0
0.713472	0.33802	647	1	0	0.19396	0.3235	0	0.0535314	0	-7.97141e-06	0
0.713472	0.33802	648	1	0	0.19396	0.324	0	0.053462	0	-7.91193e-06	0
0.713472	0.33802	649	1	0	0.19396	0.3245	0	0.0533925	0	-7.85353e-06	0
0.713472	0.33802	650	1	0	0.19396	0.325	0	0.0533229	0	-7.79621e-06	0
0.713472	0.33802	651	1	0	0.19396	0.3255	0	0.0532533	0	-7.73992e-06	0
0.713472	0.33802	652	1	0	0.19396	0.326	0	0.0531837	0	-7.68463e-06	0
0.713472	0.33802	653	1	0	0.19396	0.3265	0	0.053114	0	-7.63033e-06	0
0.713472	0.33802	654	1	0	0.19396	0.327	0	0.0530443	0	-7.57699e-06	0
0.713472	0.33802	655	1	0	0.19396	0.3275	0	0.0529745	0	-7.52458e-06	0
0.713472	0.33802	656	1	0	0.19396	0.328	0	0.0529047	0	-7.47308e-06	0
0.713472	0.33802	657	1	0	0.19396	0.3285	0	0.0528348	0	-7.42246e-06	0
0.713472	0.33802	658	1	0	0.19396	0.329	0	0.0527649	0	-7.37271e-06	0
0.713472	0.33802	659	1	0	0.19396	0.3295	0	0.0526949	0	-7.32379e-06	0
0.713472	0.33802	660	1	0	0.19396	0.33	0	0.0526249	0	-7.2757e-06	0
0.713472	0.33802	661	1	0	0.19396	0.3305	0	0.0525549	0	-7.22841e-06	0
0.713472	0.33802	662	1	0	0.19396	0.331	0	0.0524848	0	-7.1819e-06	0
0.713472	0.33802	663	1	0	0.19396	0.3315	0	0.0524146	0	-7.13616e-06	0
0.713472	0.33802	664	1	0	0.19396	0.332	0	0.0523445	0	-7.09116e-06	0
0.713472	0.33802	665	1	0	0.19396	0.3325	0	0.0522742	0	-7.04688e-06	0
0.713472	0.33802	666	1	0	0.19396	0.333	0	0.052204	0	-7.00332e-06	0
0.713472	0.33802	667	1	0	0.19396	0.3335	0	0.0521337	0	-6.96045e-06	0
0.713472	0.33802	668	1	0	0.19396	0.334	0	0.0520633	0	-6.91826e-06	0
0.713472	0.33802	669	1	0	0.19396	0.3345	0	0.0519929	0	-6.87672e-06	0
0.713472	0.33802	670	1	0	0.19396	0.335	0	0.0519225	0	-6.83584e-06	0
0.713472	0.33802	671	1	0	0.19396	0.3355	0	0.051852	0	-6.79559e-06	0
0.713472	0.33802	672	1	0	0.19396	0.336	0	0.0517815	0	-6.75595e-06	0
0.713472	0.33802	673	1	0	0.19396	0.3365	0	0.0517109	0	-6.71692e-06	0
0.713472	0.33802	674	1	0	0.19396	0.337	0	0.0516403	0	-6.67848e-06	0
0.713472	0.33802	675	1	0	0.19396	0.3375	0	0.0515697	0	-6.64061e-06	0
0.713472	0.33802	676	1	0	0.19396	0.338	0	0.051499	0	-6.60331e-06	0
0.713472	0.33802	677	1	0	0.19396	0.3385	0	0.0514282	0	-6.56657e-06	0
0.713472	0.33802	678	1	0	0.19396	0.339	0	0.0513575	0	-6.53036e-06	0
0.713472	0.33802	679	1	0	0.19396	0.3395	0	0.0512867	0	-6.49469e-06	0
0.713472	0.33802	680	1	0	0.19396	0.34	0	0.0512158	0	-6.45953e-06	0
0.713472	0.33802	681	1	0	0.19396	0.3405	0	0.0511449	0	-6.42488e-06	0
0.713472	0.33802	682	1	0	0.19396	0.341	0	0.051074	0	-6.39072e-06	0
0.713472	0.33802	683	1	0	0.19396	0.3415	0	0.051003	0	-6.35706e-06	0
0.713472	0.33802	684	1	0	0.19396	0.342	0	0.050932	0	-6.32386e-06	0
0.713472	0.33802	685	1	0	0.19396	0.3425	0	0.0508609	0	-6.29114e-06	0
0.713472	0.33802	686	1	0	0.19396	0.343	0	0.0507898	0	-6.25887e-06	0
0.713472	0.33802	687	1	0	0.19396	0.3435	0	0.0507187	0	-6.22705e-06	0
0.713472	0.33802	688	1	0	0.19396	0.344	0	0.0506475	0	-6.19567e-06	0
0.713472	0.33802	689	1	0	0.19396	0.3445	0	0.0505763	0	-6.16472e-06	0
0.713472	0.33802	690	1	0	0.19396	0.345	0	0.050505	0	-6.13419e-06	0
0.713472	0.33802	691	1	0	0.19396	0.3455	0	0.0504337	0	-6.10407e-06	0
0.713472	0.33802	692	1	0	0.19396	0.346	0	0.0503624	0	-6.07436e-06	0
0.713472	0.33802	693	1	0	0.19396	0.3465	0	0.050291	0	-6.04504e-06	0
0.713472	0.33802	694	1	0	0.19396	0.347	0	0.0502196	0	-6.01612e-06	0
0.713472	0.33802	695	1	0	0.19396	0.3475	0	0.0501482	0	-5.98757e-06	0
0.713472	0.33802	696	1	0	0.19396	0.348	0	0.0500767	0	-5.9594e-06	0
0.713472	0.33802	697	1	0	0.19396	0.3485	0	0.0500052	0	-5.9316e-06	0
0.713472	0.33802	698	1	0	0.19396	0.349	0	0.0499336	0	-5.90416e-06	0
0.713472	0.33802	699	1	0	0.19396	0.3495	0	0.049862	0	-5.87708e-06	0
0.713472	0.33802	700	1	0	0.19396	0.35	0	0.0497904	0	-5.85034e-06	0
0.713472	0.33802	701	1	0	0.19396	0.3505	0	0.0497187	0	-5.82394e-06	0
0.713472	0.33802	702	1	0	0.19396	0.351	0	0.049647	0	-5.79788e-06	0
0.713472	0.33802	703	1	0	0.19396	0.3515	0	0.0495752	0	-5.77214e-06	0
0.713472	0.33802	704	1	0	0.19396	0.352	0	0.0495034	0	-5.74673e-06	0
0.713472	0.33802	705	1	0	0.19396	0.3525	0	0.0494316	0	-5.72163e-06	0
0.713472	0.33802	706	1	0	0.19396	0.353	0	0.0493597	0	-5.69685e-06	0
0.713472	0.33802	707	1	0	0.19396	0.3535	0	0.0492879	0	-5.67237e-06	0
0.713472	0.33802	708	1	0	0.19396	0.354	0	0.0492159	0	-5.64819e-06	0
0.713472	0.33802	709	1	0	0.19396	0.3545	0	0.0491439	0	-5.62431e-06	0
0.713472	0.33802	710	1	0	0.19396	0.355	0	0.0490719	0	-5.60071e-06	0
0.713472	0.33802	711	1	0	0.19396	0.3555	0	0.0489999	0	-5.5774e-06	0
0.713472	0.33802	712	1	0	0.19396	0.356	0	0.0489278	0	-5.55437e-06	0
0.713472	0.33802	713	1	0	0.19396	0.3565	0	0.0488557	0	-5.53162e-06	0
0.713472	0.33802	714	1	0	0.19396	0.357	0	0.0487836	0	-5.50913e-06	0
0.713472	0.33802	715	1	0	0.19396	0.3575	0	0.0487114	0	-5.48691e-06	0
0.713472	0.33802	716	1	0	0.19396	0.358	0	0.0486392	0	-5.46495e-06	0
0.713472	0.33802	717	1	0	0.19396	0.3585	0	0.0485669	0	-5.44325e-06	0
0.713472	0.33802	718	1	0	0.19396	0.359	0	0.0484946	0	-5.4218e-06	0
0.713472	0.33802	719	1	0	0.19396	0.3595	0	0.0484223	0	-5.4006e-06	0
0.713472	0.33802	720	1	0	0.19396	0.36	0	0.0483499	0	-5.37964e-06	0
0.713472	0.33802	721	1	0	0.19396	0.3605	0	0.0482775	0	-5.35893e-06	0
0.713472	0.33802	722	1	0	0.19396	0.361	0	0.0482051	0	-5.33845e-06	0
0.713472	0.33802	723	1	0	0.19396	0.3615	0	0.0481326	0	-5.3182e-06	0
0.713472	0.33802	724	1	0	0.19396	0.362	0	0.0480601	0	-5.29817e-06	0
0.713472	0.33802	725	1	0	0.19396	0.3625	0	0.0479876	0	-5.27838e-06	0
0.713472	0.33802	726	1	0	0.19396	0.363	0	0.047915	0	-5.2588e-06	0
0.713472	0.33802	727	1	0	0.19396	0.3635	0	0.0478424	0	-5.23945e-06	0
0.713472	0.33802	728	1	0	0.19396	0.364	0	0.0477698	0	-5.2203e-06	0
0.713472	0.33802	729	1	0	0.19396	0.3645	0	0.0476972	0	-5.20137e-06	0
0.713472	0.33802	730	1	0	0.19396	0.365	0	0.0476245	0	-5.18265e-06	0
0.713472	0.33802	731	1	0	0.19396	0.3655	0	0.0475517	0	-5.16412e-06	0
0.713472	0.33802	732	1	0	0.19396	0.366	0	0.047479	0	-5.1458e-06	0
0.713472	0.33802	733	1	0	0.19396	0.3665	0	0.0474062	0	-5.12768e-06	0
0.713472	0.33802	734	1	0	0.19396	0.367	0	0.0473333	0	-5.10976e-06	0
0.713472	0.33802	735	1	0	0.19396	0.3675	0	0.0472605	0	-5.09202e-06	0
0.713472	0.33802	736	1	0	0.19396	0.368	0	0.0471876	0	-5.07447e-06	0
0.713472	0.33802	737	1	0	0.19396	0.3685	0	0.0471146	0	-5.05711e-06	0
0.713472	0.33802	738	1	0	0.19396	0.369	0	0.0470417	0	-5.03994e-06	0
0.713472	0.33802	739	1	0	0.19396	0.3695	0	0.0469687	0	-5.02294e-06	0
0.713472	0.33802	740	1	0	0.19396	0.37	0	0.0468957	0	-5.00612e-06	0
0.713472	0.33802	741	1	0	0.19396	0.3705	0	0.0468226	0	-4.98948e-06	0
0.713472	0.33802	742	1	0	0.19396	0.371	0	0.0467495	0	-4.97301e-06	0
0.713472	0.33802	743	1	0	0.19396	0.3715	0	0.0466764	0	-4.95671e-06	0
0.713472	0.33802	744	1	0	0.19396	0.372	0	0.0466032	0	-4.94057e-06	0
0.713472	0.33802	745	1	0	0.19396	0.3725	0	0.0465301	0	-4.9246e-06	0
0.713472	0.33802	746	1	0	0.19396	0.373	0	0.0464568	0	-4.9088e-06	0
0.713472	0.33802	747	1	0	0.19396	0.3735	0	0.0463836	0	-4.89315e-06	0
0.713472	0.33802	748	1	0	0.19396	0.374	0	0.0463103	0	-4.87766e-06	0
0.713472	0.33802	749	1	0	0.19396	0.3745	0	0.046237	0	-4.86233e-06	0
0.713472	0.33802	750	1	0	0.19396	0.375	0	0.0461637	0	-4.84715e-06	0
0.713472	0.33802	751	1	0	0.19396	0.3755	0	0.0460903	0	-4.83213e-06	0
0.713472	0.33802	752	1	0	0.19396	0.376	0	0.0460169	0	-4.81725e-06	0
0.713472	0.33802	753	1	0	0.19396	0.3765	0	0.0459435	0	-4.80252e-06	0
0.713472	0.33802	754	1	0	0.19396	0.377	0	0.04587	0	-4.78793e-06	0
0.713472	0.33802	755	1	0	0.19396	0.3775	0	0.0457965	0	-4.77349e-06	0
0.713472	0.33802	756	1	0	0.19396	0.378	0	0.045723	0	-4.75919e-06	0
0.713472	0.33802	757	1	0	0.19396	0.3785	0	0.0456495	0	-4.74503e-06	0
0.713472	0.33802	758	1	0	0.19396	0.379	0	0.0455759	0	-4.731e-06	0
0.713472	0.33802	759	1	0	0.19396	0.3795	0	0.0455023	0	-4.71711e-06	0
0.713472	0.33802	760	1	0	0.19396	0.38	0	0.0454286	0	-4.70336e-06	0
0.713472	0.33802	761	1	0	0.19396	0.3805	0	0.045355	0	-4.68973e-06	0
0.713472	0.33802	762	1	0	0.19396	0.381	0	0.0452813	0	-4.67624e-06	0
0.713472	0.33802	763	1	0	0.19396	0.3815	0	0.0452075	0	-4.66287e-06	0
0.713472	0.33802	764	1	0	0.19396	0.382	0	0.0451338	0	-4.64963e-06	0
0.713472	0.33802	765	1	0	0.19396	0.3825	0	0.04506	0	-4.63652e-06	0
0.713472	0.33802	766	1	0	0.19396	0.383	0	0.0449862	0	-4.62353e-06	0
0.713472	0.33802	767	1	0	0.19396	0.3835	0	0.0449123	0	-4.61065e-06	0
0.713472	0.33802	768	1	0	0.19396	0.384	0	0.0448385	0	-4.5979e-06	0
0.713472	0.33802	769	1	0	0.19396	0.3845	0	0.0447646	0	-4.58527e-06	0
0.713472	0.33802	770	1	0	0.19396	0.385	0	0.0446906	0	-4.57275e-06	0
0.713472	0.33802	771	1	0	0.19396	0.3855	0	0.0446167	0	-4.56035e-06	0
0.713472	0.33802	772	1	0	0.19396	0.386	0	0.0445427	0	-4.54807e-06	0
0.713472	0.33802	773	1	0	0.19396	0.3865	0	0.0444687	0	-4.53589e-06	0
0.713472	0.33802	774	1	0	0.19396	0.387	0	0.0443946	0	-4.52383e-06	0
0.713472	0.33802	775	1	0	0.19396	0.3875	0	0.0443205	0	-4.51187e-06	0
0.713472	0.33802	776	1	0	0.19396	0.388	0	0.0442464	0	-4.50003e-06	0
0.713472	0.33802	777	1	0	0.19396	0.3885	0	0.0441723	0	-4.48829e-06	0
0.713472	0.33802	778	1	0	0.19396	0.389	0	0.0440982	0	-4.47665e-06	0
0.713472	0.33802	779	1	0	0.19396	0.3895	0	0.044024	0	-4.46512e-06	0
0.713472	0.33802	780	1	0	0.19396	0.39	0	0.0439498	0	-4.45369e-06	0
0.713472	0.33802	781	1	0	0.19396	0.3905	0	0.0438755	0	-4.44237e-06	0
0.713472	0.33802	782	1	0	0.19396	0.391	0	0.0438013	0	-4.43114e-06	0
0.713472	0.33802	783	1	0	0.19396	0.3915	0	0.043727	0	-4.42001e-06	0
0.713472	0.33802	784	1	0	0.19396	0.392	0	0.0436527	0	-4.40898e-06	0
0.713472	0.33802	785	1	0	0.19396	0.3925	0	0.0435783	0	-4.39805e-06	0
0.713472	0.33802	786	1	0	0.19396	0.393	0	0.0435039	0	-4.38721e-06	0
0.713472	0.33802	787	1	0	0.19396	0.3935	0	0.0434295	0	-4.37647e-06	0
0.713472	0.33802	788	1	0	0.19396	0.394	0	0.0433551	0	-4.36582e-06	0
0.713472	0.33802	789	1	0	0.19396	0.3945	0	0.0432807	0	-4.35526e-06	0
0.713472	0.33802	790	1	0	0.19396	0.395	0	0.0432062	0	-4.34479e-06	0
0.713472	0.33802	791	1	0	0.19396	0.3955	0	0.0431317	0	-4.33441e-06	0
0.713472	0.33802	792	1	0	0.19396	0.396	0	0.0430571	0	-4.32412e-06	0
0.713472	0.33802	793	1	0	0.19396	0.3965	0	0.0429826	0	-4.31392e-06	0
0.713472	0.33802	794	1	0	0.19396	0.397	0	0.042908	0	-4.3038e-06	0
0.713472	0.33802	795	1	0	0.19396	0.3975	0	0.0428334	0	-4.29377e-06	0
0.713472	0.33802	796	1	0	0.19396	0.398	0	0.0427588	0	-4.28383e-06	0
0.713472	0.33802	797	1	0	0.19396	0.3985	0	0.0426841	0	-4.27396e-06	0
0.713472	0.33802	798	1	0	0.19396	0.399	0	0.0426094	0	-4.26418e-06	0
0.713472	0.33802	799	1	0	0.19396	0.3995	0	0.0425347	0	-4.25448e-06	0
0.713472	0.33802	800	1	0	0.19396	0.4	0	0.04246	0	-4.24487e-06	0
0.713472	0.33802	801	1	0	0.19396	0.4005	0	0.0423852	0	-4.23533e-06	0
0.713472	0.33802	802	1	0	0.19396	0.401	0	0.0423104	0	-4.22587e-06	0
0.713472	0.33802	803	1	0	0.19396	0.4015	0	0.0422356	0	-4.21649e-06	0
0.713472	0.33802	804	1	0	0.19396	0.402	0	0.0421608	0	-4.20718e-06	0
0.713472	0.33802	805	1	0	0.19396	0.4025	0	0.0420859	0	-4.19795e-06	0
0.713472	0.33802	806	1	0	0.19396	0.403	0	0.042011	0	-4.1888e-06	0
0.713472	0.33802	807	1	0	0.19396	0.4035	0	0.0419361	0	-4.17972e-06	0
0.713472	0.33802	808	1	0	0.19396	0.404	0	0.0418611	0	-4.17071e-06	0
0.713472	0.33802	809	1	0	0.19396	0.4045	0	0.0417862	0	-4.16178e-06	0
0.713472	0.33802	810	1	0	0.19396	0.405	0	0.0417112	0	-4.15292e-06	0
0.713472	0.33802	811	1	0	0.19396	0.4055	0	0.0416362	0	-4.14413e-06	0
0.713472	0.33802	812	1	0	0.19396	0.406	0	0.0415611	0	-4.13541e-06	0
0.713472	0.33802	813	1	0	0.19396	0.4065	0	0.0414861	0	-4.12676e-06	0
0.713472	0.33802	814	1	0	0.19396	0.407	0	0.041411	0	-4.11818e-06	0
0.713472	0.33802	815	1	0	0.19396	0.4075	0	0.0413359	0	-4.10966e-06	0
0.713472	0.33802	816	1	0	0.19396	0.408	0	0.0412607	0	-4.10122e-06	0
0.713472	0.33802	817	1	0	0.19396	0.4085	0	0.0411856	0	-4.09284e-06	0
0.713472	0.33802	818	1	0	0.19396	0.409	0	0.0411104	0	-4.08452e-06	0
0.713472	0.33802	819	1	0	0.19396	0.4095	0	0.0410352	0	-4.07627e-06	0
0.713472	0.33802	820	1	0	0.19396	0.41	0	0.04096	0	-4.06809e-06	0
0.713472	0.33802	821	1	0	0.19396	0.4105	0	0.0408847	0	-4.05997e-06	0
0.713472	0.33802	822	1	0	0.19396	0.411	0	0.0408094	0	-4.05191e-06	0
0.713472	0.33802	823	1	0	0.19396	0.4115	0	0.0407341	0	-4.04391e-06	0
0.713472	0.33802	824	1	0	0.19396	0.412	0	0.0406588	0	-4.03598e-06	0
0.713472	0.33802	825	1	0	0.19396	0.4125	0	0.0405835	0	-4.0281e-06	0
0.713472	0.33802	826	1	0	0.19396	0.413	0	0.0405081	0	-4.02029e-06	0
0.713472	0.33802	827	1	0	0.19396	0.4135	0	0.0404327	0	-4.01254e-06	0
0.713472	0.33802	828	1	0	0.19396	0.414	0	0.0403573	0	-4.00484e-06	0
0.713472	0.33802	829	1	0	0.19396	0.4145	0	0.0402818	0	-3.99721e-06	0
0.713472	0.33802	830	1	0	0.19396	0.415	0	0.0402064	0	-3.98963e-06	0
0.713472	0.33802	831	1	0	0.19396	0.4155	0	0.0401309	0	-3.98211e-06	0
0.713472	0.33802	832	1	0	0.19396	0.416	0	0.0400554	0	-3.97464e-06	0
0.713472	0.33802	833	1	0	0.19396	0.4165	0	0.0399798	0	-3.96724e-06	0
0.713472	0.33802	834	1	0	0.19396	0.417	0	0.0399043	0	-3.95988e-06	0
0.713472	0.33802	835	1	0	0.19396	0.4175	0	0.0398287	0	-3.95258e-06	0
0.713472	0.33802	836	1	0	0.19396	0.418	0	0.0397531	0	-3.94534e-06	0
0.713472	0.33802	837	1	0	0.19396	0.4185	0	0.0396775	0	-3.93815e-06	0
0.713472	0.33802	838	1	0	0.19396	0.419	0	0.0396018	0	-3.93101e-06	0
0.713472	0.33802	839	1	0	0.19396	0.4195	0	0.0395262	0	-3.92393e-06	0
0.713472	0.33802	840	1	0	0.19396	0.42	0	0.0394505	0	-3.9169e-06	0
0.713472	0.33802	841	1	0	0.19396	0.4205	0	0.0393748	0	-3.90991e-06	0
0.713472	0.33802	842	1	0	0.19396	0.421	0	0.0392991	0	-3.90298e-06	0
0.713472	0.33802	843	1	0	0.19396	0.4215	0	0.0392233	0	-3.89611e-06	0
0.713472	0.33802	844	1	0	0.19396	0.422	0	0.0391475	0	-3.88928e-06	0
0.713472	0.33802	845	1	0	0.19396	0.4225	0	0.0390717	0	-3.8825e-06	0
0.713472	0.33802	846	1	0	0.19396	0.423	0	0.0389959	0	-3.87577e-06	0
0.713472	0.33802	847	1	0	0.19396	0.4235	0	0.0389201	0	-3.86908e-06	0
0.713472	0.33802	848	1	0	0.19396	0.424	0	0.0388442	0	-3.86245e-06	0
0.713472	0.33802	849	1	0	0.19396	0.4245	0	0.0387683	0	-3.85586e-06	0
0.713472	0.33802	850	1	0	0.19396	0.425	0	0.0386924	0	-3.84932e-06	0
0.713472	0.33802	851	1	0	0.19396	0.4255	0	0.0386165	0	-3.84283e-06	0
0.713472	0.33802	852	1	0	0.19396	0.426	0	0.0385405	0	-3.83638e-06	0
0.713472	0.33802	853	1	0	0.19396	0.4265	0	0.0384646	0	-3.82998e-06	0
0.713472	0.33802	854	1	0	0.19396	0.427	0	0.0383886	0	-3.82362e-06	0
0.713472	0.33802	855	1	0	0.19396	0.4275	0	0.0383126	0	-3.81731e-06	0
0.713472	0.33802	856	1	0	0.19396	0.428	0	0.0382365	0	-3.81105e-06	0
0.713472	0.33802	857	1	0	0.19396	0.4285	0	0.0381605	0	-3.80482e-06	0
0.713472	0.33802	858	1	0	0.19396	0.429	0	0.0380844	0	-3.79864e-06	0
0.713472	0.33802	859	1	0	0.19396	0.4295	0	0.0380083	0	-3.79251e-06	0
0.713472	0.33802	860	1	0	0.19396	0.43	0	0.0379322	0	-3.78641e-06	0
0.713472	0.33802	861	1	0	0.19396	0.4305	0	0.0378561	0	-3.78036e-06	0
0.713472	0.33802	862	1	0	0.19396	0.431	0	0.0377799	0	-3.77435e-06	0
0.713472	0.33802	863	1	0	0.19396	0.4315	0	0.0377037	0	-3.76838e-06	0
0.713472	0.33802	864	1	0	0.19396	0.432	0	0.0376275	0	-3.76246e-06	0
0.713472	0.33802	865	1	0	0.19396	0.4325	0	0.0375513	0	-3.75657e-06	0
0.713472	0.33802	866	1	0	0.19396	0.433	0	0.0374751	0	-3.75072e-06	0
0.713472	0.33802	867	1	0	0.19396	0.4335	0	0.0373988	0	-3.74491e-06	0
0.713472	0.33802	868	1	0	0.19396	0.434	0	0.0373225	0	-3.73915e-06	0
0.713472	0.33802	869	1	0	0.19396	0.4345	0	0.0372462	0	-3.73342e-06	0
0.713472	0.33802	870	1	0	0.19396	0.435	0	0.0371699	0	-3.72773e-06	0
0.713472	0.33802	871	1	0	0.19396	0.4355	0	0.0370936	0	-3.72208e-06	0
0.713472	0.33802	872	1	0	0.19396	0.436	0	0.0370172	0	-3.71646e-06	0
0.713472	0.33802	873	1	0	0.19396	0.4365	0	0.0369408	0	-3.71089e-06	0
0.713472	0.33802	874	1	0	0.19396	0.437	0	0.0368644	0	-3.70535e-06	0
0.713472	0.33802	875	1	0	0.19396	0.4375	0	0.036788	0	-3.69985e-06	0
0.713472	0.33802	876	1	0	0.19396	0.438	0	0.0367116	0	-3.69438e-06	0
0.713472	0.33802	877	1	0	0.19396	0.4385	0	0.0366351	0	-3.68895e-06	0
0.713472	0.33802	878	1	0	0.19396	0.439	0	0.0365587	0	-3.68356e-06	0
0.713472	0.33802	879	1	0	0.19396	0.4395	0	0.0364822	0	-3.6782e-06	0
0.713472	0.33802	880	1	0	0.19396	0.44	0	0.0364057	0	-3.67288e-06	0
0.713472	0.33802	881	1	0	0.19396	0.4405	0	0.0363291	0	-3.66759e-06	0
0.713472	0.33802	882	1	0	0.19396	0.441	0	0.0362526	0	-3.66234e-06	0
0.713472	0.33802	883	1	0	0.19396	0.4415	0	0.036176	0	-3.65712e-06	0
0.713472	0.33802	884	1	0	0.19396	0.442	0	0.0360994	0	-3.65194e-06	0
0.713472	0.33802	885	1	0	0.19396	0.4425	0	0.0360228	0	-3.64679e-06	0
0.713472	0.33802	886	1	0	0.19396	0.443	0	0.0359462	0	-3.64167e-06	0
0.713472	0.33802	887	1	0	0.19396	0.4435	0	0.0358695	0	-3.63658e-06	0
0.713472	0.33802	888	1	0	0.19396	0.444	0	0.0357928	0	-3.63153e-06	0
0.713472	0.33802	889	1	0	0.19396	0.4445	0	0.0357162	0	-3.62651e-06	0
0.713472	0.33802	890	1	0	0.19396	0.445	0	0.0356395	0	-3.62152e-06	0
0.713472	0.33802	891	1	0	0.19396	0.4455	0	0.0355627	0	-3.61657e-06	0
0.713472	0.33802	892	1	0	0.19396	0.446	0	0.035486	0	-3.61164e-06	0
0.713472	0.33802	893	1	0	0.19396	0.4465	0	0.0354092	0	-3.60675e-06	0
0.713472	0.33802	894	1	0	0.19396	0.447	0	0.0353325	0	-3.60189e-06	0
0.713472	0.33802	895	1	0	0.19396	0.4475	0	0.0352557	0	-3.59705e-06	0
0.713472	0.33802	896	1	0	0.19396	0.448	0	0.0351788	0	-3.59225e-06	0
0.713472	0.33802	897	1	0	0.19396	0.4485	0	0.035102	0	-3.58748e-06	0
0.713472	0.33802	898	1	0	0.19396	0.449	0	0.0350252	0	-3.58274e-06	0
0.713472	0.33802	899	1	0	0.19396	0.4495	0	0.0349483	0	-3.57802e-06	0
0.713472	0.33802	900	1	0	0.19396	0.45	0	0.0348714	0	-3.57334e-06	0
0.713472	0.33802	901	1	0	0.19396	0.4505	0	0.0347945	0	-3.56868e-06	0
0.713472	0.33802	902	1	0	0.19396	0.451	0	0.0347176	0	-3.56405e-06	0
0.713472	0.33802	903	1	0	0.19396	0.4515	0	0.0346406	0	-3.55945e-06	0
0.713472	0.33802	904	1	0	0.19396	0.452	0	0.0345637	0	-3.55488e-06	0
0.713472	0.33802	905	1	0	0.19396	0.4525	0	0.0344867	0	-3.55033e-06	0
0.713472	0.33802	906	1	0	0.19396	0.453	0	0.0344097	0	-3.54581e-06	0
0.713472	0.33802	907	1	0	0.19396	0.4535	0	0.0343327	0	-3.54131e-06	0
0.713472	0.33802	908	1	0	0.19396	0.454	0	0.0342557	0	-3.53684e-06	0
0.713472	0.33802	909	1	0	0.19396	0.4545	0	0.0341786	0	-3.53239e-06	0
0.713472	0.33802	910	1	0	0.19396	0.455	0	0.0341015	0	-3.52797e-06	0
0.713472	0.33802	911	1	0	0.19396	0.4555	0	0.0340245	0	-3.52356e-06	0
0.713472	0.33802	912	1	0	0.19396	0.456	0	0.0339474	0	-3.51918e-06	0
0.713472	0.33802	913	1	0	0.19396	0.4565	0	0.0338702	0	-3.51482e-06	0
0.713472	0.33802	914	1	0	0.19396	0.457	0	0.0337931	0	-3.51048e-06	0
0.713472	0.33802	915	1	0	0.19396	0.4575	0	0.033716	0	-3.50616e-06	0
0.713472	0.33802	916	1	0	0.19396	0.458	0	0.0336388	0	-3.50186e-06	0
0.713472	0.33802	917	1	0	0.19396	0.4585	0	0.0335616	0	-3.49757e-06	0
0.713472	0.33802	918	1	0	0.19396	0.459	0	0.0334844	0	-3.4933e-06	0
0.713472	0.33802	919	1	0	0.19396	0.4595	0	0.0334072	0	-3.48904e-06	0
0.713472	0.33802	920	1	0	0.19396	0.46	0	0.0333299	0	-3.4848e-06	0
0.713472	0.33802	921	1	0	0.19396	0.4605	0	0.0332527	0	-3.48057e-06	0
0.713472	0.33802	922	1	0	0.19396	0.461	0	0.0331754	0	-3.47634e-06	0
0.713472	0.33802	923	1	0	0.19396	0.4615	0	0.0330981	0	-3.47213e-06	0
0.713472	0.33802	924	1	0	0.19396	0.462	0	0.0330208	0	-3.46793e-06	0
0.713472	0.33802	925	1	0	0.19396	0.4625	0	0.0329435	0	-3.46373e-06	0
0.713472	0.33802	926	1	0	0.19396	0.463	0	0.0328662	0	-3.45954e-06	0
0.713472	0.33802	927	1	0	0.19396	0.4635	0	0.0327888	0	-3.45536e-06	0
0.713472	0.33802	928	1	0	0.19396	0.464	0	0.0327114	0	-3.45117e-06	0
0.713472	0.33802	929	1	0	0.19396	0.4645	0	0.032634	0	-3.44699e-06	0
0.713472	0.33802	930	1	0	0.19396	0.465	0	0.0325566	0	-3.44281e-06	0
0.713472	0.33802	931	1	0	0.19396	0.4655	0	0.0324792	0	-3.43863e-06	0
0.713472	0.33802	932	1	0	0.19396	0.466	0	0.0324018	0	-3.43444e-06	0
0.713472	0.33802	933	1	0	0.19396	0.4665	0	0.0323243	0	-3.43025e-06	0
0.713472	0.33802	934	1	0	0.19396	0.467	0	0.0322469	0	-3.42606e-06	0
0.713472	0.33802	935	1	0	0.19396	0.4675	0	0.0321694	0	-3.42186e-06	0
0.713472	0.33802	936	1	0	0.19396	0.468	0	0.0320919	0	-3.41765e-06	0
0.713472	0.33802	937	1	0	0.19396	0.4685	0	0.0320144	0	-3.41343e-06	0
0.713472	0.33802	938	1	0	0.19396	0.469	0	0.0319368	0	-3.4092e-06	0
0.713472	0.33802	939	1	0	0.19396	0.4695	0	0.0318593	0	-3.40496e-06	0
0.713472	0.33802	940	1	0	0.19396	0.47	0	0.0317817	0	-3.40071e-06	0
0.713472	0.33802	941	1	0	0.19396	0.4705	0	0.0317041	0	-3.39645e-06	0
0.713472	0.33802	942	1	0	0.19396	0.471	0	0.0316265	0	-3.39217e-06	0
0.713472	0.33802	943	1	0	0.19396	0.4715	0	0.0315489	0	-3.38787e-06	0
0.713472	0.33802	944	1	0	0.19396	0.472	0	0.0314713	0	-3.38355e-06	0
0.713472	0.33802	945	1	0	0.19396	0.4725	0	0.0313936	0	-3.37922e-06	0
0.713472	0.33802	946	1	0	0.19396	0.473	0	0.031316	0	-3.37486e-06	0
0.713472	0.33802	947	1	0	0.19396	0.4735	0	0.0312383	0	-3.37049e-06	0
0.713472	0.33802	948	1	0	0.19396	0.474	0	0.0311606	0	-3.36609e-06	0
0.713472	0.33802	949	1	0	0.19396	0.4745	0	0.0310829	0	-3.36168e-06	0
0.713472	0.33802	950	1	0	0.19396	0.475	0	0.0310052	0	-3.35723e-06	0
0.713472	0.33802	951	1	0	0.19396	0.4755	0	0.0309275	0	-3.35276e-06	0
0.713472	0.33802	952	1	0	0.19396	0.476	0	0.0308497	0	-3.34827e-06	0
0.713472	0.33802	953	1	0	0.19396	0.4765	0	0.0307719	0	-3.34375e-06	0
0.713472	0.33802	954	1	0	0.19396	0.477	0	0.0306941	0	-3.33921e-06	0
0.713472	0.33802	955	1	0	0.19396	0.4775	0	0.0306163	0	-3.33463e-06	0
0.713472	0.33802	956	1	0	0.19396	0.478	0	0.0305385	0	-3.33003e-06	0
0.713472	0.33802	957	1	0	0.19396	0.4785	0	0.0304607	0	-3.32539e-06	0
0.713472	0.33802	958	1	0	0.19396	0.479	0	0.0303829	0	-3.32073e-06	0
0.713472	0.33802	959	1	0	0.19396	0.4795	0	0.030305	0	-3.31603e-06	0
0.713472	0.33802	960	1	0	0.19396	0.48	0	0.0302271	0	-3.31131e-06	0
0.713472	0.33802	961	1	0	0.19396	0.4805	0	0.0301492	0	-3.30655e-06	0
0.713472	0.33802	962	1	0	0.19396	0.481	0	0.0300713	0	-3.30176e-06	0
0.713472	0.33802	963	1	0	0.19396	0.4815	0	0.0299934	0	-3.29693e-06	0
0.713472	0.33802	964	1	0	0.19396	0.482	0	0.0299155	0	-3.29207e-06	0
0.713472	0.33802	965	1	0	0.19396	0.4825	0	0.0298375	0	-3.28718e-06	0
0.713472	0.33802	966	1	0	0.19396	0.483	0	0.0297596	0	-3.28225e-06	0
0.713472	0.33802	967	1	0	0.19396	0.4835	0	0.0296816	0	-3.27729e-06	0
0.713472	0.33802	968	1	0	0.19396	0.484	0	0.0296036	0	-3.27229e-06	0
0.713472	0.33802	969	1	0	0.19396	0.4845	0	0.0295256	0	-3.26725e-06	0
0.713472	0.33802	970	1	0	0.19396	0.485	0	0.0294476	0	-3.26218e-06	0
0.713472	0.33802	971	1	0	0.19396	0.4855	0	0.0293695	0	-3.25707e-06	0
0.713472	0.33802	972	1	0	0.19396	0.486	0	0.0292915	0	-3.25192e-06	0
0.713472	0.33802	973	1	0	0.19396	0.4865	0	0.0292134	0	-3.24674e-06	0
0.713472	0.33802	974	1	0	0.19396	0.487	0	0.0291353	0	-3.24152e-06	0
0.713472	0.33802	975	1	0	0.19396	0.4875	0	0.0290573	0	-3.23626e-06	0
0.713472	0.33802	976	1	0	0.19396	0.488	0	0.0289791	0	-3.23096e-06	0
0.713472	0.33802	977	1	0	0.19396	0.4885	0	0.028901	0	-3.22562e-06	0
0.713472	0.33802	978	1	0	0.19396	0.489	0	0.0288229	0	-3.22025e-06	0
0.713472	0.33802	979	1	0	0.19396	0.4895	0	0.0287447	0	-3.21483e-06	0
0.713472	0.33802	980	1	0	0.19396	0.49	0	0.0286666	0	-3.20938e-06	0
0.713472	0.33802	981	1	0	0.19396	0.4905	0	0.0285884	0	-3.20389e-06	0
0.713472	0.33802	982	1	0	0.19396	0.491	0	0.0285102	0	-3.19836e-06	0
0.713472	0.33802	983	1	0	0.19396	0.4915	0	0.028432	0	-3.19279e-06	0
0.713472	0.33802	984	1	0	0.19396	0.492	0	0.0283538	0	-3.18718e-06	0
0.713472	0.33802	985	1	0	0.19396	0.4925	0	0.0282755	0	-3.18153e-06	0
0.713472	0.33802	986	1	0	0.19396	0.493	0	0.0281973	0	-3.17584e-06	0
0.713472	0.33802	987	1	0	0.19396	0.4935	0	0.028119	0	-3.17011e-06	0
0.713472	0.33802	988	1	0	0.19396	0.494	0	0.0280408	0	-3.16434e-06	0
0.713472	0.33802	989	1	0	0.19396	0.4945	0	0.0279625	0	-3.15853e-06	0
0.713472	0.33802	990	1	0	0.19396	0.495	0	0.0278842	0	-3.15269e-06	0
0.713472	0.33802	991	1	0	0.19396	0.4955	0	0.0278059	0	-3.1468e-06	0
0.713472	0.33802	992	1	0	0.19396	0.496	0	0.0277275	0	-3.14087e-06	0
0.713472	0.33802	993	1	0	0.19396	0.4965	0	0.0276492	0	-3.13491e-06	0
0.713472	0.33802	994	1	0	0.19396	0.497	0	0.0275708	0	-3.1289e-06	0
0.713472	0.33802	995	1	0	0.19396	0.4975	0	0.0274925	0	-3.12286e-06	0
0.713472	0.33802	996	1	0	0.19396	0.498	0	0.0274141	0	-3.11677e-06	0
0.713472	0.33802	997	1	0	0.19396	0.4985	0	0.0273357	0	-3.11065e-06	0
0.713472	0.33802	998	1	0	0.19396	0.499	0	0.0272573	0	-3.10449e-06	0
0.713472	0.33802	999	1	0	0.19396	0.4995	0	0.0271788	0	-3.09828e-06	0
0.713472	0.33802	1000	1	0	0.19396	0.5	0	0.0271004	0	-3.09204e-06	0
