0.461469	0.33802	0	0	0	0.19396	0	0	0.0552887	0	-4.44633e-05	0
0.461469	0.33802	1	0	0	0.19396	0.0005	0	0.0556012	0	-4.49428e-05	0
0.461469	0.33802	2	0	0	0.19396	0.001	0	0.0559104	0	-4.54227e-05	0
0.461469	0.33802	3	0	0	0.19396	0.0015	0	0.0562162	0	-4.59031e-05	0
0.461469	0.33802	4	0	0	0.19396	0.002	0	0.0565186	0	-4.63844e-05	0
0.461469	0.33802	5	0	0	0.19396	0.0025	0	0.0568178	0	-4.68666e-05	0
0.461469	0.33802	6	0	0	0.19396	0.003	0	0.0571136	0	-4.73502e-05	0
0.461469	0.33802	7	0	0	0.19396	0.0035	0	0.057406	0	-4.78354e-05	0
0.461469	0.33802	8	0	0	0.19396	0.004	0	0.0576952	0	-4.83225e-05	0
0.461469	0.33802	9	0	0	0.19396	0.0045	0	0.057981	0	-4.88118e-05	0
0.461469	0.33802	10	0	0	0.19396	0.005	0	0.0582635	0	-4.93037e-05	0
0.461469	0.33802	11	0	0	0.19396	0.0055	0	0.0585427	0	-4.97986e-05	0
0.461469	0.33802	12	0	0	0.19396	0.006	0	0.0588185	0	-5.02968e-05	0
0.461469	0.33802	13	0	0	0.19396	0.0065	0	0.0590911	0	-5.07987e-05	0
0.461469	0.33802	14	0	0	0.19396	0.007	0	0.0593604	0	-5.13047e-05	0
0.461469	0.33802	15	0	0	0.19396	0.0075	0	0.0596263	0	-5.18154e-05	0
0.461469	0.33802	16	0	0	0.19396	0.008	0	0.059889	0	-5.2331e-05	0
0.461469	0.33802	17	0	0	0.19396	0.0085	0	0.0601485	0	-5.28522e-05	0
0.461469	0.33802	18	0	0	0.19396	0.009	0	0.0604046	0	-5.33794e-05	0
0.461469	0.33802	19	0	0	0.19396	0.0095	0	0.0606575	0	-5.39132e-05	0
0.461469	0.33802	20	0	0	0.19396	0.01	0	0.0609072	0	-5.4454e-05	0
0.461469	0.33802	21	0	0	0.19396	0.0105	0	0.0611536	0	-5.50025e-05	0
0.461469	0.33802	22	0	0	0.19396	0.011	0	0.0613967	0	-5.55592e-05	0
0.461469	0.33802	23	0	0	0.19396	0.0115	0	0.0616367	0	-5.61248e-05	0
0.461469	0.33802	24	0	0	0.19396	0.012	0	0.0618735	0	-5.66999e-05	0
0.461469	0.33802	25	0	0	0.19396	0.0125	0	0.062107	0	-5.72851e-05	0
0.461469	0.33802	26	0	0	0.19396	0.013	0	0.0623374	0	-5.78811e-05	0
0.461469	0.33802	27	0	0	0.19396	0.0135	0	0.0625646	0	-5.84887e-05	0
0.461469	0.33802	28	0	0	0.19396	0.014	0	0.0627887	0	-5.91086e-05	0
0.461469	0.33802	29	0	0	0.19396	0.0145	0	0.0630096	0	-5.97415e-05	0
0.461469	0.33802	30	0	0	0.19396	0.015	0	0.0632273	0	-6.03883e-05	0
0.461469	0.33802	31	0	0	0.19396	0.0155	0	0.063442	0	-6.10498e-05	0
0.461469	0.33802	32	0	0	0.19396	0.016	0	0.0636535	0	-6.17268e-05	0
0.461469	0.33802	33	0	0	0.19396	0.0165	0	0.063862	0	-6.24203e-05	0
0.461469	0.33802	34	0	0	0.19396	0.017	0	0.0640674	0	-6.31312e-05	0
0.461469	0.33802	35	0	0	0.19396	0.0175	0	0.0642697	0	-6.38604e-05	0
0.461469	0.33802	36	0	0	0.19396	0.018	0	0.064469	0	-6.4609e-05	0
0.461469	0.33802	37	0	0	0.19396	0.0185	0	0.0646653	0	-6.53781e-05	0
0.461469	0.33802	38	0	0	0.19396	0.019	0	0.0648585	0	-6.61686e-05	0
0.461469	0.33802	39	0	0	0.19396	0.0195	0	0.0650488	0	-6.69819e-05	0
0.461469	0.33802	40	0	0	0.19396	0.02	0	0.065236	0	-6.7819e-05	0
0.461469	0.33802	41	0	0	0.19396	0.0205	0	0.0654204	0	-6.86813e-05	0
0.461469	0.33802	42	0	0	0.19396	0.021	0	0.0656017	0	-6.95701e-05	0
0.461469	0.33802	43	0	0	0.19396	0.0215	0	0.0657802	0	-7.04867e-05	0
0.461469	0.33802	44	0	0	0.19396	0.022	0	0.0659557	0	-7.14327e-05	0
0.461469	0.33802	45	0	0	0.19396	0.0225	0	0.0661283	0	-7.24094e-05	0
0.461469	0.33802	46	0	0	0.19396	0.023	0	0.0662981	0	-7.34186e-05	0
0.461469	0.33802	47	0	0	0.19396	0.0235	0	0.066465	0	-7.44619e-05	0
0.461469	0.33802	48	0	0	0.19396	0.024	0	0.0666291	0	-7.55411e-05	0
0.461469	0.33802	49	0	0	0.19396	0.0245	0	0.0667904	0	-7.6658e-05	0
0.461469	0.33802	50	0	0	0.19396	0.025	0	0.0669489	0	-7.78147e-05	0
0.461469	0.33802	51	0	0	0.19396	0.0255	0	0.0671046	0	-7.90133e-05	0
0.461469	0.33802	52	0	0	0.19396	0.026	0	0.0672575	0	-8.02559e-05	0
0.461469	0.33802	53	0	0	0.19396	0.0265	0	0.0674077	0	-8.15449e-05	0
0.461469	0.33802	54	0	0	0.19396	0.027	0	0.0675552	0	-8.28829e-05	0
0.461469	0.33802	55	0	0	0.19396	0.0275	0	0.0677	0	-8.42725e-05	0
0.461469	0.33802	56	0	0	0.19396	0.028	0	0.0678421	0	-8.57164e-05	0
0.461469	0.33802	57	0	0	0.19396	0.0285	0	0.0679815	0	-8.72179e-05	0
0.461469	0.33802	58	0	0	0.19396	0.029	0	0.0681183	0	-8.878e-05	0
0.461469	0.33802	59	0	0	0.19396	0.0295	0	0.0682525	0	-9.04064e-05	0
0.461469	0.33802	60	0	0	0.19396	0.03	0	0.0683841	0	-9.21005e-05	0
0.461469	0.33802	61	0	0	0.19396	0.0305	0	0.0685131	0	-9.38666e-05	0
0.461469	0.33802	62	0	0	0.19396	0.031	0	0.0686395	0	-9.57087e-05	0
0.461469	0.33802	63	0	0	0.19396	0.0315	0	0.0687635	0	-9.76316e-05	0
0.461469	0.33802	64	0	0	0.19396	0.032	0	0.0688849	0	-9.96403e-05	0
0.461469	0.33802	65	0	0	0.19396	0.0325	0	0.0690038	0	-0.00010174	0
0.461469	0.33802	66	0	0	0.19396	0.033	0	0.0691202	0	-0.000103937	0
0.461469	0.33802	67	0	0	0.19396	0.0335	0	0.0692342	0	-0.000106237	0
0.461469	0.33802	68	0	0	0.19396	0.034	0	0.0693457	0	-0.000108647	0
0.461469	0.33802	69	0	0	0.19396	0.0345	0	0.0694548	0	-0.000111174	0
0.461469	0.33802	70	0	0	0.19396	0.035	0	0.0695616	0	-0.000113828	0
0.461469	0.33802	71	0	0	0.19396	0.0355	0	0.0696659	0	-0.000116616	0
0.461469	0.33802	72	0	0	0.19396	0.036	0	0.0697679	0	-0.000119549	0
0.461469	0.33802	73	0	0	0.19396	0.0365	0	0.0698676	0	-0.000122637	0
0.461469	0.33802	74	0	0	0.19396	0.037	0	0.069965	0	-0.000125891	0
0.461469	0.33802	75	0	0	0.19396	0.0375	0	0.0700601	0	-0.000129326	0
0.461469	0.33802	76	0	0	0.19396	0.038	0	0.0701529	0	-0.000132956	0
0.461469	0.33802	77	0	0	0.19396	0.0385	0	0.0702435	0	-0.000136796	0
0.461469	0.33802	78	0	0	0.19396	0.039	0	0.0703318	0	-0.000140865	0
0.461469	0.33802	79	0	0	0.19396	0.0395	0	0.070418	0	-0.000145182	0
0.461469	0.33802	80	0	0	0.19396	0.04	0	0.0705019	0	-0.000149769	0
0.461469	0.33802	81	0	0	0.19396	0.0405	0	0.0705837	0	-0.000154653	0
0.461469	0.33802	82	0	0	0.19396	0.041	0	0.0706634	0	-0.00015986	0
0.461469	0.33802	83	0	0	0.19396	0.0415	0	0.0707409	0	-0.000165424	0
0.461469	0.33802	84	0	0	0.19396	0.042	0	0.0708163	0	-0.000171379	0
0.461469	0.33802	85	0	0	0.19396	0.0425	0	0.0708896	0	-0.000177769	0
0.461469	0.33802	86	0	0	0.19396	0.043	0	0.0709609	0	-0.00018464	0
0.461469	0.33802	87	0	0	0.19396	0.0435	0	0.0710301	0	-0.000192048	0
0.461469	0.33802	88	0	0	0.19396	0.044	0	0.0710973	0	-0.000200055	0
0.461469	0.33802	89	0	0	0.19396	0.0445	0	0.0711625	0	-0.000208736	0
0.461469	0.33802	90	0	0	0.19396	0.045	0	0.0712257	0	-0.000218177	0
0.461469	0.33802	91	0	0	0.19396	0.0455	0	0.071287	0	-0.00022848	0
0.461469	0.33802	92	0	0	0.19396	0.046	0	0.0713463	0	-0.000239767	0
0.461469	0.33802	93	0	0	0.19396	0.0465	0	0.0714037	0	-0.000252183	0
0.461469	0.33802	94	0	0	0.19396	0.047	0	0.0714591	0	-0.000265904	0
0.461469	0.33802	95	0	0	0.19396	0.0475	0	0.0715127	0	-0.000281142	0
0.461469	0.33802	96	0	0	0.19396	0.048	0	0.0715644	0	-0.000298161	0
0.461469	0.33802	97	0	0	0.19396	0.0485	0	0.0716143	0	-0.000317289	0
0.461469	0.33802	98	0	0	0.19396	0.049	0	0.0716623	0	-0.00033894	0
0.461469	0.33802	99	0	0	0.19396	0.0495	0	0.0717085	0	-0.000363641	0
0.461469	0.33802	100	0	0	0.19396	0.05	0	0.071753	0	-0.000392082	0
0.461469	0.33802	101	0	0	0.19396	0.0505	0	0.0717956	0	-0.000425175	0
0.461469	0.33802	102	0	0	0.19396	0.051	0	0.0718365	0	-0.000464154	0
0.461469	0.33802	103	0	0	0.19396	0.0515	0	0.0718757	0	-0.000510735	0
0.461469	0.33802	104	0	0	0.19396	0.052	0	0.0719131	0	-0.000567371	0
0.461469	0.33802	105	0	0	0.19396	0.0525	0	0.0719488	0	-0.000637698	0
0.461469	0.33802	106	0	0	0.19396	0.053	0	0.0719829	0	-0.000727346	0
0.461469	0.33802	107	0	0	0.19396	0.0535	0	0.0720152	0	-0.000845523	0
0.461469	0.33802	108	0	0	0.19396	0.054	0	0.072046	0	-0.00100839	0
0.461469	0.33802	109	0	0	0.19396	0.0545	0	0.0720751	0	-0.00124717	0
0.461469	0.33802	110	0	0	0.19396	0.055	0	0.0721025	0	-0.00163097	0
0.461469	0.33802	111	0	0	0.19396	0.0555	0	0.0721284	0	-0.00234938	0
0.461469	0.33802	112	0	0	0.19396	0.056	0	0.0721527	0	-0.00417761	0
0.461469	0.33802	113	0	0	0.19396	0.0565	0	0.0721754	0	-0.018407	0
0.461469	0.33802	114	0	0	0.19396	0.057	0	0.0721966	0	0.00772364	0
0.461469	0.33802	115	0	0	0.19396	0.0575	0	0.0722163	0	0.00320498	0
0.461469	0.33802	116	0	0	0.19396	0.058	0	0.0722344	0	0.00202723	0
0.461469	0.33802	117	0	0	0.19396	0.0585	0	0.072251	0	0.00148529	0
0.461469	0.33802	118	0	0	0.19396	0.059	0	0.0722662	0	0.00117376	0
0.461469	0.33802	119	0	0	0.19396	0.0595	0	0.0722798	0	0.000971486	0
0.461469	0.33802	120	0	0	0.19396	0.06	0	0.0722921	0	0.000829584	0
0.461469	0.33802	121	0	0	0.19396	0.0605	0	0.0723029	0	0.000724547	0
0.461469	0.33802	122	0	0	0.19396	0.061	0	0.0723122	0	0.000643671	0
0.461469	0.33802	123	0	0	0.19396	0.0615	0	0.0723202	0	0.000579485	0
0.461469	0.33802	124	0	0	0.19396	0.062	0	0.0723267	0	0.000527314	0
0.461469	0.33802	125	0	0	0.19396	0.0625	0	0.0723319	0	0.000484077	0
0.461469	0.33802	126	0	0	0.19396	0.063	0	0.0723358	0	0.000447665	0
0.461469	0.33802	127	0	0	0.19396	0.0635	0	0.0723382	0	0.000416584	0
0.461469	0.33802	128	0	0	0.19396	0.064	0	0.0723394	0	0.000389745	0
0.461469	0.33802	129	0	0	0.19396	0.0645	0	0.0723392	0	0.000366339	0
0.461469	0.33802	130	0	0	0.19396	0.065	0	0.0723377	0	0.000345749	0
0.461469	0.33802	131	0	0	0.19396	0.0655	0	0.072335	0	0.000327497	0
0.461469	0.33802	132	0	0	0.19396	0.066	0	0.0723309	0	0.000311209	0
0.461469	0.33802	133	0	0	0.19396	0.0665	0	0.0723256	0	0.000296586	0
0.461469	0.33802	134	0	0	0.19396	0.067	0	0.0723191	0	0.000283385	0
0.461469	0.33802	135	0	0	0.19396	0.0675	0	0.0723113	0	0.000271411	0
0.461469	0.33802	136	0	0	0.19396	0.068	0	0.0723023	0	0.000260502	0
0.461469	0.33802	137	0	0	0.19396	0.0685	0	0.0722921	0	0.000250522	0
0.461469	0.33802	138	0	0	0.19396	0.069	0	0.0722807	0	0.000241358	0
0.461469	0.33802	139	0	0	0.19396	0.0695	0	0.0722681	0	0.000232916	0
0.461469	0.33802	140	0	0	0.19396	0.07	0	0.0722543	0	0.000225114	0
0.461469	0.33802	141	0	0	0.19396	0.0705	0	0.0722394	0	0.000217883	0
0.461469	0.33802	142	0	0	0.19396	0.071	0	0.0722233	0	0.000211164	0
0.461469	0.33802	143	0	0	0.19396	0.0715	0	0.0722061	0	0.000204903	0
0.461469	0.33802	144	0	0	0.19396	0.072	0	0.0721878	0	0.000199058	0
0.461469	0.33802	145	0	0	0.19396	0.0725	0	0.0721684	0	0.000193588	0
0.461469	0.33802	146	0	0	0.19396	0.073	0	0.0721478	0	0.000188458	0
0.461469	0.33802	147	0	0	0.19396	0.0735	0	0.0721262	0	0.00018364	0
0.461469	0.33802	148	0	0	0.19396	0.074	0	0.0721035	0	0.000179105	0
0.461469	0.33802	149	0	0	0.19396	0.0745	0	0.0720798	0	0.000174829	0
0.461469	0.33802	150	0	0	0.19396	0.075	0	0.072055	0	0.000170793	0
0.461469	0.33802	151	0	0	0.19396	0.0755	0	0.0720292	0	0.000166976	0
0.461469	0.33802	152	0	0	0.19396	0.076	0	0.0720023	0	0.000163361	0
0.461469	0.33802	153	0	0	0.19396	0.0765	0	0.0719744	0	0.000159934	0
0.461469	0.33802	154	0	0	0.19396	0.077	0	0.0719456	0	0.000156681	0
0.461469	0.33802	155	0	0	0.19396	0.0775	0	0.0719157	0	0.000153588	0
0.461469	0.33802	156	0	0	0.19396	0.078	0	0.0718848	0	0.000150645	0
0.461469	0.33802	157	0	0	0.19396	0.0785	0	0.071853	0	0.000147842	0
0.461469	0.33802	158	0	0	0.19396	0.079	0	0.0718202	0	0.000145168	0
0.461469	0.33802	159	0	0	0.19396	0.0795	0	0.0717864	0	0.000142617	0
0.461469	0.33802	160	0	0	0.19396	0.08	0	0.0717518	0	0.000140178	0
0.461469	0.33802	161	0	0	0.19396	0.0805	0	0.0717161	0	0.000137847	0
0.461469	0.33802	162	0	0	0.19396	0.081	0	0.0716796	0	0.000135616	0
0.461469	0.33802	163	0	0	0.19396	0.0815	0	0.0716421	0	0.000133478	0
0.461469	0.33802	164	0	0	0.19396	0.082	0	0.0716038	0	0.000131429	0
0.461469	0.33802	165	0	0	0.19396	0.0825	0	0.0715645	0	0.000129464	0
0.461469	0.33802	166	0	0	0.19396	0.083	0	0.0715244	0	0.000127577	0
0.461469	0.33802	167	0	0	0.19396	0.0835	0	0.0714834	0	0.000125764	0
0.461469	0.33802	168	0	0	0.19396	0.084	0	0.0714415	0	0.000124022	0
0.461469	0.33802	169	0	0	0.19396	0.0845	0	0.0713988	0	0.000122346	0
0.461469	0.33802	170	0	0	0.19396	0.085	0	0.0713552	0	0.000120733	0
0.461469	0.33802	171	0	0	0.19396	0.0855	0	0.0713108	0	0.000119179	0
0.461469	0.33802	172	0	0	0.19396	0.086	0	0.0712655	0	0.000117683	0
0.461469	0.33802	173	0	0	0.19396	0.0865	0	0.0712195	0	0.00011624	0
0.461469	0.33802	174	0	0	0.19396	0.087	0	0.0711726	0	0.000114848	0
0.461469	0.33802	175	0	0	0.19396	0.0875	0	0.0711249	0	0.000113505	0
0.461469	0.33802	176	0	0	0.19396	0.088	0	0.0710764	0	0.000112209	0
0.461469	0.33802	177	0	0	0.19396	0.0885	0	0.0710272	0	0.000110956	0
0.461469	0.33802	178	0	0	0.19396	0.089	0	0.0709771	0	0.000109746	0
0.461469	0.33802	179	0	0	0.19396	0.0895	0	0.0709263	0	0.000108577	0
0.461469	0.33802	180	0	0	0.19396	0.09	0	0.0708748	0	0.000107446	0
0.461469	0.33802	181	0	0	0.19396	0.0905	0	0.0708224	0	0.000106351	0
0.461469	0.33802	182	0	0	0.19396	0.091	0	0.0707694	0	0.000105292	0
0.461469	0.33802	183	0	0	0.19396	0.0915	0	0.0707156	0	0.000104267	0
0.461469	0.33802	184	0	0	0.19396	0.092	0	0.070661	0	0.000103274	0
0.461469	0.33802	185	0	0	0.19396	0.0925	0	0.0706058	0	0.000102313	0
0.461469	0.33802	186	0	0	0.19396	0.093	0	0.0705498	0	0.000101381	0
0.461469	0.33802	187	0	0	0.19396	0.0935	0	0.0704931	0	0.000100477	0
0.461469	0.33802	188	0	0	0.19396	0.094	0	0.0704357	0	9.96017e-05	0
0.461469	0.33802	189	0	0	0.19396	0.0945	0	0.0703776	0	9.87524e-05	0
0.461469	0.33802	190	0	0	0.19396	0.095	0	0.0703189	0	9.79286e-05	0
0.461469	0.33802	191	0	0	0.19396	0.0955	0	0.0702594	0	9.71292e-05	0
0.461469	0.33802	192	0	0	0.19396	0.096	0	0.0701993	0	9.63535e-05	0
0.461469	0.33802	193	0	0	0.19396	0.0965	0	0.0701385	0	9.56004e-05	0
0.461469	0.33802	194	0	0	0.19396	0.097	0	0.0700771	0	9.48694e-05	0
0.461469	0.33802	195	0	0	0.19396	0.0975	0	0.070015	0	9.41595e-05	0
0.461469	0.33802	196	0	0	0.19396	0.098	0	0.0699523	0	9.347e-05	0
0.461469	0.33802	197	0	0	0.19396	0.0985	0	0.0698889	0	9.28002e-05	0
0.461469	0.33802	198	0	0	0.19396	0.099	0	0.0698249	0	9.21495e-05	0
0.461469	0.33802	199	0	0	0.19396	0.0995	0	0.0697603	0	9.15173e-05	0
0.461469	0.33802	200	0	0	0.19396	0.1	0	0.069695	0	9.09029e-05	0
0.461469	0.33802	201	0	0	0.19396	0.1005	0	0.0696291	0	9.03057e-05	0
0.461469	0.33802	202	0	0	0.19396	0.101	0	0.0695627	0	8.97253e-05	0
0.461469	0.33802	203	0	0	0.19396	0.1015	0	0.0694956	0	8.91611e-05	0
0.461469	0.33802	204	0	0	0.19396	0.102	0	0.0694279	0	8.86126e-05	0
0.461469	0.33802	205	0	0	0.19396	0.1025	0	0.0693597	0	8.80793e-05	0
0.461469	0.33802	206	0	0	0.19396	0.103	0	0.0692908	0	8.75607e-05	0
0.461469	0.33802	207	0	0	0.19396	0.1035	0	0.0692214	0	8.70565e-05	0
0.461469	0.33802	208	0	0	0.19396	0.104	0	0.0691514	0	8.65663e-05	0
0.461469	0.33802	209	0	0	0.19396	0.1045	0	0.0690809	0	8.60895e-05	0
0.461469	0.33802	210	0	0	0.19396	0.105	0	0.0690098	0	8.5626e-05	0
0.461469	0.33802	211	0	0	0.19396	0.1055	0	0.0689381	0	8.51752e-05	0
0.461469	0.33802	212	0	0	0.19396	0.106	0	0.0688659	0	8.47368e-05	0
0.461469	0.33802	213	0	0	0.19396	0.1065	0	0.0687931	0	8.43106e-05	0
0.461469	0.33802	214	0	0	0.19396	0.107	0	0.0687198	0	8.38961e-05	0
0.461469	0.33802	215	0	0	0.19396	0.1075	0	0.068646	0	8.34932e-05	0
0.461469	0.33802	216	0	0	0.19396	0.108	0	0.0685716	0	8.31015e-05	0
0.461469	0.33802	217	0	0	0.19396	0.1085	0	0.0684967	0	8.27206e-05	0
0.461469	0.33802	218	0	0	0.19396	0.109	0	0.0684213	0	8.23505e-05	0
0.461469	0.33802	219	0	0	0.19396	0.1095	0	0.0683454	0	8.19907e-05	0
0.461469	0.33802	220	0	0	0.19396	0.11	0	0.068269	0	8.16411e-05	0
0.461469	0.33802	221	0	0	0.19396	0.1105	0	0.0681921	0	8.13014e-05	0
0.461469	0.33802	222	0	0	0.19396	0.111	0	0.0681147	0	8.09713e-05	0
0.461469	0.33802	223	0	0	0.19396	0.1115	0	0.0680368	0	8.06508e-05	0
0.461469	0.33802	224	0	0	0.19396	0.112	0	0.0679584	0	8.03395e-05	0
0.461469	0.33802	225	0	0	0.19396	0.1125	0	0.0678795	0	8.00373e-05	0
0.461469	0.33802	226	0	0	0.19396	0.113	0	0.0678001	0	7.9744e-05	0
0.461469	0.33802	227	0	0	0.19396	0.1135	0	0.0677203	0	7.94594e-05	0
0.461469	0.33802	228	0	0	0.19396	0.114	0	0.06764	0	7.91833e-05	0
0.461469	0.33802	229	0	0	0.19396	0.1145	0	0.0675592	0	7.89155e-05	0
0.461469	0.33802	230	0	0	0.19396	0.115	0	0.067478	0	7.86559e-05	0
0.461469	0.33802	231	0	0	0.19396	0.1155	0	0.0673963	0	7.84044e-05	0
0.461469	0.33802	232	0	0	0.19396	0.116	0	0.0673142	0	7.81607e-05	0
0.461469	0.33802	233	0	0	0.19396	0.1165	0	0.0672316	0	7.79248e-05	0
0.461469	0.33802	234	0	0	0.19396	0.117	0	0.0671486	0	7.76965e-05	0
0.461469	0.33802	235	0	0	0.19396	0.1175	0	0.0670651	0	7.74756e-05	0
0.461469	0.33802	236	0	0	0.19396	0.118	0	0.0669812	0	7.72621e-05	0
0.461469	0.33802	237	0	0	0.19396	0.1185	0	0.0668969	0	7.70559e-05	0
0.461469	0.33802	238	0	0	0.19396	0.119	0	0.0668121	0	7.68567e-05	0
0.461469	0.33802	239	0	0	0.19396	0.1195	0	0.0667269	0	7.66646e-05	0
0.461469	0.33802	240	0	0	0.19396	0.12	0	0.0666413	0	7.64793e-05	0
0.461469	0.33802	241	0	0	0.19396	0.1205	0	0.0665553	0	7.63008e-05	0
0.461469	0.33802	242	0	0	0.19396	0.121	0	0.0664689	0	7.61291e-05	0
0.461469	0.33802	243	0	0	0.19396	0.1215	0	0.0663821	0	7.59639e-05	0
0.461469	0.33802	244	0	0	0.19396	0.122	0	0.0662949	0	7.58053e-05	0
0.461469	0.33802	245	0	0	0.19396	0.1225	0	0.0662072	0	7.56531e-05	0
0.461469	0.33802	246	0	0	0.19396	0.123	0	0.0661192	0	7.55073e-05	0
0.461469	0.33802	247	0	0	0.19396	0.1235	0	0.0660308	0	7.53677e-05	0
0.461469	0.33802	248	0	0	0.19396	0.124	0	0.065942	0	7.52343e-05	0
0.461469	0.33802	249	0	0	0.19396	0.1245	0	0.0658528	0	7.51071e-05	0
0.461469	0.33802	250	0	0	0.19396	0.125	0	0.0657632	0	7.4986e-05	0
0.461469	0.33802	251	0	0	0.19396	0.1255	0	0.0656732	0	7.48709e-05	0
0.461469	0.33802	252	0	0	0.19396	0.126	0	0.0655829	0	7.47617e-05	0
0.461469	0.33802	253	0	0	0.19396	0.1265	0	0.0654922	0	7.46584e-05	0
0.461469	0.33802	254	0	0	0.19396	0.127	0	0.0654012	0	7.4561e-05	0
0.461469	0.33802	255	0	0	0.19396	0.1275	0	0.0653097	0	7.44694e-05	0
0.461469	0.33802	256	0	0	0.19396	0.128	0	0.0652179	0	7.43835e-05	0
0.461469	0.33802	257	0	0	0.19396	0.1285	0	0.0651258	0	7.43034e-05	0
0.461469	0.33802	258	0	0	0.19396	0.129	0	0.0650333	0	7.42289e-05	0
0.461469	0.33802	259	0	0	0.19396	0.1295	0	0.0649404	0	7.41601e-05	0
0.461469	0.33802	260	0	0	0.19396	0.13	0	0.0648472	0	7.40968e-05	0
0.461469	0.33802	261	0	0	0.19396	0.1305	0	0.0647537	0	7.40392e-05	0
0.461469	0.33802	262	0	0	0.19396	0.131	0	0.0646598	0	7.39871e-05	0
0.461469	0.33802	263	0	0	0.19396	0.1315	0	0.0645656	0	7.39405e-05	0
0.461469	0.33802	264	0	0	0.19396	0.132	0	0.064471	0	7.38994e-05	0
0.461469	0.33802	265	0	0	0.19396	0.1325	0	0.0643761	0	7.38638e-05	0
0.461469	0.33802	266	0	0	0.19396	0.133	0	0.0642809	0	7.38336e-05	0
0.461469	0.33802	267	0	0	0.19396	0.1335	0	0.0641853	0	7.38089e-05	0
0.461469	0.33802	268	0	0	0.19396	0.134	0	0.0640895	0	7.37896e-05	0
0.461469	0.33802	269	0	0	0.19396	0.1345	0	0.0639933	0	7.37758e-05	0
0.461469	0.33802	270	0	0	0.19396	0.135	0	0.0638967	0	7.37674e-05	0
0.461469	0.33802	271	0	0	0.19396	0.1355	0	0.0637999	0	7.37644e-05	0
0.461469	0.33802	272	0	0	0.19396	0.136	0	0.0637028	0	7.37668e-05	0
0.461469	0.33802	273	0	0	0.19396	0.1365	0	0.0636053	0	7.37746e-05	0
0.461469	0.33802	274	0	0	0.19396	0.137	0	0.0635076	0	7.37878e-05	0
0.461469	0.33802	275	0	0	0.19396	0.1375	0	0.0634095	0	7.38065e-05	0
0.461469	0.33802	276	0	0	0.19396	0.138	0	0.0633111	0	7.38306e-05	0
0.461469	0.33802	277	0	0	0.19396	0.1385	0	0.0632124	0	7.38602e-05	0
0.461469	0.33802	278	0	0	0.19396	0.139	0	0.0631135	0	7.38952e-05	0
0.461469	0.33802	279	0	0	0.19396	0.1395	0	0.0630142	0	7.39357e-05	0
0.461469	0.33802	280	0	0	0.19396	0.14	0	0.0629147	0	7.39817e-05	0
0.461469	0.33802	281	0	0	0.19396	0.1405	0	0.0628148	0	7.40333e-05	0
0.461469	0.33802	282	0	0	0.19396	0.141	0	0.0627147	0	7.40904e-05	0
0.461469	0.33802	283	0	0	0.19396	0.1415	0	0.0626143	0	7.4153e-05	0
0.461469	0.33802	284	0	0	0.19396	0.142	0	0.0625136	0	7.42213e-05	0
0.461469	0.33802	285	0	0	0.19396	0.1425	0	0.0624126	0	7.42952e-05	0
0.461469	0.33802	286	0	0	0.19396	0.143	0	0.0623114	0	7.43748e-05	0
0.461469	0.33802	287	0	0	0.19396	0.1435	0	0.0622098	0	7.44601e-05	0
0.461469	0.33802	288	0	0	0.19396	0.144	0	0.0621081	0	7.45512e-05	0
0.461469	0.33802	289	0	0	0.19396	0.1445	0	0.062006	0	7.46481e-05	0
0.461469	0.33802	290	0	0	0.19396	0.145	0	0.0619036	0	7.47508e-05	0
0.461469	0.33802	291	0	0	0.19396	0.1455	0	0.061801	0	7.48594e-05	0
0.461469	0.33802	292	0	0	0.19396	0.146	0	0.0616982	0	7.4974e-05	0
0.461469	0.33802	293	0	0	0.19396	0.1465	0	0.0615951	0	7.50946e-05	0
0.461469	0.33802	294	0	0	0.19396	0.147	0	0.0614917	0	7.52213e-05	0
0.461469	0.33802	295	0	0	0.19396	0.1475	0	0.061388	0	7.53542e-05	0
0.461469	0.33802	296	0	0	0.19396	0.148	0	0.0612841	0	7.54932e-05	0
0.461469	0.33802	297	0	0	0.19396	0.1485	0	0.06118	0	7.56386e-05	0
0.461469	0.33802	298	0	0	0.19396	0.149	0	0.0610756	0	7.57903e-05	0
0.461469	0.33802	299	0	0	0.19396	0.1495	0	0.0609709	0	7.59484e-05	0
0.461469	0.33802	300	0	0	0.19396	0.15	0	0.060866	0	7.61131e-05	0
0.461469	0.33802	301	0	0	0.19396	0.1505	0	0.0607609	0	7.62844e-05	0
0.461469	0.33802	302	0	0	0.19396	0.151	0	0.0606555	0	7.64623e-05	0
0.461469	0.33802	303	0	0	0.19396	0.1515	0	0.0605499	0	7.66471e-05	0
0.461469	0.33802	304	0	0	0.19396	0.152	0	0.060444	0	7.68388e-05	0
0.461469	0.33802	305	0	0	0.19396	0.1525	0	0.0603379	0	7.70374e-05	0
0.461469	0.33802	306	0	0	0.19396	0.153	0	0.0602316	0	7.72432e-05	0
0.461469	0.33802	307	0	0	0.19396	0.1535	0	0.060125	0	7.74562e-05	0
0.461469	0.33802	308	0	0	0.19396	0.154	0	0.0600182	0	7.76765e-05	0
0.461469	0.33802	309	0	0	0.19396	0.1545	0	0.0599112	0	7.79043e-05	0
0.461469	0.33802	310	0	0	0.19396	0.155	0	0.059804	0	7.81398e-05	0
0.461469	0.33802	311	0	0	0.19396	0.1555	0	0.0596965	0	7.83829e-05	0
0.461469	0.33802	312	0	0	0.19396	0.156	0	0.0595888	0	7.86339e-05	0
0.461469	0.33802	313	0	0	0.19396	0.1565	0	0.0594809	0	7.88929e-05	0
0.461469	0.33802	314	0	0	0.19396	0.157	0	0.0593727	0	7.91601e-05	0
0.461469	0.33802	315	0	0	0.19396	0.1575	0	0.0592644	0	7.94356e-05	0
0.461469	0.33802	316	0	0	0.19396	0.158	0	0.0591558	0	7.97196e-05	0
0.461469	0.33802	317	0	0	0.19396	0.1585	0	0.059047	0	8.00123e-05	0
0.461469	0.33802	318	0	0	0.19396	0.159	0	0.058938	0	8.03138e-05	0
0.461469	0.33802	319	0	0	0.19396	0.1595	0	0.0588288	0	8.06244e-05	0
0.461469	0.33802	320	0	0	0.19396	0.16	0	0.0587194	0	8.09442e-05	0
0.461469	0.33802	321	0	0	0.19396	0.1605	0	0.0586097	0	8.12734e-05	0
0.461469	0.33802	322	0	0	0.19396	0.161	0	0.0584999	0	8.16123e-05	0
0.461469	0.33802	323	0	0	0.19396	0.1615	0	0.0583899	0	8.1961e-05	0
0.461469	0.33802	324	0	0	0.19396	0.162	0	0.0582796	0	8.23198e-05	0
0.461469	0.33802	325	0	0	0.19396	0.1625	0	0.0581692	0	8.2689e-05	0
0.461469	0.33802	326	0	0	0.19396	0.163	0	0.0580585	0	8.30687e-05	0
0.461469	0.33802	327	0	0	0.19396	0.1635	0	0.0579477	0	8.34593e-05	0
0.461469	0.33802	328	0	0	0.19396	0.164	0	0.0578366	0	8.38611e-05	0
0.461469	0.33802	329	0	0	0.19396	0.1645	0	0.0577254	0	8.42742e-05	0
0.461469	0.33802	330	0	0	0.19396	0.165	0	0.057614	0	8.4699e-05	0
0.461469	0.33802	331	0	0	0.19396	0.1655	0	0.0575023	0	8.51358e-05	0
0.461469	0.33802	332	0	0	0.19396	0.166	0	0.0573905	0	8.55849e-05	0
0.461469	0.33802	333	0	0	0.19396	0.1665	0	0.0572785	0	8.60467e-05	0
0.461469	0.33802	334	0	0	0.19396	0.167	0	0.0571663	0	8.65216e-05	0
0.461469	0.33802	335	0	0	0.19396	0.1675	0	0.057054	0	8.70098e-05	0
0.461469	0.33802	336	0	0	0.19396	0.168	0	0.0569414	0	8.75117e-05	0
0.461469	0.33802	337	0	0	0.19396	0.1685	0	0.0568286	0	8.80279e-05	0
0.461469	0.33802	338	0	0	0.19396	0.169	0	0.0567157	0	8.85586e-05	0
0.461469	0.33802	339	0	0	0.19396	0.1695	0	0.0566026	0	8.91043e-05	0
0.461469	0.33802	340	0	0	0.19396	0.17	0	0.0564893	0	8.96655e-05	0
0.461469	0.33802	341	0	0	0.19396	0.1705	0	0.0563759	0	9.02427e-05	0
0.461469	0.33802	342	0	0	0.19396	0.171	0	0.0562622	0	9.08363e-05	0
0.461469	0.33802	343	0	0	0.19396	0.1715	0	0.0561484	0	9.1447e-05	0
0.461469	0.33802	344	0	0	0.19396	0.172	0	0.0560344	0	9.20751e-05	0
0.461469	0.33802	345	0	0	0.19396	0.1725	0	0.0559202	0	9.27214e-05	0
0.461469	0.33802	346	0	0	0.19396	0.173	0	0.0558059	0	9.33864e-05	0
0.461469	0.33802	347	0	0	0.19396	0.1735	0	0.0556914	0	9.40708e-05	0
0.461469	0.33802	348	0	0	0.19396	0.174	0	0.0555767	0	9.47752e-05	0
0.461469	0.33802	349	0	0	0.19396	0.1745	0	0.0554619	0	9.55003e-05	0
0.461469	0.33802	350	0	0	0.19396	0.175	0	0.0553468	0	9.62469e-05	0
0.461469	0.33802	351	0	0	0.19396	0.1755	0	0.0552317	0	9.70157e-05	0
0.461469	0.33802	352	0	0	0.19396	0.176	0	0.0551163	0	9.78077e-05	0
0.461469	0.33802	353	0	0	0.19396	0.1765	0	0.0550008	0	9.86235e-05	0
0.461469	0.33802	354	0	0	0.19396	0.177	0	0.0548852	0	9.94641e-05	0
0.461469	0.33802	355	0	0	0.19396	0.1775	0	0.0547693	0	0.000100331	0
0.461469	0.33802	356	0	0	0.19396	0.178	0	0.0546534	0	0.000101224	0
0.461469	0.33802	357	0	0	0.19396	0.1785	0	0.0545372	0	0.000102145	0
0.461469	0.33802	358	0	0	0.19396	0.179	0	0.0544209	0	0.000103095	0
0.461469	0.33802	359	0	0	0.19396	0.1795	0	0.0543045	0	0.000104075	0
0.461469	0.33802	360	0	0	0.19396	0.18	0	0.0541878	0	0.000105087	0
0.461469	0.33802	361	0	0	0.19396	0.1805	0	0.0540711	0	0.000106131	0
0.461469	0.33802	362	0	0	0.19396	0.181	0	0.0539542	0	0.00010721	0
0.461469	0.33802	363	0	0	0.19396	0.1815	0	0.0538371	0	0.000108324	0
0.461469	0.33802	364	0	0	0.19396	0.182	0	0.0537199	0	0.000109476	0
0.461469	0.33802	365	0	0	0.19396	0.1825	0	0.0536025	0	0.000110666	0
0.461469	0.33802	366	0	0	0.19396	0.183	0	0.053485	0	0.000111897	0
0.461469	0.33802	367	0	0	0.19396	0.1835	0	0.0533673	0	0.000113171	0
0.461469	0.33802	368	0	0	0.19396	0.184	0	0.0532495	0	0.00011449	0
0.461469	0.33802	369	0	0	0.19396	0.1845	0	0.0531316	0	0.000115855	0
0.461469	0.33802	370	0	0	0.19396	0.185	0	0.0530135	0	0.00011727	0
0.461469	0.33802	371	0	0	0.19396	0.1855	0	0.0528952	0	0.000118736	0
0.461469	0.33802	372	0	0	0.19396	0.186	0	0.0527768	0	0.000120256	0
0.461469	0.33802	373	0	0	0.19396	0.1865	0	0.0526583	0	0.000121833	0
0.461469	0.33802	374	0	0	0.19396	0.187	0	0.0525397	0	0.000123471	0
0.461469	0.33802	375	0	0	0.19396	0.1875	0	0.0524209	0	0.000125172	0
0.461469	0.33802	376	0	0	0.19396	0.188	0	0.0523019	0	0.00012694	0
0.461469	0.33802	377	0	0	0.19396	0.1885	0	0.0521828	0	0.000128778	0
0.461469	0.33802	378	0	0	0.19396	0.189	0	0.0520636	0	0.000130691	0
0.461469	0.33802	379	0	0	0.19396	0.1895	0	0.0519443	0	0.000132683	0
0.461469	0.33802	380	0	0	0.19396	0.19	0	0.0518248	0	0.000134759	0
0.461469	0.33802	381	0	0	0.19396	0.1905	0	0.0517052	0	0.000136924	0
0.461469	0.33802	382	0	0	0.19396	0.191	0	0.0515854	0	0.000139183	0
0.461469	0.33802	383	0	0	0.19396	0.1915	0	0.0514656	0	0.000141543	0
0.461469	0.33802	384	0	0	0.19396	0.192	0	0.0513455	0	0.000144009	0
0.461469	0.33802	385	0	0	0.19396	0.1925	0	0.0512254	0	0.00014659	0
0.461469	0.33802	386	0	0	0.19396	0.193	0	0.0511051	0	0.000149293	0
0.461469	0.33802	387	0	0	0.19396	0.1935	0	0.0509847	0	0.000152126	0
0.461469	0.33802	388	0	0	0.19396	0.194	0	0.0508642	0	0.000155099	0
0.461469	0.33802	389	0	0	0.19396	0.1945	0	0.0507436	0	0.000158221	0
0.461469	0.33802	390	0	0	0.19396	0.195	0	0.0506228	0	0.000161505	0
0.461469	0.33802	391	0	0	0.19396	0.1955	0	0.0505019	0	0.000164963	0
0.461469	0.33802	392	0	0	0.19396	0.196	0	0.0503809	0	0.000168608	0
0.461469	0.33802	393	0	0	0.19396	0.1965	0	0.0502597	0	0.000172456	0
0.461469	0.33802	394	0	0	0.19396	0.197	0	0.0501385	0	0.000176524	0
0.461469	0.33802	395	0	0	0.19396	0.1975	0	0.0500171	0	0.00018083	0
0.461469	0.33802	396	0	0	0.19396	0.198	0	0.0498956	0	0.000185396	0
0.461469	0.33802	397	0	0	0.19396	0.1985	0	0.049774	0	0.000190246	0
0.461469	0.33802	398	0	0	0.19396	0.199	0	0.0496522	0	0.000195406	0
0.461469	0.33802	399	0	0	0.19396	0.1995	0	0.0495303	0	0.000200906	0
0.461469	0.33802	400	0	0	0.19396	0.2	0	0.0494084	0	0.000206781	0
0.461469	0.33802	401	0	0	0.19396	0.2005	0	0.0492863	0	0.00021307	0
0.461469	0.33802	402	0	0	0.19396	0.201	0	0.0491641	0	0.000219817	0
0.461469	0.33802	403	0	0	0.19396	0.2015	0	0.0490417	0	0.000227074	0
0.461469	0.33802	404	0	0	0.19396	0.202	0	0.0489193	0	0.000234901	0
0.461469	0.33802	405	0	0	0.19396	0.2025	0	0.0487967	0	0.000243366	0
0.461469	0.33802	406	0	0	0.19396	0.203	0	0.0486741	0	0.000252549	0
0.461469	0.33802	407	0	0	0.19396	0.2035	0	0.0485513	0	0.000262546	0
0.461469	0.33802	408	0	0	0.19396	0.204	0	0.0484284	0	0.000273469	0
0.461469	0.33802	409	0	0	0.19396	0.2045	0	0.0483054	0	0.000285451	0
0.461469	0.33802	410	0	0	0.19396	0.205	0	0.0481823	0	0.000298653	0
0.461469	0.33802	411	0	0	0.19396	0.2055	0	0.0480591	0	0.000313271	0
0.461469	0.33802	412	0	0	0.19396	0.206	0	0.0479358	0	0.000329544	0
0.461469	0.33802	413	0	0	0.19396	0.2065	0	0.0478123	0	0.000347768	0
0.461469	0.33802	414	0	0	0.19396	0.207	0	0.0476888	0	0.000368315	0
0.461469	0.33802	415	0	0	0.19396	0.2075	0	0.0475652	0	0.000391658	0
0.461469	0.33802	416	0	0	0.19396	0.208	0	0.0474414	0	0.000418406	0
0.461469	0.33802	417	0	0	0.19396	0.2085	0	0.0473176	0	0.000449361	0
0.461469	0.33802	418	0	0	0.19396	0.209	0	0.0471936	0	0.000485598	0
0.461469	0.33802	419	0	0	0.19396	0.2095	0	0.0470695	0	0.00052859	0
0.461469	0.33802	420	0	0	0.19396	0.21	0	0.0469454	0	0.000580418	0
0.461469	0.33802	421	0	0	0.19396	0.2105	0	0.0468211	0	0.000644112	0
0.461469	0.33802	422	0	0	0.19396	0.211	0	0.0466968	0	0.000724269	0
0.461469	0.33802	423	0	0	0.19396	0.2115	0	0.0465723	0	0.00082821	0
0.461469	0.33802	424	0	0	0.19396	0.212	0	0.0464477	0	0.000968354	0
0.461469	0.33802	425	0	0	0.19396	0.2125	0	0.0463231	0	0.00116759	0
0.461469	0.33802	426	0	0	0.19396	0.213	0	0.0461983	0	0.00147325	0
0.461469	0.33802	427	0	0	0.19396	0.2135	0	0.0460734	0	0.00200164	0
0.461469	0.33802	428	0	0	0.19396	0.214	0	0.0459485	0	0.00313563	0
0.461469	0.33802	429	0	0	0.19396	0.2145	0	0.0458234	0	0.00731323	0
0.461469	0.33802	430	0	0	0.19396	0.215	0	0.0456983	0	-0.0213004	0
0.461469	0.33802	431	0	0	0.19396	0.2155	0	0.045573	0	-0.00430755	0
0.461469	0.33802	432	0	0	0.19396	0.216	0	0.0454477	0	-0.00238732	0
0.461469	0.33802	433	0	0	0.19396	0.2165	0	0.0453222	0	-0.00164707	0
0.461469	0.33802	434	0	0	0.19396	0.217	0	0.0451967	0	-0.00125479	0
0.461469	0.33802	435	0	0	0.19396	0.2175	0	0.0450711	0	-0.00101184	0
0.461469	0.33802	436	0	0	0.19396	0.218	0	0.0449454	0	-0.000846592	0
0.461469	0.33802	437	0	0	0.19396	0.2185	0	0.0448195	0	-0.000726911	0
0.461469	0.33802	438	0	0	0.19396	0.219	0	0.0446936	0	-0.000636239	0
0.461469	0.33802	439	0	0	0.19396	0.2195	0	0.0445677	0	-0.000565173	0
0.461469	0.33802	440	0	0	0.19396	0.22	0	0.0444416	0	-0.000507975	0
0.461469	0.33802	441	0	0	0.19396	0.2205	0	0.0443154	0	-0.000460951	0
0.461469	0.33802	442	0	0	0.19396	0.221	0	0.0441891	0	-0.000421609	0
0.461469	0.33802	443	0	0	0.19396	0.2215	0	0.0440628	0	-0.00038821	0
0.461469	0.33802	444	0	0	0.19396	0.222	0	0.0439364	0	-0.000359503	0
0.461469	0.33802	445	0	0	0.19396	0.2225	0	0.0438098	0	-0.000334567	0
0.461469	0.33802	446	0	0	0.19396	0.223	0	0.0436832	0	-0.000312704	0
0.461469	0.33802	447	0	0	0.19396	0.2235	0	0.0435565	0	-0.000293381	0
0.461469	0.33802	448	0	0	0.19396	0.224	0	0.0434297	0	-0.000276179	0
0.461469	0.33802	449	0	0	0.19396	0.2245	0	0.0433029	0	-0.000260769	0
0.461469	0.33802	450	0	0	0.19396	0.225	0	0.0431759	0	-0.000246885	0
0.461469	0.33802	451	0	0	0.19396	0.2255	0	0.0430489	0	-0.000234311	0
0.461469	0.33802	452	0	0	0.19396	0.226	0	0.0429218	0	-0.000222871	0
0.461469	0.33802	453	0	0	0.19396	0.2265	0	0.0427945	0	-0.000212419	0
0.461469	0.33802	454	0	0	0.19396	0.227	0	0.0426673	0	-0.000202832	0
0.461469	0.33802	455	0	0	0.19396	0.2275	0	0.0425399	0	-0.000194008	0
0.461469	0.33802	456	0	0	0.19396	0.228	0	0.0424124	0	-0.000185859	0
0.461469	0.33802	457	0	0	0.19396	0.2285	0	0.0422849	0	-0.000178311	0
0.461469	0.33802	458	0	0	0.19396	0.229	0	0.0421573	0	-0.0001713	0
0.461469	0.33802	459	0	0	0.19396	0.2295	0	0.0420296	0	-0.000164771	0
0.461469	0.33802	460	0	0	0.19396	0.23	0	0.0419018	0	-0.000158677	0
0.461469	0.33802	461	0	0	0.19396	0.2305	0	0.041774	0	-0.000152975	0
0.461469	0.33802	462	0	0	0.19396	0.231	0	0.041646	0	-0.000147628	0
0.461469	0.33802	463	0	0	0.19396	0.2315	0	0.041518	0	-0.000142606	0
0.461469	0.33802	464	0	0	0.19396	0.232	0	0.0413899	0	-0.000137879	0
0.461469	0.33802	465	0	0	0.19396	0.2325	0	0.0412617	0	-0.000133423	0
0.461469	0.33802	466	0	0	0.19396	0.233	0	0.0411335	0	-0.000129214	0
0.461469	0.33802	467	0	0	0.19396	0.2335	0	0.0410052	0	-0.000125234	0
0.461469	0.33802	468	0	0	0.19396	0.234	0	0.0408768	0	-0.000121463	0
0.461469	0.33802	469	0	0	0.19396	0.2345	0	0.0407483	0	-0.000117886	0
0.461469	0.33802	470	0	0	0.19396	0.235	0	0.0406198	0	-0.000114489	0
0.461469	0.33802	471	0	0	0.19396	0.2355	0	0.0404911	0	-0.000111259	0
0.461469	0.33802	472	0	0	0.19396	0.236	0	0.0403624	0	-0.000108182	0
0.461469	0.33802	473	0	0	0.19396	0.2365	0	0.0402337	0	-0.00010525	0
0.461469	0.33802	474	0	0	0.19396	0.237	0	0.0401048	0	-0.000102452	0
0.461469	0.33802	475	0	0	0.19396	0.2375	0	0.0399759	0	-9.97787e-05	0
0.461469	0.33802	476	0	0	0.19396	0.238	0	0.0398469	0	-9.72227e-05	0
0.461469	0.33802	477	0	0	0.19396	0.2385	0	0.0397178	0	-9.47763e-05	0
0.461469	0.33802	478	0	0	0.19396	0.239	0	0.0395887	0	-9.24326e-05	0
0.461469	0.33802	479	0	0	0.19396	0.2395	0	0.0394595	0	-9.01855e-05	0
0.461469	0.33802	480	0	0	0.19396	0.24	0	0.0393302	0	-8.8029e-05	0
0.461469	0.33802	481	0	0	0.19396	0.2405	0	0.0392009	0	-8.5958e-05	0
0.461469	0.33802	482	0	0	0.19396	0.241	0	0.0390714	0	-8.39674e-05	0
0.461469	0.33802	483	0	0	0.19396	0.2415	0	0.0389419	0	-8.20528e-05	0
0.461469	0.33802	484	0	0	0.19396	0.242	0	0.0388124	0	-8.02099e-05	0
0.461469	0.33802	485	0	0	0.19396	0.2425	0	0.0386828	0	-7.84349e-05	0
0.461469	0.33802	486	0	0	0.19396	0.243	0	0.0385531	0	-7.6724e-05	0
0.461469	0.33802	487	0	0	0.19396	0.2435	0	0.0384233	0	-7.50739e-05	0
0.461469	0.33802	488	0	0	0.19396	0.244	0	0.0382935	0	-7.34815e-05	0
0.461469	0.33802	489	0	0	0.19396	0.2445	0	0.0381636	0	-7.19439e-05	0
0.461469	0.33802	490	0	0	0.19396	0.245	0	0.0380336	0	-7.04583e-05	0
0.461469	0.33802	491	0	0	0.19396	0.2455	0	0.0379036	0	-6.90221e-05	0
0.461469	0.33802	492	0	0	0.19396	0.246	0	0.0377735	0	-6.7633e-05	0
0.461469	0.33802	493	0	0	0.19396	0.2465	0	0.0376433	0	-6.62887e-05	0
0.461469	0.33802	494	0	0	0.19396	0.247	0	0.0375131	0	-6.49871e-05	0
0.461469	0.33802	495	0	0	0.19396	0.2475	0	0.0373828	0	-6.37262e-05	0
0.461469	0.33802	496	0	0	0.19396	0.248	0	0.0372524	0	-6.25043e-05	0
0.461469	0.33802	497	0	0	0.19396	0.2485	0	0.037122	0	-6.13195e-05	0
0.461469	0.33802	498	0	0	0.19396	0.249	0	0.0369915	0	-6.01701e-05	0
0.461469	0.33802	499	0	0	0.19396	0.2495	0	0.0368609	0	-5.90548e-05	0
0.461469	0.33802	500	0	0	0.19396	0.25	0	0.0367303	0	-5.79719e-05	0
0.461469	0.33802	501	0	0	0.19396	0.2505	0	0.0365996	0	-5.69202e-05	0
0.461469	0.33802	502	0	0	0.19396	0.251	0	0.0364689	0	-5.58983e-05	0
0.461469	0.33802	503	0	0	0.19396	0.2515	0	0.0363381	0	-5.4905e-05	0
0.461469	0.33802	504	0	0	0.19396	0.252	0	0.0362072	0	-5.39391e-05	0
0.461469	0.33802	505	0	0	0.19396	0.2525	0	0.0360763	0	-5.29995e-05	0
0.461469	0.33802	506	0	0	0.19396	0.253	0	0.0359453	0	-5.20852e-05	0
0.461469	0.33802	507	0	0	0.19396	0.2535	0	0.0358142	0	-5.11952e-05	0
0.461469	0.33802	508	0	0	0.19396	0.254	0	0.0356831	0	-5.03286e-05	0
0.461469	0.33802	509	0	0	0.19396	0.2545	0	0.0355519	0	-4.94845e-05	0
0.461469	0.33802	510	0	0	0.19396	0.255	0	0.0354207	0	-4.86619e-05	0
0.461469	0.33802	511	0	0	0.19396	0.2555	0	0.0352894	0	-4.78602e-05	0
0.461469	0.33802	512	0	0	0.19396	0.256	0	0.0351581	0	-4.70785e-05	0
0.461469	0.33802	513	0	0	0.19396	0.2565	0	0.0350266	0	-4.63162e-05	0
0.461469	0.33802	514	0	0	0.19396	0.257	0	0.0348952	0	-4.55724e-05	0
0.461469	0.33802	515	0	0	0.19396	0.2575	0	0.0347636	0	-4.48466e-05	0
0.461469	0.33802	516	0	0	0.19396	0.258	0	0.0346321	0	-4.41381e-05	0
0.461469	0.33802	517	0	0	0.19396	0.2585	0	0.0345004	0	-4.34463e-05	0
0.461469	0.33802	518	0	0	0.19396	0.259	0	0.0343687	0	-4.27706e-05	0
0.461469	0.33802	519	0	0	0.19396	0.2595	0	0.0342369	0	-4.21104e-05	0
0.461469	0.33802	520	0	0	0.19396	0.26	0	0.0341051	0	-4.14652e-05	0
0.461469	0.33802	521	0	0	0.19396	0.2605	0	0.0339733	0	-4.08344e-05	0
0.461469	0.33802	522	0	0	0.19396	0.261	0	0.0338413	0	-4.02176e-05	0
0.461469	0.33802	523	0	0	0.19396	0.2615	0	0.0337093	0	-3.96143e-05	0
0.461469	0.33802	524	0	0	0.19396	0.262	0	0.0335773	0	-3.90239e-05	0
0.461469	0.33802	525	0	0	0.19396	0.2625	0	0.0334452	0	-3.84461e-05	0
0.461469	0.33802	526	0	0	0.19396	0.263	0	0.0333131	0	-3.78803e-05	0
0.461469	0.33802	527	0	0	0.19396	0.2635	0	0.0331809	0	-3.73262e-05	0
0.461469	0.33802	528	0	0	0.19396	0.264	0	0.0330486	0	-3.67833e-05	0
0.461469	0.33802	529	0	0	0.19396	0.2645	0	0.0329163	0	-3.62512e-05	0
0.461469	0.33802	530	0	0	0.19396	0.265	0	0.0327839	0	-3.57296e-05	0
0.461469	0.33802	531	0	0	0.19396	0.2655	0	0.0326515	0	-3.52181e-05	0
0.461469	0.33802	532	0	0	0.19396	0.266	0	0.032519	0	-3.47163e-05	0
0.461469	0.33802	533	0	0	0.19396	0.2665	0	0.0323865	0	-3.42238e-05	0
0.461469	0.33802	534	0	0	0.19396	0.267	0	0.0322539	0	-3.37405e-05	0
0.461469	0.33802	535	0	0	0.19396	0.2675	0	0.0321213	0	-3.32659e-05	0
0.461469	0.33802	536	0	0	0.19396	0.268	0	0.0319886	0	-3.27998e-05	0
0.461469	0.33802	537	0	0	0.19396	0.2685	0	0.0318558	0	-3.23418e-05	0
0.461469	0.33802	538	0	0	0.19396	0.269	0	0.0317231	0	-3.18917e-05	0
0.461469	0.33802	539	0	0	0.19396	0.2695	0	0.0315902	0	-3.14493e-05	0
0.461469	0.33802	540	0	0	0.19396	0.27	0	0.0314573	0	-3.10142e-05	0
0.461469	0.33802	541	0	0	0.19396	0.2705	0	0.0313244	0	-3.05863e-05	0
0.461469	0.33802	542	0	0	0.19396	0.271	0	0.0311914	0	-3.01653e-05	0
0.461469	0.33802	543	0	0	0.19396	0.2715	0	0.0310583	0	-2.9751e-05	0
0.461469	0.33802	544	0	0	0.19396	0.272	0	0.0309253	0	-2.93432e-05	0
0.461469	0.33802	545	0	0	0.19396	0.2725	0	0.0307921	0	-2.89417e-05	0
0.461469	0.33802	546	0	0	0.19396	0.273	0	0.0306589	0	-2.85463e-05	0
0.461469	0.33802	547	0	0	0.19396	0.2735	0	0.0305257	0	-2.81568e-05	0
0.461469	0.33802	548	0	0	0.19396	0.274	0	0.0303924	0	-2.77731e-05	0
0.461469	0.33802	549	0	0	0.19396	0.2745	0	0.030259	0	-2.7395e-05	0
0.461469	0.33802	550	0	0	0.19396	0.275	0	0.0301257	0	-2.70224e-05	0
0.461469	0.33802	551	0	0	0.19396	0.2755	0	0.0299922	0	-2.66551e-05	0
0.461469	0.33802	552	0	0	0.19396	0.276	0	0.0298587	0	-2.6293e-05	0
0.461469	0.33802	553	0	0	0.19396	0.2765	0	0.0297252	0	-2.59359e-05	0
0.461469	0.33802	554	0	0	0.19396	0.277	0	0.0295916	0	-2.55837e-05	0
0.461469	0.33802	555	0	0	0.19396	0.2775	0	0.029458	0	-2.52363e-05	0
0.461469	0.33802	556	0	0	0.19396	0.278	0	0.0293243	0	-2.48935e-05	0
0.461469	0.33802	557	0	0	0.19396	0.2785	0	0.0291906	0	-2.45554e-05	0
0.461469	0.33802	558	0	0	0.19396	0.279	0	0.0290568	0	-2.42217e-05	0
0.461469	0.33802	559	0	0	0.19396	0.2795	0	0.028923	0	-2.38924e-05	0
0.461469	0.33802	560	0	0	0.19396	0.28	0	0.0287892	0	-2.35674e-05	0
0.461469	0.33802	561	0	0	0.19396	0.2805	0	0.0286553	0	-2.32465e-05	0
0.461469	0.33802	562	0	0	0.19396	0.281	0	0.0285213	0	-2.29298e-05	0
0.461469	0.33802	563	0	0	0.19396	0.2815	0	0.0283873	0	-2.26171e-05	0
0.461469	0.33802	564	0	0	0.19396	0.282	0	0.0282533	0	-2.23083e-05	0
0.461469	0.33802	565	0	0	0.19396	0.2825	0	0.0281192	0	-2.20033e-05	0
0.461469	0.33802	566	0	0	0.19396	0.283	0	0.027985	0	-2.17022e-05	0
0.461469	0.33802	567	0	0	0.19396	0.2835	0	0.0278509	0	-2.14047e-05	0
0.461469	0.33802	568	0	0	0.19396	0.284	0	0.0277166	0	-2.1111e-05	0
0.461469	0.33802	569	0	0	0.19396	0.2845	0	0.0275824	0	-2.08208e-05	0
0.461469	0.33802	570	0	0	0.19396	0.285	0	0.0274481	0	-2.05341e-05	0
0.461469	0.33802	571	0	0	0.19396	0.2855	0	0.0273137	0	-2.02509e-05	0
0.461469	0.33802	572	0	0	0.19396	0.286	0	0.0271793	0	-1.99711e-05	0
0.461469	0.33802	573	0	0	0.19396	0.2865	0	0.0270449	0	-1.96946e-05	0
0.461469	0.33802	574	0	0	0.19396	0.287	0	0.0269104	0	-1.94215e-05	0
0.461469	0.33802	575	0	0	0.19396	0.2875	0	0.0267759	0	-1.91516e-05	0
0.461469	0.33802	576	0	0	0.19396	0.288	0	0.0266413	0	-1.88848e-05	0
0.461469	0.33802	577	0	0	0.19396	0.2885	0	0.0265067	0	-1.86213e-05	0
0.461469	0.33802	578	0	0	0.19396	0.289	0	0.0263721	0	-1.83608e-05	0
0.461469	0.33802	579	0	0	0.19396	0.2895	0	0.0262374	0	-1.81033e-05	0
0.461469	0.33802	580	0	0	0.19396	0.29	0	0.0261026	0	-1.78489e-05	0
0.461469	0.33802	581	0	0	0.19396	0.2905	0	0.0259678	0	-1.75974e-05	0
0.461469	0.33802	582	0	0	0.19396	0.291	0	0.025833	0	-1.73489e-05	0
0.461469	0.33802	583	0	0	0.19396	0.2915	0	0.0256982	0	-1.71032e-05	0
0.461469	0.33802	584	0	0	0.19396	0.292	0	0.0255633	0	-1.68603e-05	0
0.461469	0.33802	585	0	0	0.19396	0.2925	0	0.0254283	0	-1.66202e-05	0
0.461469	0.33802	586	0	0	0.19396	0.293	0	0.0252933	0	-1.63829e-05	0
0.461469	0.33802	587	0	0	0.19396	0.2935	0	0.0251583	0	-1.61484e-05	0
0.461469	0.33802	588	0	0	0.19396	0.294	0	0.0250233	0	-1.59164e-05	0
0.461469	0.33802	589	0	0	0.19396	0.2945	0	0.0248882	0	-1.56872e-05	0
0.461469	0.33802	590	0	0	0.19396	0.295	0	0.024753	0	-1.54605e-05	0
0.461469	0.33802	591	0	0	0.19396	0.2955	0	0.0246178	0	-1.52364e-05	0
0.461469	0.33802	592	0	0	0.19396	0.296	0	0.0244826	0	-1.50149e-05	0
0.461469	0.33802	593	0	0	0.19396	0.2965	0	0.0243474	0	-1.47958e-05	0
0.461469	0.33802	594	0	0	0.19396	0.297	0	0.0242121	0	-1.45793e-05	0
0.461469	0.33802	595	0	0	0.19396	0.2975	0	0.0240767	0	-1.43651e-05	0
0.461469	0.33802	596	0	0	0.19396	0.298	0	0.0239413	0	-1.41534e-05	0
0.461469	0.33802	597	0	0	0.19396	0.2985	0	0.0238059	0	-1.39441e-05	0
0.461469	0.33802	598	0	0	0.19396	0.299	0	0.0236705	0	-1.37371e-05	0
0.461469	0.33802	599	0	0	0.19396	0.2995	0	0.023535	0	-1.35324e-05	0
0.461469	0.33802	600	0	0	0.19396	0.3	0	0.0233995	0	-1.333e-05	0
0.461469	0.33802	601	0	0	0.19396	0.3005	0	0.0232639	0	-1.31299e-05	0
0.461469	0.33802	602	0	0	0.19396	0.301	0	0.0231283	0	-1.29319e-05	0
0.461469	0.33802	603	0	0	0.19396	0.3015	0	0.0229926	0	-1.27362e-05	0
0.461469	0.33802	604	0	0	0.19396	0.302	0	0.022857	0	-1.25427e-05	0
0.461469	0.33802	605	0	0	0.19396	0.3025	0	0.0227212	0	-1.23513e-05	0
0.461469	0.33802	606	0	0	0.19396	0.303	0	0.0225855	0	-1.2162e-05	0
0.461469	0.33802	607	0	0	0.19396	0.3035	0	0.0224497	0	-1.19749e-05	0
0.461469	0.33802	608	0	0	0.19396	0.304	0	0.0223139	0	-1.17898e-05	0
0.461469	0.33802	609	0	0	0.19396	0.3045	0	0.022178	0	-1.16067e-05	0
0.461469	0.33802	610	0	0	0.19396	0.305	0	0.0220421	0	-1.14256e-05	0
0.461469	0.33802	611	0	0	0.19396	0.3055	0	0.0219062	0	-1.12466e-05	0
0.461469	0.33802	612	0	0	0.19396	0.306	0	0.0217702	0	-1.10695e-05	0
0.461469	0.33802	613	0	0	0.19396	0.3065	0	0.0216342	0	-1.08943e-05	0
0.461469	0.33802	614	0	0	0.19396	0.307	0	0.0214982	0	-1.07211e-05	0
0.461469	0.33802	615	0	0	0.19396	0.3075	0	0.0213621	0	-1.05498e-05	0
0.461469	0.33802	616	0	0	0.19396	0.308	0	0.021226	0	-1.03803e-05	0
0.461469	0.33802	617	0	0	0.19396	0.3085	0	0.0210898	0	-1.02127e-05	0
0.461469	0.33802	618	0	0	0.19396	0.309	0	0.0209536	0	-1.00469e-05	0
0.461469	0.33802	619	0	0	0.19396	0.3095	0	0.0208174	0	-9.8829e-06	0
0.461469	0.33802	620	0	0	0.19396	0.31	0	0.0206812	0	-9.7207e-06	0
0.461469	0.33802	621	0	0	0.19396	0.3105	0	0.0205449	0	-9.56026e-06	0
0.461469	0.33802	622	0	0	0.19396	0.311	0	0.0204086	0	-9.40156e-06	0
0.461469	0.33802	623	0	0	0.19396	0.3115	0	0.0202722	0	-9.24458e-06	0
0.461469	0.33802	624	0	0	0.19396	0.312	0	0.0201358	0	-9.0893e-06	0
0.461469	0.33802	625	0	0	0.19396	0.3125	0	0.0199994	0	-8.9357e-06	0
0.461469	0.33802	626	0	0	0.19396	0.313	0	0.019863	0	-8.78376e-06	0
0.461469	0.33802	627	0	0	0.19396	0.3135	0	0.0197265	0	-8.63346e-06	0
0.461469	0.33802	628	0	0	0.19396	0.314	0	0.01959	0	-8.48478e-06	0
0.461469	0.33802	629	1	0	0.19396	0.3145	0	0.0194534	0	-8.3377e-06	0
0.461469	0.33802	630	1	0	0.19396	0.315	0	0.0193168	0	-8.19221e-06	0
0.461469	0.33802	631	1	0	0.19396	0.3155	0	0.0191802	0	-8.04828e-06	0
0.461469	0.33802	632	1	0	0.19396	0.316	0	0.0190435	0	-7.90591e-06	0
0.461469	0.33802	633	1	0	0.19396	0.3165	0	0.0189069	0	-7.76506e-06	0
0.461469	0.33802	634	1	0	0.19396	0.317	0	0.0187701	0	-7.62572e-06	0
0.461469	0.33802	635	1	0	0.19396	0.3175	0	0.0186334	0	-7.48788e-06	0
0.461469	0.33802	636	1	0	0.19396	0.318	0	0.0184966	0	-7.35152e-06	0
0.461469	0.33802	637	1	0	0.19396	0.3185	0	0.0183598	0	-7.21662e-06	0
0.461469	0.33802	638	1	0	0.19396	0.319	0	0.0182229	0	-7.08317e-06	0
0.461469	0.33802	639	1	0	0.19396	0.3195	0	0.0180861	0	-6.95115e-06	0
0.461469	0.33802	640	1	0	0.19396	0.32	0	0.0179492	0	-6.82055e-06	0
0.461469	0.33802	641	1	0	0.19396	0.3205	0	0.0178122	0	-6.69135e-06	0
0.461469	0.33802	642	1	0	0.19396	0.321	0	0.0176752	0	-6.56353e-06	0
0.461469	0.33802	643	1	0	0.19396	0.3215	0	0.0175382	0	-6.43709e-06	0
0.461469	0.33802	644	1	0	0.19396	0.322	0	0.0174012	0	-6.312e-06	0
0.461469	0.33802	645	1	0	0.19396	0.3225	0	0.0172641	0	-6.18825e-06	0
0.461469	0.33802	646	1	0	0.19396	0.323	0	0.0171271	0	-6.06584e-06	0
0.461469	0.33802	647	1	0	0.19396	0.3235	0	0.0169899	0	-5.94474e-06	0
0.461469	0.33802	648	1	0	0.19396	0.324	0	0.0168528	0	-5.82494e-06	0
0.461469	0.33802	649	1	0	0.19396	0.3245	0	0.0167156	0	-5.70644e-06	0
0.461469	0.33802	650	1	0	0.19396	0.325	0	0.0165784	0	-5.58921e-06	0
0.461469	0.33802	651	1	0	0.19396	0.3255	0	0.0164411	0	-5.47325e-06	0
0.461469	0.33802	652	1	0	0.19396	0.326	0	0.0163038	0	-5.35855e-06	0
0.461469	0.33802	653	1	0	0.19396	0.3265	0	0.0161665	0	-5.24509e-06	0
0.461469	0.33802	654	1	0	0.19396	0.327	0	0.0160292	0	-5.13286e-06	0
0.461469	0.33802	655	1	0	0.19396	0.3275	0	0.0158918	0	-5.02185e-06	0
0.461469	0.33802	656	1	0	0.19396	0.328	0	0.0157544	0	-4.91205e-06	0
0.461469	0.33802	657	1	0	0.19396	0.3285	0	0.015617	0	-4.80346e-06	0
0.461469	0.33802	658	1	0	0.19396	0.329	0	0.0154796	0	-4.69606e-06	0
0.461469	0.33802	659	1	0	0.19396	0.3295	0	0.0153421	0	-4.58984e-06	0
0.461469	0.33802	660	1	0	0.19396	0.33	0	0.0152046	0	-4.48479e-06	0
0.461469	0.33802	661	1	0	0.19396	0.3305	0	0.015067	0	-4.38091e-06	0
0.461469	0.33802	662	1	0	0.19396	0.331	0	0.0149295	0	-4.27818e-06	0
0.461469	0.33802	663	1	0	0.19396	0.3315	0	0.0147919	0	-4.1766e-06	0
0.461469	0.33802	664	1	0	0.19396	0.332	0	0.0146542	0	-4.07616e-06	0
0.461469	0.33802	665	1	0	0.19396	0.3325	0	0.0145166	0	-3.97686e-06	0
0.461469	0.33802	666	1	0	0.19396	0.333	0	0.0143789	0	-3.87868e-06	0
0.461469	0.33802	667	1	0	0.19396	0.3335	0	0.0142412	0	-3.78162e-06	0
0.461469	0.33802	668	1	0	0.19396	0.334	0	0.0141035	0	-3.68568e-06	0
0.461469	0.33802	669	1	0	0.19396	0.3345	0	0.0139657	0	-3.59084e-06	0
0.461469	0.33802	670	1	0	0.19396	0.335	0	0.0138279	0	-3.49711e-06	0
0.461469	0.33802	671	1	0	0.19396	0.3355	0	0.0136901	0	-3.40448e-06	0
0.461469	0.33802	672	1	0	0.19396	0.336	0	0.0135522	0	-3.31294e-06	0
0.461469	0.33802	673	1	0	0.19396	0.3365	0	0.0134144	0	-3.22248e-06	0
0.461469	0.33802	674	1	0	0.19396	0.337	0	0.0132765	0	-3.13312e-06	0
0.461469	0.33802	675	1	0	0.19396	0.3375	0	0.0131385	0	-3.04484e-06	0
0.461469	0.33802	676	1	0	0.19396	0.338	0	0.0130006	0	-2.95763e-06	0
0.461469	0.33802	677	1	0	0.19396	0.3385	0	0.0128626	0	-2.87151e-06	0
0.461469	0.33802	678	1	0	0.19396	0.339	0	0.0127246	0	-2.78646e-06	0
0.461469	0.33802	679	1	0	0.19396	0.3395	0	0.0125866	0	-2.70248e-06	0
0.461469	0.33802	680	1	0	0.19396	0.34	0	0.0124485	0	-2.61958e-06	0
0.461469	0.33802	681	1	0	0.19396	0.3405	0	0.0123104	0	-2.53775e-06	0
0.461469	0.33802	682	1	0	0.19396	0.341	0	0.0121723	0	-2.457e-06	0
0.461469	0.33802	683	1	0	0.19396	0.3415	0	0.0120342	0	-2.37732e-06	0
0.461469	0.33802	684	1	0	0.19396	0.342	0	0.011896	0	-2.29871e-06	0
0.461469	0.33802	685	1	0	0.19396	0.3425	0	0.0117578	0	-2.22119e-06	0
0.461469	0.33802	686	1	0	0.19396	0.343	0	0.0116196	0	-2.14474e-06	0
0.461469	0.33802	687	1	0	0.19396	0.3435	0	0.0114813	0	-2.06937e-06	0
0.461469	0.33802	688	1	0	0.19396	0.344	0	0.0113431	0	-1.99509e-06	0
0.461469	0.33802	689	1	0	0.19396	0.3445	0	0.0112048	0	-1.9219e-06	0
0.461469	0.33802	690	1	0	0.19396	0.345	0	0.0110664	0	-1.8498e-06	0
0.461469	0.33802	691	1	0	0.19396	0.3455	0	0.0109281	0	-1.7788e-06	0
0.461469	0.33802	692	1	0	0.19396	0.346	0	0.0107897	0	-1.70891e-06	0
0.461469	0.33802	693	1	0	0.19396	0.3465	0	0.0106513	0	-1.64013e-06	0
0.461469	0.33802	694	1	0	0.19396	0.347	0	0.0105129	0	-1.57247e-06	0
0.461469	0.33802	695	1	0	0.19396	0.3475	0	0.0103745	0	-1.50593e-06	0
0.461469	0.33802	696	1	0	0.19396	0.348	0	0.010236	0	-1.44053e-06	0
0.461469	0.33802	697	1	0	0.19396	0.3485	0	0.0100975	0	-1.37628e-06	0
0.461469	0.33802	698	1	0	0.19396	0.349	0	0.00995898	0	-1.31318e-06	0
0.461469	0.33802	699	1	0	0.19396	0.3495	0	0.00982044	0	-1.25125e-06	0
0.461469	0.33802	700	1	0	0.19396	0.35	0	0.00968187	0	-1.19049e-06	0
0.461469	0.33802	701	1	0	0.19396	0.3505	0	0.00954328	0	-1.13093e-06	0
0.461469	0.33802	702	1	0	0.19396	0.351	0	0.00940466	0	-1.07256e-06	0
0.461469	0.33802	703	1	0	0.19396	0.3515	0	0.00926602	0	-1.01541e-06	0
0.461469	0.33802	704	1	0	0.19396	0.352	0	0.00912735	0	-9.59497e-07	0
0.461469	0.33802	705	1	0	0.19396	0.3525	0	0.00898867	0	-9.04825e-07	0
0.461469	0.33802	706	1	0	0.19396	0.353	0	0.00884995	0	-8.51415e-07	0
0.461469	0.33802	707	1	0	0.19396	0.3535	0	0.00871122	0	-7.99284e-07	0
0.461469	0.33802	708	1	0	0.19396	0.354	0	0.00857246	0	-7.48449e-07	0
0.461469	0.33802	709	1	0	0.19396	0.3545	0	0.00843367	0	-6.98928e-07	0
0.461469	0.33802	710	1	0	0.19396	0.355	0	0.00829487	0	-6.5074e-07	0
0.461469	0.33802	711	1	0	0.19396	0.3555	0	0.00815604	0	-6.03905e-07	0
0.461469	0.33802	712	1	0	0.19396	0.356	0	0.00801719	0	-5.58443e-07	0
0.461469	0.33802	713	1	0	0.19396	0.3565	0	0.00787831	0	-5.14376e-07	0
0.461469	0.33802	714	1	0	0.19396	0.357	0	0.00773941	0	-4.71724e-07	0
0.461469	0.33802	715	1	0	0.19396	0.3575	0	0.00760049	0	-4.30509e-07	0
0.461469	0.33802	716	1	0	0.19396	0.358	0	0.00746154	0	-3.90755e-07	0
0.461469	0.33802	717	1	0	0.19396	0.3585	0	0.00732258	0	-3.52483e-07	0
0.461469	0.33802	718	1	0	0.19396	0.359	0	0.00718359	0	-3.15716e-07	0
0.461469	0.33802	719	1	0	0.19396	0.3595	0	0.00704458	0	-2.80477e-07	0
0.461469	0.33802	720	1	0	0.19396	0.36	0	0.00690554	0	-2.4679e-07	0
0.461469	0.33802	721	1	0	0.19396	0.3605	0	0.00676648	0	-2.14676e-07	0
0.461469	0.33802	722	1	0	0.19396	0.361	0	0.0066274	0	-1.84158e-07	0
0.461469	0.33802	723	1	0	0.19396	0.3615	0	0.0064883	0	-1.55258e-07	0
0.461469	0.33802	724	1	0	0.19396	0.362	0	0.00634918	0	-1.27996e-07	0
0.461469	0.33802	725	1	0	0.19396	0.3625	0	0.00621003	0	-1.02391e-07	0
0.461469	0.33802	726	1	0	0.19396	0.363	0	0.00607087	0	-7.84605e-08	0
0.461469	0.33802	727	1	0	0.19396	0.3635	0	0.00593168	0	-5.62211e-08	0
0.461469	0.33802	728	1	0	0.19396	0.364	0	0.00579247	0	-3.56858e-08	0
0.461469	0.33802	729	1	0	0.19396	0.3645	0	0.00565323	0	-1.68648e-08	0
0.461469	0.33802	730	1	0	0.19396	0.365	0	0.00551398	0	2.34896e-10	0
0.461469	0.33802	731	1	0	0.19396	0.3655	0	0.0053747	0	1.56106e-08	0
0.461469	0.33802	732	1	0	0.19396	0.366	0	0.00523541	0	2.92642e-08	0
0.461469	0.33802	733	1	0	0.19396	0.3665	0	0.00509609	0	4.12033e-08	0
0.461469	0.33802	734	1	0	0.19396	0.367	0	0.00495675	0	5.14417e-08	0
0.461469	0.33802	735	1	0	0.19396	0.3675	0	0.00481739	0	6.00005e-08	0
0.461469	0.33802	736	1	0	0.19396	0.368	0	0.004678	0	6.6909e-08	0
0.461469	0.33802	737	1	0	0.19396	0.3685	0	0.0045386	0	7.22058e-08	0
0.461469	0.33802	738	1	0	0.19396	0.369	0	0.00439918	0	7.59393e-08	0
0.461469	0.33802	739	1	0	0.19396	0.3695	0	0.00425973	0	7.81698e-08	0
0.461469	0.33802	740	1	0	0.19396	0.37	0	0.00412027	0	7.89693e-08	0
0.461469	0.33802	741	1	0	0.19396	0.3705	0	0.00398078	0	7.84236e-08	0
0.461469	0.33802	742	1	0	0.19396	0.371	0	0.00384128	0	7.66322e-08	0
0.461469	0.33802	743	1	0	0.19396	0.3715	0	0.00370175	0	7.37098e-08	0
0.461469	0.33802	744	1	0	0.19396	0.372	0	0.0035622	0	6.97859e-08	0
0.461469	0.33802	745	1	0	0.19396	0.3725	0	0.00342263	0	6.50053e-08	0
0.461469	0.33802	746	1	0	0.19396	0.373	0	0.00328305	0	5.95272e-08	0
0.461469	0.33802	747	1	0	0.19396	0.3735	0	0.00314344	0	5.35239e-08	0
0.461469	0.33802	748	1	0	0.19396	0.374	0	0.00300381	0	4.71784e-08	0
0.461469	0.33802	749	1	0	0.19396	0.3745	0	0.00286416	0	4.06808e-08	0
0.461469	0.33802	750	1	0	0.19396	0.375	0	0.0027245	0	3.42239e-08	0
0.461469	0.33802	751	1	0	0.19396	0.3755	0	0.00258481	0	2.79962e-08	0
0.461469	0.33802	752	1	0	0.19396	0.376	0	0.0024451	0	2.21745e-08	0
0.461469	0.33802	753	1	0	0.19396	0.3765	0	0.00230537	0	1.69146e-08	0
0.461469	0.33802	754	1	0	0.19396	0.377	0	0.00216563	0	1.23409e-08	0
0.461469	0.33802	755	1	0	0.19396	0.3775	0	0.00202586	0	8.53644e-09	0
0.461469	0.33802	756	1	0	0.19396	0.378	0	0.00188607	0	5.53404e-09	0
0.461469	0.33802	757	1	0	0.19396	0.3785	0	0.00174627	0	3.31128e-09	0
0.461469	0.33802	758	1	0	0.19396	0.379	0	0.00160644	0	1.79118e-09	0
0.461469	0.33802	759	1	0	0.19396	0.3795	0	0.0014666	0	8.51129e-10	0
0.461469	0.33802	760	1	0	0.19396	0.38	0	0.00132674	0	3.41019e-10	0
0.461469	0.33802	761	1	0	0.19396	0.3805	0	0.00118685	0	1.08458e-10	0
0.461469	0.33802	762	1	0	0.19396	0.381	0	0.00104695	0	2.49522e-11	0
0.461469	0.33802	763	1	0	0.19396	0.3815	0	0.000907033	0	3.57272e-12	0
0.461469	0.33802	764	1	0	0.19396	0.382	0	0.000767094	0	2.45328e-13	0
0.461469	0.33802	765	1	0	0.19396	0.3825	0	0.000627136	0	4.92955e-15	0
0.461469	0.33802	766	1	0	0.19396	0.383	0	0.000487159	0	1.00074e-17	0
0.461469	0.33802	767	1	0	0.19396	0.3835	0	0.000347164	0	1.26897e-22	0
0.461469	0.33802	768	1	0	0.19396	0.384	0	0.00020715	0	3.2868e-34	0
0.461469	0.33802	769	1	0	0.19396	0.3845	0	6.71178e-05	0	1.70171e-94	0
0.461469	0.33802	770	1	0	0.19396	0.385	0	-7.2933e-05	0	0	0
0.461469	0.33802	771	1	0	0.19396	0.3855	0	-0.000213002	0	0	0
0.461469	0.33802	772	1	0	0.19396	0.386	0	-0.00035309	0	0	0
0.461469	0.33802	773	1	0	0.19396	0.3865	0	-0.000493196	0	0	0
0.461469	0.33802	774	1	0	0.19396	0.387	0	-0.00063332	0	0	0
0.461469	0.33802	775	1	0	0.19396	0.3875	0	-0.000773462	0	0	0
0.461469	0.33802	776	1	0	0.19396	0.388	0	-0.000913622	0	0	0
0.461469	0.33802	777	1	0	0.19396	0.3885	0	-0.0010538	0	0	0
0.461469	0.33802	778	1	0	0.19396	0.389	0	-0.001194	0	0	0
0.461469	0.33802	779	1	0	0.19396	0.3895	0	-0.00133421	0	0	0
0.461469	0.33802	780	1	0	0.19396	0.39	0	-0.00147444	0	0	0
0.461469	0.33802	781	1	0	0.19396	0.3905	0	-0.00161469	0	0	0
0.461469	0.33802	782	1	0	0.19396	0.391	0	-0.00175496	0	0	0
0.461469	0.33802	783	1	0	0.19396	0.3915	0	-0.00189524	0	0	0
0.461469	0.33802	784	1	0	0.19396	0.392	0	-0.00203554	0	0	0
0.461469	0.33802	785	1	0	0.19396	0.3925	0	-0.00217586	0	0	0
0.461469	0.33802	786	1	0	0.19396	0.393	0	-0.0023162	0	0	0
0.461469	0.33802	787	1	0	0.19396	0.3935	0	-0.00245656	0	0	0
0.461469	0.33802	788	1	0	0.19396	0.394	0	-0.00259693	0	0	0
0.461469	0.33802	789	1	0	0.19396	0.3945	0	-0.00273732	0	0	0
0.461469	0.33802	790	1	0	0.19396	0.395	0	-0.00287772	0	0	0
0.461469	0.33802	791	1	0	0.19396	0.3955	0	-0.00301814	0	0	0
0.461469	0.33802	792	1	0	0.19396	0.396	0	-0.00315858	0	0	0
0.461469	0.33802	793	1	0	0.19396	0.3965	0	-0.00329904	0	0	0
0.461469	0.33802	794	1	0	0.19396	0.397	0	-0.00343951	0	0	0
0.461469	0.33802	795	1	0	0.19396	0.3975	0	-0.00358001	0	0	0
0.461469	0.33802	796	1	0	0.19396	0.398	0	-0.00372051	0	0	0
0.461469	0.33802	797	1	0	0.19396	0.3985	0	-0.00386104	0	0	0
0.461469	0.33802	798	1	0	0.19396	0.399	0	-0.00400158	0	0	0
0.461469	0.33802	799	1	0	0.19396	0.3995	0	-0.00414213	0	0	0
0.461469	0.33802	800	1	0	0.19396	0.4	0	-0.00428271	0	0	0
0.461469	0.33802	801	1	0	0.19396	0.4005	0	-0.0044233	0	0	0
0.461469	0.33802	802	1	0	0.19396	0.401	0	-0.0045639	0	0	0
0.461469	0.33802	803	1	0	0.19396	0.4015	0	-0.00470453	0	0	0
0.461469	0.33802	804	1	0	0.19396	0.402	0	-0.00484517	0	0	0
0.461469	0.33802	805	1	0	0.19396	0.4025	0	-0.00498582	0	0	0
0.461469	0.33802	806	1	0	0.19396	0.403	0	-0.00512649	0	0	0
0.461469	0.33802	807	1	0	0.19396	0.4035	0	-0.00526718	0	0	0
0.461469	0.33802	808	1	0	0.19396	0.404	0	-0.00540789	0	0	0
0.461469	0.33802	809	1	0	0.19396	0.4045	0	-0.0055486	0	0	0
0.461469	0.33802	810	1	0	0.19396	0.405	0	-0.00568934	0	0	0
0.461469	0.33802	811	1	0	0.19396	0.4055	0	-0.00583009	0	0	0
0.461469	0.33802	812	1	0	0.19396	0.406	0	-0.00597086	0	0	0
0.461469	0.33802	813	1	0	0.19396	0.4065	0	-0.00611164	0	0	0
0.461469	0.33802	814	1	0	0.19396	0.407	0	-0.00625244	0	0	0
0.461469	0.33802	815	1	0	0.19396	0.4075	0	-0.00639326	0	0	0
0.461469	0.33802	816	1	0	0.19396	0.408	0	-0.00653409	0	0	0
0.461469	0.33802	817	1	0	0.19396	0.4085	0	-0.00667493	0	0	0
0.461469	0.33802	818	1	0	0.19396	0.409	0	-0.00681579	0	0	0
0.461469	0.33802	819	1	0	0.19396	0.4095	0	-0.00695667	0	0	0
0.461469	0.33802	820	1	0	0.19396	0.41	0	-0.00709756	0	0	0
0.461469	0.33802	821	1	0	0.19396	0.4105	0	-0.00723847	0	0	0
0.461469	0.33802	822	1	0	0.19396	0.411	0	-0.00737939	0	0	0
0.461469	0.33802	823	1	0	0.19396	0.4115	0	-0.00752033	0	0	0
0.461469	0.33802	824	1	0	0.19396	0.412	0	-0.00766128	0	0	0
0.461469	0.33802	825	1	0	0.19396	0.4125	0	-0.00780225	0	0	0
0.461469	0.33802	826	1	0	0.19396	0.413	0	-0.00794323	0	0	0
0.461469	0.33802	827	1	0	0.19396	0.4135	0	-0.00808423	0	0	0
0.461469	0.33802	828	1	0	0.19396	0.414	0	-0.00822524	0	0	0
0.461469	0.33802	829	1	0	0.19396	0.4145	0	-0.00836627	0	0	0
0.461469	0.33802	830	1	0	0.19396	0.415	0	-0.00850731	0	0	0
0.461469	0.33802	831	1	0	0.19396	0.4155	0	-0.00864837	0	0	0
0.461469	0.33802	832	1	0	0.19396	0.416	0	-0.00878944	0	0	0
0.461469	0.33802	833	1	0	0.19396	0.4165	0	-0.00893053	0	0	0
0.461469	0.33802	834	1	0	0.19396	0.417	0	-0.00907163	0	0	0
0.461469	0.33802	835	1	0	0.19396	0.4175	0	-0.00921274	0	0	0
0.461469	0.33802	836	1	0	0.19396	0.418	0	-0.00935387	0	0	0
0.461469	0.33802	837	1	0	0.19396	0.4185	0	-0.00949502	0	0	0
0.461469	0.33802	838	1	0	0.19396	0.419	0	-0.00963618	0	0	0
0.461469	0.33802	839	1	0	0.19396	0.4195	0	-0.00977735	0	0	0
0.461469	0.33802	840	1	0	0.19396	0.42	0	-0.00991854	0	0	0
0.461469	0.33802	841	1	0	0.19396	0.4205	0	-0.0100597	0	0	0
0.461469	0.33802	842	1	0	0.19396	0.421	0	-0.010201	0	0	0
0.461469	0.33802	843	1	0	0.19396	0.4215	0	-0.0103422	0	0	0
0.461469	0.33802	844	1	0	0.19396	0.422	0	-0.0104834	0	0	0
0.461469	0.33802	845	1	0	0.19396	0.4225	0	-0.0106247	0	0	0
0.461469	0.33802	846	1	0	0.19396	0.423	0	-0.010766	0	0	0
0.461469	0.33802	847	1	0	0.19396	0.4235	0	-0.0109073	0	0	0
0.461469	0.33802	848	1	0	0.19396	0.424	0	-0.0110486	0	0	0
0.461469	0.33802	849	1	0	0.19396	0.4245	0	-0.0111899	0	0	0
0.461469	0.33802	850	1	0	0.19396	0.425	0	-0.0113312	0	0	0
0.461469	0.33802	851	1	0	0.19396	0.4255	0	-0.0114725	0	0	0
0.461469	0.33802	852	1	0	0.19396	0.426	0	-0.0116139	0	0	0
0.461469	0.33802	853	1	0	0.19396	0.4265	0	-0.0117553	0	0	0
0.461469	0.33802	854	1	0	0.19396	0.427	0	-0.0118966	0	0	0
0.461469	0.33802	855	1	0	0.19396	0.4275	0	-0.012038	0	0	0
0.461469	0.33802	856	1	0	0.19396	0.428	0	-0.0121795	0	0	0
0.461469	0.33802	857	1	0	0.19396	0.4285	0	-0.0123209	0	0	0
0.461469	0.33802	858	1	0	0.19396	0.429	0	-0.0124623	0	0	0
0.461469	0.33802	859	1	0	0.19396	0.4295	0	-0.0126038	0	0	0
0.461469	0.33802	860	1	0	0.19396	0.43	0	-0.0127452	0	0	0
0.461469	0.33802	861	1	0	0.19396	0.4305	0	-0.0128867	0	0	0
0.461469	0.33802	862	1	0	0.19396	0.431	0	-0.0130282	0	0	0
0.461469	0.33802	863	1	0	0.19396	0.4315	0	-0.0131697	0	0	0
0.461469	0.33802	864	1	0	0.19396	0.432	0	-0.0133112	0	0	0
0.461469	0.33802	865	1	0	0.19396	0.4325	0	-0.0134527	0	0	0
0.461469	0.33802	866	1	0	0.19396	0.433	0	-0.0135943	0	0	0
0.461469	0.33802	867	1	0	0.19396	0.4335	0	-0.0137358	0	0	0
0.461469	0.33802	868	1	0	0.19396	0.434	0	-0.0138774	0	0	0
0.461469	0.33802	869	1	0	0.19396	0.4345	0	-0.014019	0	0	0
0.461469	0.33802	870	1	0	0.19396	0.435	0	-0.0141606	0	0	0
0.461469	0.33802	871	1	0	0.19396	0.4355	0	-0.0143022	0	0	0
0.461469	0.33802	872	1	0	0.19396	0.436	0	-0.0144438	0	0	0
0.461469	0.33802	873	1	0	0.19396	0.4365	0	-0.0145855	0	0	0
0.461469	0.33802	874	1	0	0.19396	0.437	0	-0.0147271	0	0	0
0.461469	0.33802	875	1	0	0.19396	0.4375	0	-0.0148688	0	0	0
0.461469	0.33802	876	1	0	0.19396	0.438	0	-0.0150104	0	0	0
0.461469	0.33802	877	1	0	0.19396	0.4385	0	-0.0151521	0	0	0
0.461469	0.33802	878	1	0	0.19396	0.439	0	-0.0152938	0	0	0
0.461469	0.33802	879	1	0	0.19396	0.4395	0	-0.0154355	0	0	0
0.461469	0.33802	880	1	0	0.19396	0.44	0	-0.0155773	0	0	0
0.461469	0.33802	881	1	0	0.19396	0.4405	0	-0.015719	0	0	0
0.461469	0.33802	882	1	0	0.19396	0.441	0	-0.0158607	0	0	0
0.461469	0.33802	883	1	0	0.19396	0.4415	0	-0.0160025	0	0	0
0.461469	0.33802	884	1	0	0.19396	0.442	0	-0.0161443	0	0	0
0.461469	0.33802	885	1	0	0.19396	0.4425	0	-0.016286	0	0	0
0.461469	0.33802	886	1	0	0.19396	0.443	0	-0.0164278	0	0	0
0.461469	0.33802	887	1	0	0.19396	0.4435	0	-0.0165697	0	0	0
0.461469	0.33802	888	1	0	0.19396	0.444	0	-0.0167115	0	0	0
0.461469	0.33802	889	1	0	0.19396	0.4445	0	-0.0168533	0	0	0
0.461469	0.33802	890	1	0	0.19396	0.445	0	-0.0169952	0	0	0
0.461469	0.33802	891	1	0	0.19396	0.4455	0	-0.017137	0	0	0
0.461469	0.33802	892	1	0	0.19396	0.446	0	-0.0172789	0	0	0
0.461469	0.33802	893	1	0	0.19396	0.4465	0	-0.0174208	0	0	0
0.461469	0.33802	894	1	0	0.19396	0.447	0	-0.0175627	0	0	0
0.461469	0.33802	895	1	0	0.19396	0.4475	0	-0.0177046	0	0	0
0.461469	0.33802	896	1	0	0.19396	0.448	0	-0.0178465	0	0	0
0.461469	0.33802	897	1	0	0.19396	0.4485	0	-0.0179884	0	0	0
0.461469	0.33802	898	1	0	0.19396	0.449	0	-0.0181303	0	0	0
0.461469	0.33802	899	1	0	0.19396	0.4495	0	-0.0182723	0	0	0
0.461469	0.33802	900	1	0	0.19396	0.45	0	-0.0184143	0	0	0
0.461469	0.33802	901	1	0	0.19396	0.4505	0	-0.0185562	0	0	0
0.461469	0.33802	902	1	0	0.19396	0.451	0	-0.0186982	0	0	0
0.461469	0.33802	903	1	0	0.19396	0.4515	0	-0.0188402	0	0	0
0.461469	0.33802	904	1	0	0.19396	0.452	0	-0.0189822	0	0	0
0.461469	0.33802	905	1	0	0.19396	0.4525	0	-0.0191243	0	0	0
0.461469	0.33802	906	1	0	0.19396	0.453	0	-0.0192663	0	0	0
0.461469	0.33802	907	1	0	0.19396	0.4535	0	-0.0194083	0	0	0
0.461469	0.33802	908	1	0	0.19396	0.454	0	-0.0195504	0	0	0
0.461469	0.33802	909	1	0	0.19396	0.4545	0	-0.0196925	0	0	0
0.461469	0.33802	910	1	0	0.19396	0.455	0	-0.0198345	0	0	0
0.461469	0.33802	911	1	0	0.19396	0.4555	0	-0.0199766	0	0	0
0.461469	0.33802	912	1	0	0.19396	0.456	0	-0.0201187	0	0	0
0.461469	0.33802	913	1	0	0.19396	0.4565	0	-0.0202608	-0	0	0
0.461469	0.33802	914	1	0	0.19396	0.457	0	-0.020403	-0	0	0
0.461469	0.33802	915	1	0	0.19396	0.4575	0	-0.0205451	-0	0	0
0.461469	0.33802	916	1	0	0.19396	0.458	0	-0.0206872	-0	0	0
0.461469	0.33802	917	1	0	0.19396	0.4585	0	-0.0208294	-0	0	0
0.461469	0.33802	918	1	0	0.19396	0.459	0	-0.0209716	-0	0	0
0.461469	0.33802	919	1	0	0.19396	0.4595	0	-0.0211137	-0	0	0
0.461469	0.33802	920	1	0	0.19396	0.46	0	-0.0212559	-0	0	0
0.461469	0.33802	921	1	0	0.19396	0.4605	0	-0.0213981	-0	0	0
0.461469	0.33802	922	1	0	0.19396	0.461	0	-0.0215403	-0	0	0
0.461469	0.33802	923	1	0	0.19396	0.4615	0	-0.0216826	-0	0	0
0.461469	0.33802	924	1	0	0.19396	0.462	0	-0.0218248	-0	0	0
0.461469	0.33802	925	1	0	0.19396	0.4625	0	-0.021967	-0	0	0
0.461469	0.33802	926	1	0	0.19396	0.463	0	-0.0221093	-0	0	0
0.461469	0.33802	927	1	0	0.19396	0.4635	0	-0.0222516	-0	0	0
0.461469	0.33802	928	1	0	0.19396	0.464	0	-0.0223938	-0	0	0
0.461469	0.33802	929	1	0	0.19396	0.4645	0	-0.0225361	-0	0	0
0.461469	0.33802	930	1	0	0.19396	0.465	0	-0.0226784	-0	0	0
0.461469	0.33802	931	1	0	0.19396	0.4655	0	-0.0228207	-0	0	0
0.461469	0.33802	932	1	0	0.19396	0.466	0	-0.0229631	-0	0	0
0.461469	0.33802	933	1	0	0.19396	0.4665	0	-0.0231054	-0	0	0
0.461469	0.33802	934	1	0	0.19396	0.467	0	-0.0232477	-0	0	0
0.461469	0.33802	935	1	0	0.19396	0.4675	0	-0.0233901	-0	0	0
0.461469	0.33802	936	1	0	0.19396	0.468	0	-0.0235324	-0	0	0
0.461469	0.33802	937	1	0	0.19396	0.4685	0	-0.0236748	-0	0	0
0.461469	0.33802	938	1	0	0.19396	0.469	0	-0.0238172	-0	0	0
0.461469	0.33802	939	1	0	0.19396	0.4695	0	-0.0239596	-0	0	0
0.461469	0.33802	940	1	0	0.19396	0.47	0	-0.024102	-0	0	0
0.461469	0.33802	941	1	0	0.19396	0.4705	0	-0.0242444	-0	0	0
0.461469	0.33802	942	1	0	0.19396	0.471	0	-0.0243868	-0	0	0
0.461469	0.33802	943	1	0	0.19396	0.4715	0	-0.0245292	-0	0	0
0.461469	0.33802	944	1	0	0.19396	0.472	0	-0.0246717	-0	0	0
0.461469	0.33802	945	1	0	0.19396	0.4725	0	-0.0248141	-0	0	0
0.461469	0.33802	946	1	0	0.19396	0.473	0	-0.0249566	-0	0	0
0.461469	0.33802	947	1	0	0.19396	0.4735	0	-0.0250991	-0	0	0
0.461469	0.33802	948	1	0	0.19396	0.474	0	-0.0252416	-0	0	0
0.461469	0.33802	949	1	0	0.19396	0.4745	0	-0.0253841	-0	0	0
0.461469	0.33802	950	1	0	0.19396	0.475	0	-0.0255266	-0	0	0
0.461469	0.33802	951	1	0	0.19396	0.4755	0	-0.0256691	-0	0	0
0.461469	0.33802	952	1	0	0.19396	0.476	0	-0.0258116	-0	0	0
0.461469	0.33802	953	1	0	0.19396	0.4765	0	-0.0259541	-0	0	0
0.461469	0.33802	954	1	0	0.19396	0.477	0	-0.0260967	-0	0	0
0.461469	0.33802	955	1	0	0.19396	0.4775	0	-0.0262392	-0	0	0
0.461469	0.33802	956	1	0	0.19396	0.478	0	-0.0263818	-0	0	0
0.461469	0.33802	957	1	0	0.19396	0.4785	0	-0.0265244	-0	0	0
0.461469	0.33802	958	1	0	0.19396	0.479	0	-0.0266669	-0	0	0
0.461469	0.33802	959	1	0	0.19396	0.4795	0	-0.0268095	-0	0	0
0.461469	0.33802	960	1	0	0.19396	0.48	0	-0.0269521	-0	0	0
0.461469	0.33802	961	1	0	0.19396	0.4805	0	-0.0270947	-0	0	0
0.461469	0.33802	962	1	0	0.19396	0.481	0	-0.0272374	-0	0	0
0.461469	0.33802	963	1	0	0.19396	0.4815	0	-0.02738	-0	0	0
0.461469	0.33802	964	1	0	0.19396	0.482	0	-0.0275226	-0	0	0
0.461469	0.33802	965	1	0	0.19396	0.4825	0	-0.0276653	-0	0	0
0.461469	0.33802	966	1	0	0.19396	0.483	0	-0.0278079	-0	0	0
0.461469	0.33802	967	1	0	0.19396	0.4835	0	-0.0279506	-0	0	0
0.461469	0.33802	968	1	0	0.19396	0.484	0	-0.0280933	-0	0	0
0.461469	0.33802	969	1	0	0.19396	0.4845	0	-0.028236	-0	0	0
0.461469	0.33802	970	1	0	0.19396	0.485	0	-0.0283787	-0	0	0
0.461469	0.33802	971	1	0	0.19396	0.4855	0	-0.0285214	-0	0	0
0.461469	0.33802	972	1	0	0.19396	0.486	0	-0.0286641	-0	0	0
0.461469	0.33802	973	1	0	0.19396	0.4865	0	-0.0288068	-0	0	0
0.461469	0.33802	974	1	0	0.19396	0.487	0	-0.0289496	-0	0	0
0.461469	0.33802	975	1	0	0.19396	0.4875	0	-0.0290923	-0	0	0
0.461469	0.33802	976	1	0	0.19396	0.488	0	-0.0292351	-0	0	0
0.461469	0.33802	977	1	0	0.19396	0.4885	0	-0.0293778	-0	0	0
0.461469	0.33802	978	1	0	0.19396	0.489	0	-0.0295206	-0	0	0
0.461469	0.33802	979	1	0	0.19396	0.4895	0	-0.0296634	-0	0	0
0.461469	0.33802	980	1	0	0.19396	0.49	0	-0.0298062	-0	0	0
0.461469	0.33802	981	1	0	0.19396	0.4905	0	-0.029949	-0	0	0
0.461469	0.33802	982	1	0	0.19396	0.491	0	-0.0300918	-0	0	0
0.461469	0.33802	983	1	0	0.19396	0.4915	0	-0.0302346	-0	0	0
0.461469	0.33802	984	1	0	0.19396	0.492	0	-0.0303774	-0	0	0
0.461469	0.33802	985	1	0	0.19396	0.4925	0	-0.0305202	-0	0	0
0.461469	0.33802	986	1	0	0.19396	0.493	0	-0.0306631	-0	0	0
0.461469	0.33802	987	1	0	0.19396	0.4935	0	-0.0308059	-0	0	0
0.461469	0.33802	988	1	0	0.19396	0.494	0	-0.0309488	-0	0	0
0.461469	0.33802	989	1	0	0.19396	0.4945	0	-0.0310917	-0	0	0
0.461469	0.33802	990	1	0	0.19396	0.495	0	-0.0312345	-0	0	0
0.461469	0.33802	991	1	0	0.19396	0.4955	0	-0.0313774	-0	0	0
0.461469	0.33802	992	1	0	0.19396	0.496	0	-0.0315203	-0	0	0
0.461469	0.33802	993	1	0	0.19396	0.4965	0	-0.0316632	-0	0	0
0.461469	0.33802	994	1	0	0.19396	0.497	0	-0.0318061	-0	0	0
0.461469	0.33802	995	1	0	0.19396	0.4975	0	-0.0319491	-0	0	0
0.461469	0.33802	996	1	0	0.19396	0.498	0	-0.032092	-0	0	0
0.461469	0.33802	997	1	0	0.19396	0.4985	0	-0.0322349	-0	0	0
0.461469	0.33802	998	1	0	0.19396	0.499	0	-0.0323779	-0	0	0
0.461469	0.33802	999	1	0	0.19396	0.4995	0	-0.0325208	-0	0	0
0.461469	0.33802	1000	1	0	0.19396	0.5	0	-0.0326638	-0	0	0
