0.461469	0.33802	0	0	0.00463584	0.16604	0	0	0.0341561	0	-3.38871e-05	0
0.461469	0.33802	1	0	0.00463584	0.16604	0.0005	0	0.0344691	0	-3.40754e-05	0
0.461469	0.33802	2	0	0.00463584	0.16604	0.001	0	0.0347797	0	-3.42566e-05	0
0.461469	0.33802	3	0	0.00463584	0.16604	0.0015	0	0.0350879	0	-3.44308e-05	0
0.461469	0.33802	4	0	0.00463584	0.16604	0.002	0	0.0353937	0	-3.45981e-05	0
0.461469	0.33802	5	0	0.00463584	0.16604	0.0025	0	0.0356972	0	-3.47585e-05	0
0.461469	0.33802	6	0	0.00463584	0.16604	0.003	0	0.0359983	0	-3.49122e-05	0
0.461469	0.33802	7	0	0.00463584	0.16604	0.0035	0	0.036297	0	-3.50591e-05	0
0.461469	0.33802	8	0	0.00463584	0.16604	0.004	0	0.0365933	0	-3.51995e-05	0
0.461469	0.33802	9	0	0.00463584	0.16604	0.0045	0	0.0368873	0	-3.53335e-05	0
0.461469	0.33802	10	0	0.00463584	0.16604	0.005	0	0.0371788	0	-3.5461e-05	0
0.461469	0.33802	11	0	0.00463584	0.16604	0.0055	0	0.0374681	0	-3.55823e-05	0
0.461469	0.33802	12	0	0.00463584	0.16604	0.006	0	0.0377549	0	-3.56976e-05	0
0.461469	0.33802	13	0	0.00463584	0.16604	0.0065	0	0.0380394	0	-3.58068e-05	0
0.461469	0.33802	14	0	0.00463584	0.16604	0.007	0	0.0383215	0	-3.59103e-05	0
0.461469	0.33802	15	0	0.00463584	0.16604	0.0075	0	0.0386013	0	-3.60081e-05	0
0.461469	0.33802	16	0	0.00463584	0.16604	0.008	0	0.0388787	0	-3.61004e-05	0
0.461469	0.33802	17	0	0.00463584	0.16604	0.0085	0	0.0391537	0	-3.61874e-05	0
0.461469	0.33802	18	0	0.00463584	0.16604	0.009	0	0.0394264	0	-3.62693e-05	0
0.461469	0.33802	19	0	0.00463584	0.16604	0.0095	0	0.0396967	0	-3.63462e-05	0
0.461469	0.33802	20	0	0.00463584	0.16604	0.01	0	0.0399647	0	-3.64184e-05	0
0.461469	0.33802	21	0	0.00463584	0.16604	0.0105	0	0.0402304	0	-3.6486e-05	0
0.461469	0.33802	22	0	0.00463584	0.16604	0.011	0	0.0404937	0	-3.65493e-05	0
0.461469	0.33802	23	0	0.00463584	0.16604	0.0115	0	0.0407547	0	-3.66084e-05	0
0.461469	0.33802	24	0	0.00463584	0.16604	0.012	0	0.0410133	0	-3.66636e-05	0
0.461469	0.33802	25	0	0.00463584	0.16604	0.0125	0	0.0412697	0	-3.67151e-05	0
0.461469	0.33802	26	0	0.00463584	0.16604	0.013	0	0.0415237	0	-3.67631e-05	0
0.461469	0.33802	27	0	0.00463584	0.16604	0.0135	0	0.0417754	0	-3.68077e-05	0
0.461469	0.33802	28	0	0.00463584	0.16604	0.014	0	0.0420248	0	-3.68494e-05	0
0.461469	0.33802	29	0	0.00463584	0.16604	0.0145	0	0.0422718	0	-3.68882e-05	0
0.461469	0.33802	30	0	0.00463584	0.16604	0.015	0	0.0425166	0	-3.69244e-05	0
0.461469	0.33802	31	0	0.00463584	0.16604	0.0155	0	0.0427591	0	-3.69582e-05	0
0.461469	0.33802	32	0	0.00463584	0.16604	0.016	0	0.0429993	0	-3.69899e-05	0
0.461469	0.33802	33	0	0.00463584	0.16604	0.0165	0	0.0432372	0	-3.70197e-05	0
0.461469	0.33802	34	0	0.00463584	0.16604	0.017	0	0.0434728	0	-3.70478e-05	0
0.461469	0.33802	35	0	0.00463584	0.16604	0.0175	0	0.0437061	0	-3.70745e-05	0
0.461469	0.33802	36	0	0.00463584	0.16604	0.018	0	0.0439372	0	-3.71e-05	0
0.461469	0.33802	37	0	0.00463584	0.16604	0.0185	0	0.044166	0	-3.71245e-05	0
0.461469	0.33802	38	0	0.00463584	0.16604	0.019	0	0.0443926	0	-3.71484e-05	0
0.461469	0.33802	39	0	0.00463584	0.16604	0.0195	0	0.0446169	0	-3.71717e-05	0
0.461469	0.33802	40	0	0.00463584	0.16604	0.02	0	0.044839	0	-3.71947e-05	0
0.461469	0.33802	41	0	0.00463584	0.16604	0.0205	0	0.0450588	0	-3.72177e-05	0
0.461469	0.33802	42	0	0.00463584	0.16604	0.021	0	0.0452764	0	-3.72409e-05	0
0.461469	0.33802	43	0	0.00463584	0.16604	0.0215	0	0.0454918	0	-3.72646e-05	0
0.461469	0.33802	44	0	0.00463584	0.16604	0.022	0	0.045705	0	-3.72889e-05	0
0.461469	0.33802	45	0	0.00463584	0.16604	0.0225	0	0.0459159	0	-3.7314e-05	0
0.461469	0.33802	46	0	0.00463584	0.16604	0.023	0	0.0461247	0	-3.73403e-05	0
0.461469	0.33802	47	0	0.00463584	0.16604	0.0235	0	0.0463313	0	-3.73679e-05	0
0.461469	0.33802	48	0	0.00463584	0.16604	0.024	0	0.0465357	0	-3.7397e-05	0
0.461469	0.33802	49	0	0.00463584	0.16604	0.0245	0	0.0467379	0	-3.74279e-05	0
0.461469	0.33802	50	0	0.00463584	0.16604	0.025	0	0.0469379	0	-3.74608e-05	0
0.461469	0.33802	51	0	0.00463584	0.16604	0.0255	0	0.0471358	0	-3.74958e-05	0
0.461469	0.33802	52	0	0.00463584	0.16604	0.026	0	0.0473315	0	-3.75333e-05	0
0.461469	0.33802	53	0	0.00463584	0.16604	0.0265	0	0.0475251	0	-3.75733e-05	0
0.461469	0.33802	54	0	0.00463584	0.16604	0.027	0	0.0477166	0	-3.76162e-05	0
0.461469	0.33802	55	0	0.00463584	0.16604	0.0275	0	0.0479059	0	-3.7662e-05	0
0.461469	0.33802	56	0	0.00463584	0.16604	0.028	0	0.0480931	0	-3.77111e-05	0
0.461469	0.33802	57	0	0.00463584	0.16604	0.0285	0	0.0482782	0	-3.77636e-05	0
0.461469	0.33802	58	0	0.00463584	0.16604	0.029	0	0.0484612	0	-3.78197e-05	0
0.461469	0.33802	59	0	0.00463584	0.16604	0.0295	0	0.0486421	0	-3.78796e-05	0
0.461469	0.33802	60	0	0.00463584	0.16604	0.03	0	0.048821	0	-3.79435e-05	0
0.461469	0.33802	61	0	0.00463584	0.16604	0.0305	0	0.0489977	0	-3.80116e-05	0
0.461469	0.33802	62	0	0.00463584	0.16604	0.031	0	0.0491724	0	-3.80841e-05	0
0.461469	0.33802	63	0	0.00463584	0.16604	0.0315	0	0.049345	0	-3.81611e-05	0
0.461469	0.33802	64	0	0.00463584	0.16604	0.032	0	0.0495156	0	-3.82429e-05	0
0.461469	0.33802	65	0	0.00463584	0.16604	0.0325	0	0.0496841	0	-3.83296e-05	0
0.461469	0.33802	66	0	0.00463584	0.16604	0.033	0	0.0498506	0	-3.84215e-05	0
0.461469	0.33802	67	0	0.00463584	0.16604	0.0335	0	0.0500151	0	-3.85186e-05	0
0.461469	0.33802	68	0	0.00463584	0.16604	0.034	0	0.0501776	0	-3.86213e-05	0
0.461469	0.33802	69	0	0.00463584	0.16604	0.0345	0	0.0503381	0	-3.87296e-05	0
0.461469	0.33802	70	0	0.00463584	0.16604	0.035	0	0.0504966	0	-3.88438e-05	0
0.461469	0.33802	71	0	0.00463584	0.16604	0.0355	0	0.0506531	0	-3.8964e-05	0
0.461469	0.33802	72	0	0.00463584	0.16604	0.036	0	0.0508077	0	-3.90904e-05	0
0.461469	0.33802	73	0	0.00463584	0.16604	0.0365	0	0.0509603	0	-3.92232e-05	0
0.461469	0.33802	74	0	0.00463584	0.16604	0.037	0	0.0511109	0	-3.93626e-05	0
0.461469	0.33802	75	0	0.00463584	0.16604	0.0375	0	0.0512596	0	-3.95088e-05	0
0.461469	0.33802	76	0	0.00463584	0.16604	0.038	0	0.0514064	0	-3.96619e-05	0
0.461469	0.33802	77	0	0.00463584	0.16604	0.0385	0	0.0515512	0	-3.98222e-05	0
0.461469	0.33802	78	0	0.00463584	0.16604	0.039	0	0.0516941	0	-3.99898e-05	0
0.461469	0.33802	79	0	0.00463584	0.16604	0.0395	0	0.0518352	0	-4.01649e-05	0
0.461469	0.33802	80	0	0.00463584	0.16604	0.04	0	0.0519743	0	-4.03478e-05	0
0.461469	0.33802	81	0	0.00463584	0.16604	0.0405	0	0.0521116	0	-4.05385e-05	0
0.461469	0.33802	82	0	0.00463584	0.16604	0.041	0	0.052247	0	-4.07373e-05	0
0.461469	0.33802	83	0	0.00463584	0.16604	0.0415	0	0.0523805	0	-4.09445e-05	0
0.461469	0.33802	84	0	0.00463584	0.16604	0.042	0	0.0525122	0	-4.11601e-05	0
0.461469	0.33802	85	0	0.00463584	0.16604	0.0425	0	0.0526421	0	-4.13845e-05	0
0.461469	0.33802	86	0	0.00463584	0.16604	0.043	0	0.0527701	0	-4.16178e-05	0
0.461469	0.33802	87	0	0.00463584	0.16604	0.0435	0	0.0528963	0	-4.18603e-05	0
0.461469	0.33802	88	0	0.00463584	0.16604	0.044	0	0.0530207	0	-4.21122e-05	0
0.461469	0.33802	89	0	0.00463584	0.16604	0.0445	0	0.0531433	0	-4.23736e-05	0
0.461469	0.33802	90	0	0.00463584	0.16604	0.045	0	0.0532641	0	-4.26449e-05	0
0.461469	0.33802	91	0	0.00463584	0.16604	0.0455	0	0.0533831	0	-4.29263e-05	0
0.461469	0.33802	92	0	0.00463584	0.16604	0.046	0	0.0535004	0	-4.32179e-05	0
0.461469	0.33802	93	0	0.00463584	0.16604	0.0465	0	0.0536159	0	-4.35202e-05	0
0.461469	0.33802	94	0	0.00463584	0.16604	0.047	0	0.0537297	0	-4.38333e-05	0
0.461469	0.33802	95	0	0.00463584	0.16604	0.0475	0	0.0538417	0	-4.41576e-05	0
0.461469	0.33802	96	0	0.00463584	0.16604	0.048	0	0.053952	0	-4.44932e-05	0
0.461469	0.33802	97	0	0.00463584	0.16604	0.0485	0	0.0540606	0	-4.48405e-05	0
0.461469	0.33802	98	0	0.00463584	0.16604	0.049	0	0.0541675	0	-4.51998e-05	0
0.461469	0.33802	99	0	0.00463584	0.16604	0.0495	0	0.0542727	0	-4.55714e-05	0
0.461469	0.33802	100	0	0.00463584	0.16604	0.05	0	0.0543763	0	-4.59557e-05	0
0.461469	0.33802	101	0	0.00463584	0.16604	0.0505	0	0.0544781	0	-4.63528e-05	0
0.461469	0.33802	102	0	0.00463584	0.16604	0.051	0	0.0545783	0	-4.67633e-05	0
0.461469	0.33802	103	0	0.00463584	0.16604	0.0515	0	0.0546769	0	-4.71874e-05	0
0.461469	0.33802	104	0	0.00463584	0.16604	0.052	0	0.0547738	0	-4.76256e-05	0
0.461469	0.33802	105	0	0.00463584	0.16604	0.0525	0	0.0548691	0	-4.80782e-05	0
0.461469	0.33802	106	0	0.00463584	0.16604	0.053	0	0.0549627	0	-4.85457e-05	0
0.461469	0.33802	107	0	0.00463584	0.16604	0.0535	0	0.0550548	0	-4.90284e-05	0
0.461469	0.33802	108	0	0.00463584	0.16604	0.054	0	0.0551452	0	-4.95268e-05	0
0.461469	0.33802	109	0	0.00463584	0.16604	0.0545	0	0.0552341	0	-5.00414e-05	0
0.461469	0.33802	110	0	0.00463584	0.16604	0.055	0	0.0553214	0	-5.05726e-05	0
0.461469	0.33802	111	0	0.00463584	0.16604	0.0555	0	0.0554071	0	-5.1121e-05	0
0.461469	0.33802	112	0	0.00463584	0.16604	0.056	0	0.0554913	0	-5.16871e-05	0
0.461469	0.33802	113	0	0.00463584	0.16604	0.0565	0	0.0555739	0	-5.22714e-05	0
0.461469	0.33802	114	0	0.00463584	0.16604	0.057	0	0.055655	0	-5.28746e-05	0
0.461469	0.33802	115	0	0.00463584	0.16604	0.0575	0	0.0557346	0	-5.34971e-05	0
0.461469	0.33802	116	0	0.00463584	0.16604	0.058	0	0.0558126	0	-5.41397e-05	0
0.461469	0.33802	117	0	0.00463584	0.16604	0.0585	0	0.0558892	0	-5.48031e-05	0
0.461469	0.33802	118	0	0.00463584	0.16604	0.059	0	0.0559643	0	-5.54879e-05	0
0.461469	0.33802	119	0	0.00463584	0.16604	0.0595	0	0.0560378	0	-5.61949e-05	0
0.461469	0.33802	120	0	0.00463584	0.16604	0.06	0	0.0561099	0	-5.69248e-05	0
0.461469	0.33802	121	0	0.00463584	0.16604	0.0605	0	0.0561806	0	-5.76785e-05	0
0.461469	0.33802	122	0	0.00463584	0.16604	0.061	0	0.0562497	0	-5.84569e-05	0
0.461469	0.33802	123	0	0.00463584	0.16604	0.0615	0	0.0563175	0	-5.92607e-05	0
0.461469	0.33802	124	0	0.00463584	0.16604	0.062	0	0.0563838	0	-6.00911e-05	0
0.461469	0.33802	125	0	0.00463584	0.16604	0.0625	0	0.0564487	0	-6.0949e-05	0
0.461469	0.33802	126	0	0.00463584	0.16604	0.063	0	0.0565121	0	-6.18354e-05	0
0.461469	0.33802	127	0	0.00463584	0.16604	0.0635	0	0.0565742	0	-6.27515e-05	0
0.461469	0.33802	128	0	0.00463584	0.16604	0.064	0	0.0566349	0	-6.36986e-05	0
0.461469	0.33802	129	0	0.00463584	0.16604	0.0645	0	0.0566942	0	-6.46777e-05	0
0.461469	0.33802	130	0	0.00463584	0.16604	0.065	0	0.0567521	0	-6.56904e-05	0
0.461469	0.33802	131	0	0.00463584	0.16604	0.0655	0	0.0568087	0	-6.67379e-05	0
0.461469	0.33802	132	0	0.00463584	0.16604	0.066	0	0.0568639	0	-6.78218e-05	0
0.461469	0.33802	133	0	0.00463584	0.16604	0.0665	0	0.0569177	0	-6.89438e-05	0
0.461469	0.33802	134	0	0.00463584	0.16604	0.067	0	0.0569702	0	-7.01054e-05	0
0.461469	0.33802	135	0	0.00463584	0.16604	0.0675	0	0.0570214	0	-7.13085e-05	0
0.461469	0.33802	136	0	0.00463584	0.16604	0.068	0	0.0570713	0	-7.25549e-05	0
0.461469	0.33802	137	0	0.00463584	0.16604	0.0685	0	0.0571199	0	-7.38469e-05	0
0.461469	0.33802	138	0	0.00463584	0.16604	0.069	0	0.0571672	0	-7.51864e-05	0
0.461469	0.33802	139	0	0.00463584	0.16604	0.0695	0	0.0572132	0	-7.65759e-05	0
0.461469	0.33802	140	0	0.00463584	0.16604	0.07	0	0.0572579	0	-7.80178e-05	0
0.461469	0.33802	141	0	0.00463584	0.16604	0.0705	0	0.0573013	0	-7.95148e-05	0
0.461469	0.33802	142	0	0.00463584	0.16604	0.071	0	0.0573435	0	-8.10698e-05	0
0.461469	0.33802	143	0	0.00463584	0.16604	0.0715	0	0.0573844	0	-8.26857e-05	0
0.461469	0.33802	144	0	0.00463584	0.16604	0.072	0	0.0574241	0	-8.4366e-05	0
0.461469	0.33802	145	0	0.00463584	0.16604	0.0725	0	0.0574626	0	-8.6114e-05	0
0.461469	0.33802	146	0	0.00463584	0.16604	0.073	0	0.0574998	0	-8.79337e-05	0
0.461469	0.33802	147	0	0.00463584	0.16604	0.0735	0	0.0575359	0	-8.9829e-05	0
0.461469	0.33802	148	0	0.00463584	0.16604	0.074	0	0.0575707	0	-9.18045e-05	0
0.461469	0.33802	149	0	0.00463584	0.16604	0.0745	0	0.0576043	0	-9.38649e-05	0
0.461469	0.33802	150	0	0.00463584	0.16604	0.075	0	0.0576368	0	-9.60153e-05	0
0.461469	0.33802	151	0	0.00463584	0.16604	0.0755	0	0.057668	0	-9.82615e-05	0
0.461469	0.33802	152	0	0.00463584	0.16604	0.076	0	0.0576981	0	-0.000100609	0
0.461469	0.33802	153	0	0.00463584	0.16604	0.0765	0	0.0577271	0	-0.000103066	0
0.461469	0.33802	154	0	0.00463584	0.16604	0.077	0	0.0577548	0	-0.000105638	0
0.461469	0.33802	155	0	0.00463584	0.16604	0.0775	0	0.0577815	0	-0.000108333	0
0.461469	0.33802	156	0	0.00463584	0.16604	0.078	0	0.057807	0	-0.000111161	0
0.461469	0.33802	157	0	0.00463584	0.16604	0.0785	0	0.0578314	0	-0.00011413	0
0.461469	0.33802	158	0	0.00463584	0.16604	0.079	0	0.0578546	0	-0.000117251	0
0.461469	0.33802	159	0	0.00463584	0.16604	0.0795	0	0.0578768	0	-0.000120536	0
0.461469	0.33802	160	0	0.00463584	0.16604	0.08	0	0.0578978	0	-0.000123997	0
0.461469	0.33802	161	0	0.00463584	0.16604	0.0805	0	0.0579178	0	-0.000127648	0
0.461469	0.33802	162	0	0.00463584	0.16604	0.081	0	0.0579367	0	-0.000131504	0
0.461469	0.33802	163	0	0.00463584	0.16604	0.0815	0	0.0579545	0	-0.000135584	0
0.461469	0.33802	164	0	0.00463584	0.16604	0.082	0	0.0579712	0	-0.000139906	0
0.461469	0.33802	165	0	0.00463584	0.16604	0.0825	0	0.0579869	0	-0.000144491	0
0.461469	0.33802	166	0	0.00463584	0.16604	0.083	0	0.0580015	0	-0.000149365	0
0.461469	0.33802	167	0	0.00463584	0.16604	0.0835	0	0.0580151	0	-0.000154553	0
0.461469	0.33802	168	0	0.00463584	0.16604	0.084	0	0.0580276	0	-0.000160088	0
0.461469	0.33802	169	0	0.00463584	0.16604	0.0845	0	0.0580392	0	-0.000166004	0
0.461469	0.33802	170	0	0.00463584	0.16604	0.085	0	0.0580497	0	-0.000172341	0
0.461469	0.33802	171	0	0.00463584	0.16604	0.0855	0	0.0580591	0	-0.000179145	0
0.461469	0.33802	172	0	0.00463584	0.16604	0.086	0	0.0580676	0	-0.000186469	0
0.461469	0.33802	173	0	0.00463584	0.16604	0.0865	0	0.0580751	0	-0.000194373	0
0.461469	0.33802	174	0	0.00463584	0.16604	0.087	0	0.0580816	0	-0.000202928	0
0.461469	0.33802	175	0	0.00463584	0.16604	0.0875	0	0.0580871	0	-0.000212217	0
0.461469	0.33802	176	0	0.00463584	0.16604	0.088	0	0.0580917	0	-0.000222337	0
0.461469	0.33802	177	0	0.00463584	0.16604	0.0885	0	0.0580952	0	-0.000233405	0
0.461469	0.33802	178	0	0.00463584	0.16604	0.089	0	0.0580979	0	-0.000245557	0
0.461469	0.33802	179	0	0.00463584	0.16604	0.0895	0	0.0580995	0	-0.000258961	0
0.461469	0.33802	180	0	0.00463584	0.16604	0.09	0	0.0581002	0	-0.000273817	0
0.461469	0.33802	181	0	0.00463584	0.16604	0.0905	0	0.0581	0	-0.000290376	0
0.461469	0.33802	182	0	0.00463584	0.16604	0.091	0	0.0580989	0	-0.000308943	0
0.461469	0.33802	183	0	0.00463584	0.16604	0.0915	0	0.0580968	0	-0.000329906	0
0.461469	0.33802	184	0	0.00463584	0.16604	0.092	0	0.0580938	0	-0.000353758	0
0.461469	0.33802	185	0	0.00463584	0.16604	0.0925	0	0.0580899	0	-0.000381138	0
0.461469	0.33802	186	0	0.00463584	0.16604	0.093	0	0.0580851	0	-0.000412888	0
0.461469	0.33802	187	0	0.00463584	0.16604	0.0935	0	0.0580795	0	-0.000450139	0
0.461469	0.33802	188	0	0.00463584	0.16604	0.094	0	0.0580729	0	-0.000494453	0
0.461469	0.33802	189	0	0.00463584	0.16604	0.0945	0	0.0580654	0	-0.000548043	0
0.461469	0.33802	190	0	0.00463584	0.16604	0.095	0	0.0580571	0	-0.000614154	0
0.461469	0.33802	191	0	0.00463584	0.16604	0.0955	0	0.0580479	0	-0.000697747	0
0.461469	0.33802	192	0	0.00463584	0.16604	0.096	0	0.0580378	0	-0.0008068	0
0.461469	0.33802	193	0	0.00463584	0.16604	0.0965	0	0.0580269	0	-0.000955018	0
0.461469	0.33802	194	0	0.00463584	0.16604	0.097	0	0.0580152	0	-0.00116809	0
0.461469	0.33802	195	0	0.00463584	0.16604	0.0975	0	0.0580026	0	-0.00150047	0
0.461469	0.33802	196	0	0.00463584	0.16604	0.098	0	0.0579891	0	-0.00209124	0
0.461469	0.33802	197	0	0.00463584	0.16604	0.0985	0	0.0579749	0	-0.00343309	0
0.461469	0.33802	198	0	0.00463584	0.16604	0.099	0	0.0579598	0	-0.0094561	0
0.461469	0.33802	199	0	0.00463584	0.16604	0.0995	0	0.0579439	0	0.0127542	0
0.461469	0.33802	200	0	0.00463584	0.16604	0.1	0	0.0579272	0	0.00382866	0
0.461469	0.33802	201	0	0.00463584	0.16604	0.1005	0	0.0579097	0	0.00225941	0
0.461469	0.33802	202	0	0.00463584	0.16604	0.101	0	0.0578913	0	0.00160611	0
0.461469	0.33802	203	0	0.00463584	0.16604	0.1015	0	0.0578722	0	0.00124801	0
0.461469	0.33802	204	0	0.00463584	0.16604	0.102	0	0.0578524	0	0.00102192	0
0.461469	0.33802	205	0	0.00463584	0.16604	0.1025	0	0.0578317	0	0.00086622	0
0.461469	0.33802	206	0	0.00463584	0.16604	0.103	0	0.0578103	0	0.00075247	0
0.461469	0.33802	207	0	0.00463584	0.16604	0.1035	0	0.0577881	0	0.000665737	0
0.461469	0.33802	208	0	0.00463584	0.16604	0.104	0	0.0577651	0	0.000597423	0
0.461469	0.33802	209	0	0.00463584	0.16604	0.1045	0	0.0577414	0	0.000542228	0
0.461469	0.33802	210	0	0.00463584	0.16604	0.105	0	0.0577169	0	0.000496709	0
0.461469	0.33802	211	0	0.00463584	0.16604	0.1055	0	0.0576917	0	0.000458529	0
0.461469	0.33802	212	0	0.00463584	0.16604	0.106	0	0.0576658	0	0.000426048	0
0.461469	0.33802	213	0	0.00463584	0.16604	0.1065	0	0.0576391	0	0.000398082	0
0.461469	0.33802	214	0	0.00463584	0.16604	0.107	0	0.0576117	0	0.000373752	0
0.461469	0.33802	215	0	0.00463584	0.16604	0.1075	0	0.0575836	0	0.000352394	0
0.461469	0.33802	216	0	0.00463584	0.16604	0.108	0	0.0575547	0	0.000333497	0
0.461469	0.33802	217	0	0.00463584	0.16604	0.1085	0	0.0575252	0	0.00031666	0
0.461469	0.33802	218	0	0.00463584	0.16604	0.109	0	0.0574949	0	0.000301565	0
0.461469	0.33802	219	0	0.00463584	0.16604	0.1095	0	0.057464	0	0.000287956	0
0.461469	0.33802	220	0	0.00463584	0.16604	0.11	0	0.0574323	0	0.000275626	0
0.461469	0.33802	221	0	0.00463584	0.16604	0.1105	0	0.0574	0	0.000264402	0
0.461469	0.33802	222	0	0.00463584	0.16604	0.111	0	0.057367	0	0.000254144	0
0.461469	0.33802	223	0	0.00463584	0.16604	0.1115	0	0.0573333	0	0.000244732	0
0.461469	0.33802	224	0	0.00463584	0.16604	0.112	0	0.0572989	0	0.000236068	0
0.461469	0.33802	225	0	0.00463584	0.16604	0.1125	0	0.0572639	0	0.000228065	0
0.461469	0.33802	226	0	0.00463584	0.16604	0.113	0	0.0572282	0	0.000220653	0
0.461469	0.33802	227	0	0.00463584	0.16604	0.1135	0	0.0571918	0	0.000213768	0
0.461469	0.33802	228	0	0.00463584	0.16604	0.114	0	0.0571548	0	0.000207356	0
0.461469	0.33802	229	0	0.00463584	0.16604	0.1145	0	0.0571172	0	0.000201372	0
0.461469	0.33802	230	0	0.00463584	0.16604	0.115	0	0.0570789	0	0.000195774	0
0.461469	0.33802	231	0	0.00463584	0.16604	0.1155	0	0.0570399	0	0.000190527	0
0.461469	0.33802	232	0	0.00463584	0.16604	0.116	0	0.0570004	0	0.000185599	0
0.461469	0.33802	233	0	0.00463584	0.16604	0.1165	0	0.0569602	0	0.000180962	0
0.461469	0.33802	234	0	0.00463584	0.16604	0.117	0	0.0569194	0	0.000176593	0
0.461469	0.33802	235	0	0.00463584	0.16604	0.1175	0	0.0568779	0	0.000172468	0
0.461469	0.33802	236	0	0.00463584	0.16604	0.118	0	0.0568359	0	0.000168568	0
0.461469	0.33802	237	0	0.00463584	0.16604	0.1185	0	0.0567932	0	0.000164876	0
0.461469	0.33802	238	0	0.00463584	0.16604	0.119	0	0.05675	0	0.000161375	0
0.461469	0.33802	239	0	0.00463584	0.16604	0.1195	0	0.0567061	0	0.000158053	0
0.461469	0.33802	240	0	0.00463584	0.16604	0.12	0	0.0566616	0	0.000154895	0
0.461469	0.33802	241	0	0.00463584	0.16604	0.1205	0	0.0566166	0	0.00015189	0
0.461469	0.33802	242	0	0.00463584	0.16604	0.121	0	0.056571	0	0.000149029	0
0.461469	0.33802	243	0	0.00463584	0.16604	0.1215	0	0.0565247	0	0.0001463	0
0.461469	0.33802	244	0	0.00463584	0.16604	0.122	0	0.0564779	0	0.000143695	0
0.461469	0.33802	245	0	0.00463584	0.16604	0.1225	0	0.0564306	0	0.000141207	0
0.461469	0.33802	246	0	0.00463584	0.16604	0.123	0	0.0563826	0	0.000138828	0
0.461469	0.33802	247	0	0.00463584	0.16604	0.1235	0	0.0563341	0	0.000136551	0
0.461469	0.33802	248	0	0.00463584	0.16604	0.124	0	0.0562851	0	0.00013437	0
0.461469	0.33802	249	0	0.00463584	0.16604	0.1245	0	0.0562355	0	0.000132279	0
0.461469	0.33802	250	0	0.00463584	0.16604	0.125	0	0.0561853	0	0.000130274	0
0.461469	0.33802	251	0	0.00463584	0.16604	0.1255	0	0.0561346	0	0.000128349	0
0.461469	0.33802	252	0	0.00463584	0.16604	0.126	0	0.0560833	0	0.0001265	0
0.461469	0.33802	253	0	0.00463584	0.16604	0.1265	0	0.0560315	0	0.000124722	0
0.461469	0.33802	254	0	0.00463584	0.16604	0.127	0	0.0559792	0	0.000123012	0
0.461469	0.33802	255	0	0.00463584	0.16604	0.1275	0	0.0559263	0	0.000121367	0
0.461469	0.33802	256	0	0.00463584	0.16604	0.128	0	0.0558729	0	0.000119782	0
0.461469	0.33802	257	0	0.00463584	0.16604	0.1285	0	0.055819	0	0.000118255	0
0.461469	0.33802	258	0	0.00463584	0.16604	0.129	0	0.0557645	0	0.000116784	0
0.461469	0.33802	259	0	0.00463584	0.16604	0.1295	0	0.0557096	0	0.000115364	0
0.461469	0.33802	260	0	0.00463584	0.16604	0.13	0	0.0556541	0	0.000113994	0
0.461469	0.33802	261	0	0.00463584	0.16604	0.1305	0	0.0555981	0	0.000112672	0
0.461469	0.33802	262	0	0.00463584	0.16604	0.131	0	0.0555417	0	0.000111395	0
0.461469	0.33802	263	0	0.00463584	0.16604	0.1315	0	0.0554847	0	0.000110161	0
0.461469	0.33802	264	0	0.00463584	0.16604	0.132	0	0.0554272	0	0.000108968	0
0.461469	0.33802	265	0	0.00463584	0.16604	0.1325	0	0.0553692	0	0.000107814	0
0.461469	0.33802	266	0	0.00463584	0.16604	0.133	0	0.0553107	0	0.000106698	0
0.461469	0.33802	267	0	0.00463584	0.16604	0.1335	0	0.0552518	0	0.000105618	0
0.461469	0.33802	268	0	0.00463584	0.16604	0.134	0	0.0551924	0	0.000104573	0
0.461469	0.33802	269	0	0.00463584	0.16604	0.1345	0	0.0551324	0	0.00010356	0
0.461469	0.33802	270	0	0.00463584	0.16604	0.135	0	0.055072	0	0.000102579	0
0.461469	0.33802	271	0	0.00463584	0.16604	0.1355	0	0.0550112	0	0.000101629	0
0.461469	0.33802	272	0	0.00463584	0.16604	0.136	0	0.0549499	0	0.000100708	0
0.461469	0.33802	273	0	0.00463584	0.16604	0.1365	0	0.0548881	0	9.9815e-05	0
0.461469	0.33802	274	0	0.00463584	0.16604	0.137	0	0.0548258	0	9.89489e-05	0
0.461469	0.33802	275	0	0.00463584	0.16604	0.1375	0	0.0547631	0	9.81088e-05	0
0.461469	0.33802	276	0	0.00463584	0.16604	0.138	0	0.0546999	0	9.72938e-05	0
0.461469	0.33802	277	0	0.00463584	0.16604	0.1385	0	0.0546363	0	9.65028e-05	0
0.461469	0.33802	278	0	0.00463584	0.16604	0.139	0	0.0545722	0	9.5735e-05	0
0.461469	0.33802	279	0	0.00463584	0.16604	0.1395	0	0.0545077	0	9.49896e-05	0
0.461469	0.33802	280	0	0.00463584	0.16604	0.14	0	0.0544427	0	9.42658e-05	0
0.461469	0.33802	281	0	0.00463584	0.16604	0.1405	0	0.0543773	0	9.35628e-05	0
0.461469	0.33802	282	0	0.00463584	0.16604	0.141	0	0.0543115	0	9.288e-05	0
0.461469	0.33802	283	0	0.00463584	0.16604	0.1415	0	0.0542452	0	9.22166e-05	0
0.461469	0.33802	284	0	0.00463584	0.16604	0.142	0	0.0541785	0	9.15721e-05	0
0.461469	0.33802	285	0	0.00463584	0.16604	0.1425	0	0.0541114	0	9.09458e-05	0
0.461469	0.33802	286	0	0.00463584	0.16604	0.143	0	0.0540438	0	9.0337e-05	0
0.461469	0.33802	287	0	0.00463584	0.16604	0.1435	0	0.0539758	0	8.97454e-05	0
0.461469	0.33802	288	0	0.00463584	0.16604	0.144	0	0.0539074	0	8.91702e-05	0
0.461469	0.33802	289	0	0.00463584	0.16604	0.1445	0	0.0538386	0	8.86111e-05	0
0.461469	0.33802	290	0	0.00463584	0.16604	0.145	0	0.0537694	0	8.80675e-05	0
0.461469	0.33802	291	0	0.00463584	0.16604	0.1455	0	0.0536998	0	8.7539e-05	0
0.461469	0.33802	292	0	0.00463584	0.16604	0.146	0	0.0536298	0	8.70252e-05	0
0.461469	0.33802	293	0	0.00463584	0.16604	0.1465	0	0.0535593	0	8.65255e-05	0
0.461469	0.33802	294	0	0.00463584	0.16604	0.147	0	0.0534885	0	8.60397e-05	0
0.461469	0.33802	295	0	0.00463584	0.16604	0.1475	0	0.0534173	0	8.55672e-05	0
0.461469	0.33802	296	0	0.00463584	0.16604	0.148	0	0.0533456	0	8.51078e-05	0
0.461469	0.33802	297	0	0.00463584	0.16604	0.1485	0	0.0532736	0	8.46611e-05	0
0.461469	0.33802	298	0	0.00463584	0.16604	0.149	0	0.0532012	0	8.42268e-05	0
0.461469	0.33802	299	0	0.00463584	0.16604	0.1495	0	0.0531284	0	8.38045e-05	0
0.461469	0.33802	300	0	0.00463584	0.16604	0.15	0	0.0530552	0	8.33939e-05	0
0.461469	0.33802	301	0	0.00463584	0.16604	0.1505	0	0.0529817	0	8.29948e-05	0
0.461469	0.33802	302	0	0.00463584	0.16604	0.151	0	0.0529077	0	8.26068e-05	0
0.461469	0.33802	303	0	0.00463584	0.16604	0.1515	0	0.0528334	0	8.22296e-05	0
0.461469	0.33802	304	0	0.00463584	0.16604	0.152	0	0.0527587	0	8.18631e-05	0
0.461469	0.33802	305	0	0.00463584	0.16604	0.1525	0	0.0526837	0	8.15069e-05	0
0.461469	0.33802	306	0	0.00463584	0.16604	0.153	0	0.0526082	0	8.11608e-05	0
0.461469	0.33802	307	0	0.00463584	0.16604	0.1535	0	0.0525325	0	8.08246e-05	0
0.461469	0.33802	308	0	0.00463584	0.16604	0.154	0	0.0524563	0	8.04981e-05	0
0.461469	0.33802	309	0	0.00463584	0.16604	0.1545	0	0.0523798	0	8.0181e-05	0
0.461469	0.33802	310	0	0.00463584	0.16604	0.155	0	0.0523029	0	7.98732e-05	0
0.461469	0.33802	311	0	0.00463584	0.16604	0.1555	0	0.0522257	0	7.95744e-05	0
0.461469	0.33802	312	0	0.00463584	0.16604	0.156	0	0.0521481	0	7.92844e-05	0
0.461469	0.33802	313	0	0.00463584	0.16604	0.1565	0	0.0520702	0	7.90032e-05	0
0.461469	0.33802	314	0	0.00463584	0.16604	0.157	0	0.0519919	0	7.87304e-05	0
0.461469	0.33802	315	0	0.00463584	0.16604	0.1575	0	0.0519133	0	7.8466e-05	0
0.461469	0.33802	316	0	0.00463584	0.16604	0.158	0	0.0518343	0	7.82098e-05	0
0.461469	0.33802	317	0	0.00463584	0.16604	0.1585	0	0.051755	0	7.79616e-05	0
0.461469	0.33802	318	0	0.00463584	0.16604	0.159	0	0.0516754	0	7.77212e-05	0
0.461469	0.33802	319	0	0.00463584	0.16604	0.1595	0	0.0515954	0	7.74886e-05	0
0.461469	0.33802	320	0	0.00463584	0.16604	0.16	0	0.0515151	0	7.72637e-05	0
0.461469	0.33802	321	0	0.00463584	0.16604	0.1605	0	0.0514345	0	7.70462e-05	0
0.461469	0.33802	322	0	0.00463584	0.16604	0.161	0	0.0513535	0	7.6836e-05	0
0.461469	0.33802	323	0	0.00463584	0.16604	0.1615	0	0.0512722	0	7.66331e-05	0
0.461469	0.33802	324	0	0.00463584	0.16604	0.162	0	0.0511906	0	7.64373e-05	0
0.461469	0.33802	325	0	0.00463584	0.16604	0.1625	0	0.0511086	0	7.62486e-05	0
0.461469	0.33802	326	0	0.00463584	0.16604	0.163	0	0.0510264	0	7.60667e-05	0
0.461469	0.33802	327	0	0.00463584	0.16604	0.1635	0	0.0509438	0	7.58916e-05	0
0.461469	0.33802	328	0	0.00463584	0.16604	0.164	0	0.0508609	0	7.57233e-05	0
0.461469	0.33802	329	0	0.00463584	0.16604	0.1645	0	0.0507777	0	7.55616e-05	0
0.461469	0.33802	330	0	0.00463584	0.16604	0.165	0	0.0506942	0	7.54064e-05	0
0.461469	0.33802	331	0	0.00463584	0.16604	0.1655	0	0.0506103	0	7.52577e-05	0
0.461469	0.33802	332	0	0.00463584	0.16604	0.166	0	0.0505262	0	7.51153e-05	0
0.461469	0.33802	333	0	0.00463584	0.16604	0.1665	0	0.0504417	0	7.49793e-05	0
0.461469	0.33802	334	0	0.00463584	0.16604	0.167	0	0.050357	0	7.48495e-05	0
0.461469	0.33802	335	0	0.00463584	0.16604	0.1675	0	0.0502719	0	7.47259e-05	0
0.461469	0.33802	336	0	0.00463584	0.16604	0.168	0	0.0501866	0	7.46083e-05	0
0.461469	0.33802	337	0	0.00463584	0.16604	0.1685	0	0.0501009	0	7.44968e-05	0
0.461469	0.33802	338	0	0.00463584	0.16604	0.169	0	0.050015	0	7.43913e-05	0
0.461469	0.33802	339	0	0.00463584	0.16604	0.1695	0	0.0499287	0	7.42917e-05	0
0.461469	0.33802	340	0	0.00463584	0.16604	0.17	0	0.0498422	0	7.4198e-05	0
0.461469	0.33802	341	0	0.00463584	0.16604	0.1705	0	0.0497554	0	7.41101e-05	0
0.461469	0.33802	342	0	0.00463584	0.16604	0.171	0	0.0496683	0	7.4028e-05	0
0.461469	0.33802	343	0	0.00463584	0.16604	0.1715	0	0.0495809	0	7.39516e-05	0
0.461469	0.33802	344	0	0.00463584	0.16604	0.172	0	0.0494932	0	7.3881e-05	0
0.461469	0.33802	345	0	0.00463584	0.16604	0.1725	0	0.0494053	0	7.3816e-05	0
0.461469	0.33802	346	0	0.00463584	0.16604	0.173	0	0.049317	0	7.37567e-05	0
0.461469	0.33802	347	0	0.00463584	0.16604	0.1735	0	0.0492285	0	7.3703e-05	0
0.461469	0.33802	348	0	0.00463584	0.16604	0.174	0	0.0491397	0	7.36548e-05	0
0.461469	0.33802	349	0	0.00463584	0.16604	0.1745	0	0.0490507	0	7.36122e-05	0
0.461469	0.33802	350	0	0.00463584	0.16604	0.175	0	0.0489613	0	7.35752e-05	0
0.461469	0.33802	351	0	0.00463584	0.16604	0.1755	0	0.0488717	0	7.35436e-05	0
0.461469	0.33802	352	0	0.00463584	0.16604	0.176	0	0.0487818	0	7.35176e-05	0
0.461469	0.33802	353	0	0.00463584	0.16604	0.1765	0	0.0486917	0	7.34971e-05	0
0.461469	0.33802	354	0	0.00463584	0.16604	0.177	0	0.0486013	0	7.3482e-05	0
0.461469	0.33802	355	0	0.00463584	0.16604	0.1775	0	0.0485106	0	7.34724e-05	0
0.461469	0.33802	356	0	0.00463584	0.16604	0.178	0	0.0484197	0	7.34683e-05	0
0.461469	0.33802	357	0	0.00463584	0.16604	0.1785	0	0.0483285	0	7.34696e-05	0
0.461469	0.33802	358	0	0.00463584	0.16604	0.179	0	0.048237	0	7.34764e-05	0
0.461469	0.33802	359	0	0.00463584	0.16604	0.1795	0	0.0481453	0	7.34887e-05	0
0.461469	0.33802	360	0	0.00463584	0.16604	0.18	0	0.0480533	0	7.35064e-05	0
0.461469	0.33802	361	0	0.00463584	0.16604	0.1805	0	0.0479611	0	7.35296e-05	0
0.461469	0.33802	362	0	0.00463584	0.16604	0.181	0	0.0478686	0	7.35583e-05	0
0.461469	0.33802	363	0	0.00463584	0.16604	0.1815	0	0.0477759	0	7.35925e-05	0
0.461469	0.33802	364	0	0.00463584	0.16604	0.182	0	0.0476829	0	7.36322e-05	0
0.461469	0.33802	365	0	0.00463584	0.16604	0.1825	0	0.0475897	0	7.36774e-05	0
0.461469	0.33802	366	0	0.00463584	0.16604	0.183	0	0.0474962	0	7.37282e-05	0
0.461469	0.33802	367	0	0.00463584	0.16604	0.1835	0	0.0474025	0	7.37846e-05	0
0.461469	0.33802	368	0	0.00463584	0.16604	0.184	0	0.0473086	0	7.38466e-05	0
0.461469	0.33802	369	0	0.00463584	0.16604	0.1845	0	0.0472144	0	7.39142e-05	0
0.461469	0.33802	370	0	0.00463584	0.16604	0.185	0	0.0471199	0	7.39875e-05	0
0.461469	0.33802	371	0	0.00463584	0.16604	0.1855	0	0.0470253	0	7.40665e-05	0
0.461469	0.33802	372	0	0.00463584	0.16604	0.186	0	0.0469303	0	7.41512e-05	0
0.461469	0.33802	373	0	0.00463584	0.16604	0.1865	0	0.0468352	0	7.42418e-05	0
0.461469	0.33802	374	0	0.00463584	0.16604	0.187	0	0.0467398	0	7.43381e-05	0
0.461469	0.33802	375	0	0.00463584	0.16604	0.1875	0	0.0466442	0	7.44403e-05	0
0.461469	0.33802	376	0	0.00463584	0.16604	0.188	0	0.0465484	0	7.45484e-05	0
0.461469	0.33802	377	0	0.00463584	0.16604	0.1885	0	0.0464523	0	7.46626e-05	0
0.461469	0.33802	378	0	0.00463584	0.16604	0.189	0	0.046356	0	7.47827e-05	0
0.461469	0.33802	379	0	0.00463584	0.16604	0.1895	0	0.0462595	0	7.49089e-05	0
0.461469	0.33802	380	0	0.00463584	0.16604	0.19	0	0.0461627	0	7.50413e-05	0
0.461469	0.33802	381	0	0.00463584	0.16604	0.1905	0	0.0460657	0	7.51799e-05	0
0.461469	0.33802	382	0	0.00463584	0.16604	0.191	0	0.0459685	0	7.53248e-05	0
0.461469	0.33802	383	0	0.00463584	0.16604	0.1915	0	0.0458711	0	7.54761e-05	0
0.461469	0.33802	384	0	0.00463584	0.16604	0.192	0	0.0457735	0	7.56338e-05	0
0.461469	0.33802	385	0	0.00463584	0.16604	0.1925	0	0.0456756	0	7.57981e-05	0
0.461469	0.33802	386	0	0.00463584	0.16604	0.193	0	0.0455776	0	7.59689e-05	0
0.461469	0.33802	387	0	0.00463584	0.16604	0.1935	0	0.0454793	0	7.61465e-05	0
0.461469	0.33802	388	0	0.00463584	0.16604	0.194	0	0.0453808	0	7.63308e-05	0
0.461469	0.33802	389	0	0.00463584	0.16604	0.1945	0	0.0452821	0	7.65221e-05	0
0.461469	0.33802	390	0	0.00463584	0.16604	0.195	0	0.0451831	0	7.67203e-05	0
0.461469	0.33802	391	0	0.00463584	0.16604	0.1955	0	0.045084	0	7.69257e-05	0
0.461469	0.33802	392	0	0.00463584	0.16604	0.196	0	0.0449847	0	7.71382e-05	0
0.461469	0.33802	393	0	0.00463584	0.16604	0.1965	0	0.0448851	0	7.73581e-05	0
0.461469	0.33802	394	0	0.00463584	0.16604	0.197	0	0.0447853	0	7.75854e-05	0
0.461469	0.33802	395	0	0.00463584	0.16604	0.1975	0	0.0446854	0	7.78204e-05	0
0.461469	0.33802	396	0	0.00463584	0.16604	0.198	0	0.0445852	0	7.8063e-05	0
0.461469	0.33802	397	0	0.00463584	0.16604	0.1985	0	0.0444848	0	7.83135e-05	0
0.461469	0.33802	398	0	0.00463584	0.16604	0.199	0	0.0443843	0	7.8572e-05	0
0.461469	0.33802	399	0	0.00463584	0.16604	0.1995	0	0.0442835	0	7.88386e-05	0
0.461469	0.33802	400	0	0.00463584	0.16604	0.2	0	0.0441825	0	7.91136e-05	0
0.461469	0.33802	401	0	0.00463584	0.16604	0.2005	0	0.0440814	0	7.9397e-05	0
0.461469	0.33802	402	0	0.00463584	0.16604	0.201	0	0.04398	0	7.9689e-05	0
0.461469	0.33802	403	0	0.00463584	0.16604	0.2015	0	0.0438784	0	7.99899e-05	0
0.461469	0.33802	404	0	0.00463584	0.16604	0.202	0	0.0437767	0	8.02997e-05	0
0.461469	0.33802	405	0	0.00463584	0.16604	0.2025	0	0.0436747	0	8.06188e-05	0
0.461469	0.33802	406	0	0.00463584	0.16604	0.203	0	0.0435726	0	8.09472e-05	0
0.461469	0.33802	407	0	0.00463584	0.16604	0.2035	0	0.0434703	0	8.12853e-05	0
0.461469	0.33802	408	0	0.00463584	0.16604	0.204	0	0.0433678	0	8.16332e-05	0
0.461469	0.33802	409	0	0.00463584	0.16604	0.2045	0	0.0432651	0	8.19911e-05	0
0.461469	0.33802	410	0	0.00463584	0.16604	0.205	0	0.0431622	0	8.23593e-05	0
0.461469	0.33802	411	0	0.00463584	0.16604	0.2055	0	0.0430591	0	8.2738e-05	0
0.461469	0.33802	412	0	0.00463584	0.16604	0.206	0	0.0429558	0	8.31276e-05	0
0.461469	0.33802	413	0	0.00463584	0.16604	0.2065	0	0.0428524	0	8.35281e-05	0
0.461469	0.33802	414	0	0.00463584	0.16604	0.207	0	0.0427487	0	8.39401e-05	0
0.461469	0.33802	415	0	0.00463584	0.16604	0.2075	0	0.0426449	0	8.43636e-05	0
0.461469	0.33802	416	0	0.00463584	0.16604	0.208	0	0.0425409	0	8.47991e-05	0
0.461469	0.33802	417	0	0.00463584	0.16604	0.2085	0	0.0424368	0	8.52469e-05	0
0.461469	0.33802	418	0	0.00463584	0.16604	0.209	0	0.0423324	0	8.57072e-05	0
0.461469	0.33802	419	0	0.00463584	0.16604	0.2095	0	0.0422279	0	8.61804e-05	0
0.461469	0.33802	420	0	0.00463584	0.16604	0.21	0	0.0421232	0	8.6667e-05	0
0.461469	0.33802	421	0	0.00463584	0.16604	0.2105	0	0.0420183	0	8.71672e-05	0
0.461469	0.33802	422	0	0.00463584	0.16604	0.211	0	0.0419132	0	8.76815e-05	0
0.461469	0.33802	423	0	0.00463584	0.16604	0.2115	0	0.041808	0	8.82103e-05	0
0.461469	0.33802	424	0	0.00463584	0.16604	0.212	0	0.0417026	0	8.87539e-05	0
0.461469	0.33802	425	0	0.00463584	0.16604	0.2125	0	0.041597	0	8.9313e-05	0
0.461469	0.33802	426	0	0.00463584	0.16604	0.213	0	0.0414913	0	8.98879e-05	0
0.461469	0.33802	427	0	0.00463584	0.16604	0.2135	0	0.0413854	0	9.04791e-05	0
0.461469	0.33802	428	0	0.00463584	0.16604	0.214	0	0.0412793	0	9.10872e-05	0
0.461469	0.33802	429	0	0.00463584	0.16604	0.2145	0	0.0411731	0	9.17126e-05	0
0.461469	0.33802	430	0	0.00463584	0.16604	0.215	0	0.0410667	0	9.23561e-05	0
0.461469	0.33802	431	0	0.00463584	0.16604	0.2155	0	0.0409601	0	9.30181e-05	0
0.461469	0.33802	432	0	0.00463584	0.16604	0.216	0	0.0408533	0	9.36993e-05	0
0.461469	0.33802	433	0	0.00463584	0.16604	0.2165	0	0.0407464	0	9.44003e-05	0
0.461469	0.33802	434	0	0.00463584	0.16604	0.217	0	0.0406394	0	9.51219e-05	0
0.461469	0.33802	435	0	0.00463584	0.16604	0.2175	0	0.0405321	0	9.58648e-05	0
0.461469	0.33802	436	0	0.00463584	0.16604	0.218	0	0.0404247	0	9.66297e-05	0
0.461469	0.33802	437	0	0.00463584	0.16604	0.2185	0	0.0403172	0	9.74175e-05	0
0.461469	0.33802	438	0	0.00463584	0.16604	0.219	0	0.0402095	0	9.82289e-05	0
0.461469	0.33802	439	0	0.00463584	0.16604	0.2195	0	0.0401016	0	9.90649e-05	0
0.461469	0.33802	440	0	0.00463584	0.16604	0.22	0	0.0399936	0	9.99265e-05	0
0.461469	0.33802	441	0	0.00463584	0.16604	0.2205	0	0.0398854	0	0.000100815	0
0.461469	0.33802	442	0	0.00463584	0.16604	0.221	0	0.0397771	0	0.00010173	0
0.461469	0.33802	443	0	0.00463584	0.16604	0.2215	0	0.0396686	0	0.000102675	0
0.461469	0.33802	444	0	0.00463584	0.16604	0.222	0	0.0395599	0	0.000103649	0
0.461469	0.33802	445	0	0.00463584	0.16604	0.2225	0	0.0394511	0	0.000104654	0
0.461469	0.33802	446	0	0.00463584	0.16604	0.223	0	0.0393422	0	0.000105692	0
0.461469	0.33802	447	0	0.00463584	0.16604	0.2235	0	0.0392331	0	0.000106763	0
0.461469	0.33802	448	0	0.00463584	0.16604	0.224	0	0.0391238	0	0.00010787	0
0.461469	0.33802	449	0	0.00463584	0.16604	0.2245	0	0.0390144	0	0.000109013	0
0.461469	0.33802	450	0	0.00463584	0.16604	0.225	0	0.0389049	0	0.000110195	0
0.461469	0.33802	451	0	0.00463584	0.16604	0.2255	0	0.0387952	0	0.000111417	0
0.461469	0.33802	452	0	0.00463584	0.16604	0.226	0	0.0386854	0	0.000112682	0
0.461469	0.33802	453	0	0.00463584	0.16604	0.2265	0	0.0385754	0	0.00011399	0
0.461469	0.33802	454	0	0.00463584	0.16604	0.227	0	0.0384652	0	0.000115345	0
0.461469	0.33802	455	0	0.00463584	0.16604	0.2275	0	0.038355	0	0.000116748	0
0.461469	0.33802	456	0	0.00463584	0.16604	0.228	0	0.0382445	0	0.000118202	0
0.461469	0.33802	457	0	0.00463584	0.16604	0.2285	0	0.038134	0	0.00011971	0
0.461469	0.33802	458	0	0.00463584	0.16604	0.229	0	0.0380233	0	0.000121273	0
0.461469	0.33802	459	0	0.00463584	0.16604	0.2295	0	0.0379124	0	0.000122896	0
0.461469	0.33802	460	0	0.00463584	0.16604	0.23	0	0.0378014	0	0.000124582	0
0.461469	0.33802	461	0	0.00463584	0.16604	0.2305	0	0.0376903	0	0.000126333	0
0.461469	0.33802	462	0	0.00463584	0.16604	0.231	0	0.0375791	0	0.000128154	0
0.461469	0.33802	463	0	0.00463584	0.16604	0.2315	0	0.0374677	0	0.000130049	0
0.461469	0.33802	464	0	0.00463584	0.16604	0.232	0	0.0373561	0	0.000132021	0
0.461469	0.33802	465	0	0.00463584	0.16604	0.2325	0	0.0372444	0	0.000134076	0
0.461469	0.33802	466	0	0.00463584	0.16604	0.233	0	0.0371326	0	0.000136218	0
0.461469	0.33802	467	0	0.00463584	0.16604	0.2335	0	0.0370207	0	0.000138453	0
0.461469	0.33802	468	0	0.00463584	0.16604	0.234	0	0.0369086	0	0.000140787	0
0.461469	0.33802	469	0	0.00463584	0.16604	0.2345	0	0.0367964	0	0.000143226	0
0.461469	0.33802	470	0	0.00463584	0.16604	0.235	0	0.036684	0	0.000145777	0
0.461469	0.33802	471	0	0.00463584	0.16604	0.2355	0	0.0365716	0	0.000148448	0
0.461469	0.33802	472	0	0.00463584	0.16604	0.236	0	0.036459	0	0.000151246	0
0.461469	0.33802	473	0	0.00463584	0.16604	0.2365	0	0.0363462	0	0.000154182	0
0.461469	0.33802	474	0	0.00463584	0.16604	0.237	0	0.0362333	0	0.000157265	0
0.461469	0.33802	475	0	0.00463584	0.16604	0.2375	0	0.0361203	0	0.000160506	0
0.461469	0.33802	476	0	0.00463584	0.16604	0.238	0	0.0360072	0	0.000163917	0
0.461469	0.33802	477	0	0.00463584	0.16604	0.2385	0	0.035894	0	0.000167511	0
0.461469	0.33802	478	0	0.00463584	0.16604	0.239	0	0.0357806	0	0.000171304	0
0.461469	0.33802	479	0	0.00463584	0.16604	0.2395	0	0.0356671	0	0.000175311	0
0.461469	0.33802	480	0	0.00463584	0.16604	0.24	0	0.0355534	0	0.000179552	0
0.461469	0.33802	481	0	0.00463584	0.16604	0.2405	0	0.0354397	0	0.000184046	0
0.461469	0.33802	482	0	0.00463584	0.16604	0.241	0	0.0353258	0	0.000188817	0
0.461469	0.33802	483	0	0.00463584	0.16604	0.2415	0	0.0352118	0	0.000193891	0
0.461469	0.33802	484	0	0.00463584	0.16604	0.242	0	0.0350976	0	0.000199296	0
0.461469	0.33802	485	0	0.00463584	0.16604	0.2425	0	0.0349834	0	0.000205066	0
0.461469	0.33802	486	0	0.00463584	0.16604	0.243	0	0.034869	0	0.000211238	0
0.461469	0.33802	487	0	0.00463584	0.16604	0.2435	0	0.0347545	0	0.000217856	0
0.461469	0.33802	488	0	0.00463584	0.16604	0.244	0	0.0346399	0	0.000224969	0
0.461469	0.33802	489	0	0.00463584	0.16604	0.2445	0	0.0345251	0	0.000232633	0
0.461469	0.33802	490	0	0.00463584	0.16604	0.245	0	0.0344103	0	0.000240916	0
0.461469	0.33802	491	0	0.00463584	0.16604	0.2455	0	0.0342953	0	0.000249893	0
0.461469	0.33802	492	0	0.00463584	0.16604	0.246	0	0.0341802	0	0.000259656	0
0.461469	0.33802	493	0	0.00463584	0.16604	0.2465	0	0.034065	0	0.000270312	0
0.461469	0.33802	494	0	0.00463584	0.16604	0.247	0	0.0339497	0	0.000281987	0
0.461469	0.33802	495	0	0.00463584	0.16604	0.2475	0	0.0338342	0	0.000294835	0
0.461469	0.33802	496	0	0.00463584	0.16604	0.248	0	0.0337187	0	0.00030904	0
0.461469	0.33802	497	0	0.00463584	0.16604	0.2485	0	0.033603	0	0.000324828	0
0.461469	0.33802	498	0	0.00463584	0.16604	0.249	0	0.0334872	0	0.000342479	0
0.461469	0.33802	499	0	0.00463584	0.16604	0.2495	0	0.0333713	0	0.000362339	0
0.461469	0.33802	500	0	0.00463584	0.16604	0.25	0	0.0332553	0	0.000384852	0
0.461469	0.33802	501	0	0.00463584	0.16604	0.2505	0	0.0331392	0	0.000410584	0
0.461469	0.33802	502	0	0.00463584	0.16604	0.251	0	0.0330229	0	0.000440276	0
0.461469	0.33802	503	0	0.00463584	0.16604	0.2515	0	0.0329066	0	0.000474917	0
0.461469	0.33802	504	0	0.00463584	0.16604	0.252	0	0.0327901	0	0.000515854	0
0.461469	0.33802	505	0	0.00463584	0.16604	0.2525	0	0.0326735	0	0.000564969	0
0.461469	0.33802	506	0	0.00463584	0.16604	0.253	0	0.0325569	0	0.000624983	0
0.461469	0.33802	507	0	0.00463584	0.16604	0.2535	0	0.0324401	0	0.00069997	0
0.461469	0.33802	508	0	0.00463584	0.16604	0.254	0	0.0323232	0	0.000796325	0
0.461469	0.33802	509	0	0.00463584	0.16604	0.2545	0	0.0322061	0	0.00092469	0
0.461469	0.33802	510	0	0.00463584	0.16604	0.255	0	0.032089	0	0.00110418	0
0.461469	0.33802	511	0	0.00463584	0.16604	0.2555	0	0.0319718	0	0.00137291	0
0.461469	0.33802	512	0	0.00463584	0.16604	0.256	0	0.0318545	0	0.00181944	0
0.461469	0.33802	513	0	0.00463584	0.16604	0.2565	0	0.031737	0	0.00270731	0
0.461469	0.33802	514	0	0.00463584	0.16604	0.257	0	0.0316195	0	0.00533	0
0.461469	0.33802	515	0	0.00463584	0.16604	0.2575	0	0.0315019	0	0.22966	0
0.461469	0.33802	516	0	0.00463584	0.16604	0.258	0	0.0313841	0	-0.00554239	0
0.461469	0.33802	517	0	0.00463584	0.16604	0.2585	0	0.0312663	0	-0.00272675	0
0.461469	0.33802	518	0	0.00463584	0.16604	0.259	0	0.0311483	0	-0.00180316	0
0.461469	0.33802	519	0	0.00463584	0.16604	0.2595	0	0.0310302	0	-0.00134413	0
0.461469	0.33802	520	0	0.00463584	0.16604	0.26	0	0.0309121	0	-0.00106961	0
0.461469	0.33802	521	0	0.00463584	0.16604	0.2605	0	0.0307938	0	-0.000886972	0
0.461469	0.33802	522	0	0.00463584	0.16604	0.261	0	0.0306755	0	-0.000756707	0
0.461469	0.33802	523	0	0.00463584	0.16604	0.2615	0	0.030557	0	-0.000659117	0
0.461469	0.33802	524	0	0.00463584	0.16604	0.262	0	0.0304384	0	-0.000583281	0
0.461469	0.33802	525	0	0.00463584	0.16604	0.2625	0	0.0303198	0	-0.000522657	0
0.461469	0.33802	526	0	0.00463584	0.16604	0.263	0	0.030201	0	-0.000473087	0
0.461469	0.33802	527	0	0.00463584	0.16604	0.2635	0	0.0300821	0	-0.000431803	0
0.461469	0.33802	528	0	0.00463584	0.16604	0.264	0	0.0299632	0	-0.000396888	0
0.461469	0.33802	529	0	0.00463584	0.16604	0.2645	0	0.0298441	0	-0.000366976	0
0.461469	0.33802	530	0	0.00463584	0.16604	0.265	0	0.029725	0	-0.000341064	0
0.461469	0.33802	531	0	0.00463584	0.16604	0.2655	0	0.0296057	0	-0.000318401	0
0.461469	0.33802	532	0	0.00463584	0.16604	0.266	0	0.0294864	0	-0.000298413	0
0.461469	0.33802	533	0	0.00463584	0.16604	0.2665	0	0.0293669	0	-0.000280653	0
0.461469	0.33802	534	0	0.00463584	0.16604	0.267	0	0.0292474	0	-0.000264769	0
0.461469	0.33802	535	0	0.00463584	0.16604	0.2675	0	0.0291278	0	-0.00025048	0
0.461469	0.33802	536	0	0.00463584	0.16604	0.268	0	0.0290081	0	-0.000237557	0
0.461469	0.33802	537	0	0.00463584	0.16604	0.2685	0	0.0288882	0	-0.000225813	0
0.461469	0.33802	538	0	0.00463584	0.16604	0.269	0	0.0287683	0	-0.000215095	0
0.461469	0.33802	539	0	0.00463584	0.16604	0.2695	0	0.0286483	0	-0.000205274	0
0.461469	0.33802	540	0	0.00463584	0.16604	0.27	0	0.0285282	0	-0.000196243	0
0.461469	0.33802	541	0	0.00463584	0.16604	0.2705	0	0.028408	0	-0.00018791	0
0.461469	0.33802	542	0	0.00463584	0.16604	0.271	0	0.0282877	0	-0.000180197	0
0.461469	0.33802	543	0	0.00463584	0.16604	0.2715	0	0.0281674	0	-0.000173038	0
0.461469	0.33802	544	0	0.00463584	0.16604	0.272	0	0.0280469	0	-0.000166376	0
0.461469	0.33802	545	0	0.00463584	0.16604	0.2725	0	0.0279264	0	-0.000160161	0
0.461469	0.33802	546	0	0.00463584	0.16604	0.273	0	0.0278057	0	-0.000154349	0
0.461469	0.33802	547	0	0.00463584	0.16604	0.2735	0	0.027685	0	-0.000148903	0
0.461469	0.33802	548	0	0.00463584	0.16604	0.274	0	0.0275642	0	-0.00014379	0
0.461469	0.33802	549	0	0.00463584	0.16604	0.2745	0	0.0274433	0	-0.000138979	0
0.461469	0.33802	550	0	0.00463584	0.16604	0.275	0	0.0273223	0	-0.000134445	0
0.461469	0.33802	551	0	0.00463584	0.16604	0.2755	0	0.0272012	0	-0.000130165	0
0.461469	0.33802	552	0	0.00463584	0.16604	0.276	0	0.02708	0	-0.000126119	0
0.461469	0.33802	553	0	0.00463584	0.16604	0.2765	0	0.0269587	0	-0.000122287	0
0.461469	0.33802	554	0	0.00463584	0.16604	0.277	0	0.0268374	0	-0.000118653	0
0.461469	0.33802	555	0	0.00463584	0.16604	0.2775	0	0.026716	0	-0.000115203	0
0.461469	0.33802	556	0	0.00463584	0.16604	0.278	0	0.0265945	0	-0.000111923	0
0.461469	0.33802	557	0	0.00463584	0.16604	0.2785	0	0.0264729	0	-0.0001088	0
0.461469	0.33802	558	0	0.00463584	0.16604	0.279	0	0.0263512	0	-0.000105824	0
0.461469	0.33802	559	0	0.00463584	0.16604	0.2795	0	0.0262294	0	-0.000102985	0
0.461469	0.33802	560	0	0.00463584	0.16604	0.28	0	0.0261075	0	-0.000100273	0
0.461469	0.33802	561	0	0.00463584	0.16604	0.2805	0	0.0259856	0	-9.76804e-05	0
0.461469	0.33802	562	0	0.00463584	0.16604	0.281	0	0.0258636	0	-9.51994e-05	0
0.461469	0.33802	563	0	0.00463584	0.16604	0.2815	0	0.0257415	0	-9.28228e-05	0
0.461469	0.33802	564	0	0.00463584	0.16604	0.282	0	0.0256193	0	-9.05441e-05	0
0.461469	0.33802	565	0	0.00463584	0.16604	0.2825	0	0.025497	0	-8.83574e-05	0
0.461469	0.33802	566	0	0.00463584	0.16604	0.283	0	0.0253747	0	-8.62569e-05	0
0.461469	0.33802	567	0	0.00463584	0.16604	0.2835	0	0.0252523	0	-8.42376e-05	0
0.461469	0.33802	568	0	0.00463584	0.16604	0.284	0	0.0251298	0	-8.22944e-05	0
0.461469	0.33802	569	0	0.00463584	0.16604	0.2845	0	0.0250072	0	-8.04228e-05	0
0.461469	0.33802	570	0	0.00463584	0.16604	0.285	0	0.0248845	0	-7.86185e-05	0
0.461469	0.33802	571	0	0.00463584	0.16604	0.2855	0	0.0247617	0	-7.68776e-05	0
0.461469	0.33802	572	0	0.00463584	0.16604	0.286	0	0.0246389	0	-7.51962e-05	0
0.461469	0.33802	573	0	0.00463584	0.16604	0.2865	0	0.024516	0	-7.35708e-05	0
0.461469	0.33802	574	0	0.00463584	0.16604	0.287	0	0.024393	0	-7.19983e-05	0
0.461469	0.33802	575	0	0.00463584	0.16604	0.2875	0	0.02427	0	-7.04754e-05	0
0.461469	0.33802	576	0	0.00463584	0.16604	0.288	0	0.0241468	0	-6.89995e-05	0
0.461469	0.33802	577	0	0.00463584	0.16604	0.2885	0	0.0240236	0	-6.75678e-05	0
0.461469	0.33802	578	0	0.00463584	0.16604	0.289	0	0.0239003	0	-6.61778e-05	0
0.461469	0.33802	579	0	0.00463584	0.16604	0.2895	0	0.0237769	0	-6.48273e-05	0
0.461469	0.33802	580	0	0.00463584	0.16604	0.29	0	0.0236535	0	-6.35142e-05	0
0.461469	0.33802	581	0	0.00463584	0.16604	0.2905	0	0.02353	0	-6.22365e-05	0
0.461469	0.33802	582	0	0.00463584	0.16604	0.291	0	0.0234064	0	-6.09924e-05	0
0.461469	0.33802	583	0	0.00463584	0.16604	0.2915	0	0.0232827	0	-5.97801e-05	0
0.461469	0.33802	584	0	0.00463584	0.16604	0.292	0	0.0231589	0	-5.85982e-05	0
0.461469	0.33802	585	0	0.00463584	0.16604	0.2925	0	0.0230351	0	-5.74452e-05	0
0.461469	0.33802	586	0	0.00463584	0.16604	0.293	0	0.0229112	0	-5.63197e-05	0
0.461469	0.33802	587	0	0.00463584	0.16604	0.2935	0	0.0227872	0	-5.52206e-05	0
0.461469	0.33802	588	0	0.00463584	0.16604	0.294	0	0.0226632	0	-5.41466e-05	0
0.461469	0.33802	589	0	0.00463584	0.16604	0.2945	0	0.0225391	0	-5.30967e-05	0
0.461469	0.33802	590	0	0.00463584	0.16604	0.295	0	0.0224149	0	-5.207e-05	0
0.461469	0.33802	591	0	0.00463584	0.16604	0.2955	0	0.0222906	0	-5.10654e-05	0
0.461469	0.33802	592	0	0.00463584	0.16604	0.296	0	0.0221663	0	-5.00822e-05	0
0.461469	0.33802	593	0	0.00463584	0.16604	0.2965	0	0.0220419	0	-4.91195e-05	0
0.461469	0.33802	594	0	0.00463584	0.16604	0.297	0	0.0219174	0	-4.81766e-05	0
0.461469	0.33802	595	0	0.00463584	0.16604	0.2975	0	0.0217928	0	-4.72529e-05	0
0.461469	0.33802	596	0	0.00463584	0.16604	0.298	0	0.0216682	0	-4.63476e-05	0
0.461469	0.33802	597	0	0.00463584	0.16604	0.2985	0	0.0215435	0	-4.54602e-05	0
0.461469	0.33802	598	0	0.00463584	0.16604	0.299	0	0.0214188	0	-4.459e-05	0
0.461469	0.33802	599	0	0.00463584	0.16604	0.2995	0	0.0212939	0	-4.37366e-05	0
0.461469	0.33802	600	0	0.00463584	0.16604	0.3	0	0.021169	0	-4.28995e-05	0
0.461469	0.33802	601	0	0.00463584	0.16604	0.3005	0	0.0210441	0	-4.20781e-05	0
0.461469	0.33802	602	0	0.00463584	0.16604	0.301	0	0.020919	0	-4.1272e-05	0
0.461469	0.33802	603	0	0.00463584	0.16604	0.3015	0	0.0207939	0	-4.04808e-05	0
0.461469	0.33802	604	0	0.00463584	0.16604	0.302	0	0.0206687	0	-3.97041e-05	0
0.461469	0.33802	605	0	0.00463584	0.16604	0.3025	0	0.0205435	0	-3.89415e-05	0
0.461469	0.33802	606	0	0.00463584	0.16604	0.303	0	0.0204182	0	-3.81926e-05	0
0.461469	0.33802	607	0	0.00463584	0.16604	0.3035	0	0.0202928	0	-3.7457e-05	0
0.461469	0.33802	608	0	0.00463584	0.16604	0.304	0	0.0201673	0	-3.67345e-05	0
0.461469	0.33802	609	0	0.00463584	0.16604	0.3045	0	0.0200418	0	-3.60246e-05	0
0.461469	0.33802	610	0	0.00463584	0.16604	0.305	0	0.0199163	0	-3.53272e-05	0
0.461469	0.33802	611	0	0.00463584	0.16604	0.3055	0	0.0197906	0	-3.46418e-05	0
0.461469	0.33802	612	0	0.00463584	0.16604	0.306	0	0.0196649	0	-3.39683e-05	0
0.461469	0.33802	613	0	0.00463584	0.16604	0.3065	0	0.0195391	0	-3.33063e-05	0
0.461469	0.33802	614	0	0.00463584	0.16604	0.307	0	0.0194133	0	-3.26555e-05	0
0.461469	0.33802	615	0	0.00463584	0.16604	0.3075	0	0.0192874	0	-3.20157e-05	0
0.461469	0.33802	616	0	0.00463584	0.16604	0.308	0	0.0191614	0	-3.13867e-05	0
0.461469	0.33802	617	0	0.00463584	0.16604	0.3085	0	0.0190354	0	-3.07682e-05	0
0.461469	0.33802	618	0	0.00463584	0.16604	0.309	0	0.0189092	0	-3.01599e-05	0
0.461469	0.33802	619	0	0.00463584	0.16604	0.3095	0	0.0187831	0	-2.95618e-05	0
0.461469	0.33802	620	0	0.00463584	0.16604	0.31	0	0.0186569	0	-2.89734e-05	0
0.461469	0.33802	621	0	0.00463584	0.16604	0.3105	0	0.0185306	0	-2.83946e-05	0
0.461469	0.33802	622	0	0.00463584	0.16604	0.311	0	0.0184042	0	-2.78252e-05	0
0.461469	0.33802	623	0	0.00463584	0.16604	0.3115	0	0.0182778	0	-2.7265e-05	0
0.461469	0.33802	624	0	0.00463584	0.16604	0.312	0	0.0181513	0	-2.67139e-05	0
0.461469	0.33802	625	0	0.00463584	0.16604	0.3125	0	0.0180248	0	-2.61715e-05	0
0.461469	0.33802	626	0	0.00463584	0.16604	0.313	0	0.0178982	0	-2.56377e-05	0
0.461469	0.33802	627	0	0.00463584	0.16604	0.3135	0	0.0177715	0	-2.51124e-05	0
0.461469	0.33802	628	0	0.00463584	0.16604	0.314	0	0.0176448	0	-2.45953e-05	0
0.461469	0.33802	629	1	0.00463584	0.16604	0.3145	0	0.017518	0	-2.40862e-05	0
0.461469	0.33802	630	1	0.00463584	0.16604	0.315	0	0.0173911	0	-2.35851e-05	0
0.461469	0.33802	631	1	0.00463584	0.16604	0.3155	0	0.0172642	0	-2.30918e-05	0
0.461469	0.33802	632	1	0.00463584	0.16604	0.316	0	0.0171372	0	-2.2606e-05	0
0.461469	0.33802	633	1	0.00463584	0.16604	0.3165	0	0.0170102	0	-2.21276e-05	0
0.461469	0.33802	634	1	0.00463584	0.16604	0.317	0	0.0168831	0	-2.16565e-05	0
0.461469	0.33802	635	1	0.00463584	0.16604	0.3175	0	0.016756	0	-2.11925e-05	0
0.461469	0.33802	636	1	0.00463584	0.16604	0.318	0	0.0166288	0	-2.07354e-05	0
0.461469	0.33802	637	1	0.00463584	0.16604	0.3185	0	0.0165015	0	-2.02852e-05	0
0.461469	0.33802	638	1	0.00463584	0.16604	0.319	0	0.0163742	0	-1.98417e-05	0
0.461469	0.33802	639	1	0.00463584	0.16604	0.3195	0	0.0162468	0	-1.94047e-05	0
0.461469	0.33802	640	1	0.00463584	0.16604	0.32	0	0.0161193	0	-1.89741e-05	0
0.461469	0.33802	641	1	0.00463584	0.16604	0.3205	0	0.0159918	0	-1.85497e-05	0
0.461469	0.33802	642	1	0.00463584	0.16604	0.321	0	0.0158643	0	-1.81316e-05	0
0.461469	0.33802	643	1	0.00463584	0.16604	0.3215	0	0.0157366	0	-1.77194e-05	0
0.461469	0.33802	644	1	0.00463584	0.16604	0.322	0	0.015609	0	-1.73132e-05	0
0.461469	0.33802	645	1	0.00463584	0.16604	0.3225	0	0.0154812	0	-1.69127e-05	0
0.461469	0.33802	646	1	0.00463584	0.16604	0.323	0	0.0153534	0	-1.65179e-05	0
0.461469	0.33802	647	1	0.00463584	0.16604	0.3235	0	0.0152256	0	-1.61286e-05	0
0.461469	0.33802	648	1	0.00463584	0.16604	0.324	0	0.0150977	0	-1.57448e-05	0
0.461469	0.33802	649	1	0.00463584	0.16604	0.3245	0	0.0149697	0	-1.53664e-05	0
0.461469	0.33802	650	1	0.00463584	0.16604	0.325	0	0.0148417	0	-1.49931e-05	0
0.461469	0.33802	651	1	0.00463584	0.16604	0.3255	0	0.0147137	0	-1.4625e-05	0
0.461469	0.33802	652	1	0.00463584	0.16604	0.326	0	0.0145855	0	-1.42619e-05	0
0.461469	0.33802	653	1	0.00463584	0.16604	0.3265	0	0.0144574	0	-1.39037e-05	0
0.461469	0.33802	654	1	0.00463584	0.16604	0.327	0	0.0143291	0	-1.35504e-05	0
0.461469	0.33802	655	1	0.00463584	0.16604	0.3275	0	0.0142008	0	-1.32018e-05	0
0.461469	0.33802	656	1	0.00463584	0.16604	0.328	0	0.0140725	0	-1.28579e-05	0
0.461469	0.33802	657	1	0.00463584	0.16604	0.3285	0	0.0139441	0	-1.25186e-05	0
0.461469	0.33802	658	1	0.00463584	0.16604	0.329	0	0.0138156	0	-1.21837e-05	0
0.461469	0.33802	659	1	0.00463584	0.16604	0.3295	0	0.0136871	0	-1.18533e-05	0
0.461469	0.33802	660	1	0.00463584	0.16604	0.33	0	0.0135586	0	-1.15272e-05	0
0.461469	0.33802	661	1	0.00463584	0.16604	0.3305	0	0.01343	0	-1.12054e-05	0
0.461469	0.33802	662	1	0.00463584	0.16604	0.331	0	0.0133013	0	-1.08877e-05	0
0.461469	0.33802	663	1	0.00463584	0.16604	0.3315	0	0.0131726	0	-1.05742e-05	0
0.461469	0.33802	664	1	0.00463584	0.16604	0.332	0	0.0130438	0	-1.02648e-05	0
0.461469	0.33802	665	1	0.00463584	0.16604	0.3325	0	0.012915	0	-9.95932e-06	0
0.461469	0.33802	666	1	0.00463584	0.16604	0.333	0	0.0127861	0	-9.65783e-06	0
0.461469	0.33802	667	1	0.00463584	0.16604	0.3335	0	0.0126572	0	-9.36022e-06	0
0.461469	0.33802	668	1	0.00463584	0.16604	0.334	0	0.0125282	0	-9.06646e-06	0
0.461469	0.33802	669	1	0.00463584	0.16604	0.3345	0	0.0123992	0	-8.77649e-06	0
0.461469	0.33802	670	1	0.00463584	0.16604	0.335	0	0.0122701	0	-8.49027e-06	0
0.461469	0.33802	671	1	0.00463584	0.16604	0.3355	0	0.0121409	0	-8.20776e-06	0
0.461469	0.33802	672	1	0.00463584	0.16604	0.336	0	0.0120117	0	-7.92892e-06	0
0.461469	0.33802	673	1	0.00463584	0.16604	0.3365	0	0.0118825	0	-7.65373e-06	0
0.461469	0.33802	674	1	0.00463584	0.16604	0.337	0	0.0117532	0	-7.38216e-06	0
0.461469	0.33802	675	1	0.00463584	0.16604	0.3375	0	0.0116239	0	-7.11419e-06	0
0.461469	0.33802	676	1	0.00463584	0.16604	0.338	0	0.0114945	0	-6.8498e-06	0
0.461469	0.33802	677	1	0.00463584	0.16604	0.3385	0	0.0113651	0	-6.58897e-06	0
0.461469	0.33802	678	1	0.00463584	0.16604	0.339	0	0.0112356	0	-6.3317e-06	0
0.461469	0.33802	679	1	0.00463584	0.16604	0.3395	0	0.011106	0	-6.078e-06	0
0.461469	0.33802	680	1	0.00463584	0.16604	0.34	0	0.0109765	0	-5.82786e-06	0
0.461469	0.33802	681	1	0.00463584	0.16604	0.3405	0	0.0108468	0	-5.5813e-06	0
0.461469	0.33802	682	1	0.00463584	0.16604	0.341	0	0.0107171	0	-5.33834e-06	0
0.461469	0.33802	683	1	0.00463584	0.16604	0.3415	0	0.0105874	0	-5.099e-06	0
0.461469	0.33802	684	1	0.00463584	0.16604	0.342	0	0.0104576	0	-4.86332e-06	0
0.461469	0.33802	685	1	0.00463584	0.16604	0.3425	0	0.0103278	0	-4.63134e-06	0
0.461469	0.33802	686	1	0.00463584	0.16604	0.343	0	0.0101979	0	-4.40311e-06	0
0.461469	0.33802	687	1	0.00463584	0.16604	0.3435	0	0.010068	0	-4.17869e-06	0
0.461469	0.33802	688	1	0.00463584	0.16604	0.344	0	0.00993802	0	-3.95816e-06	0
0.461469	0.33802	689	1	0.00463584	0.16604	0.3445	0	0.009808	0	-3.74159e-06	0
0.461469	0.33802	690	1	0.00463584	0.16604	0.345	0	0.00967793	0	-3.52907e-06	0
0.461469	0.33802	691	1	0.00463584	0.16604	0.3455	0	0.00954782	0	-3.32072e-06	0
0.461469	0.33802	692	1	0.00463584	0.16604	0.346	0	0.00941765	0	-3.11665e-06	0
0.461469	0.33802	693	1	0.00463584	0.16604	0.3465	0	0.00928744	0	-2.91699e-06	0
0.461469	0.33802	694	1	0.00463584	0.16604	0.347	0	0.00915719	0	-2.72189e-06	0
0.461469	0.33802	695	1	0.00463584	0.16604	0.3475	0	0.00902689	0	-2.53151e-06	0
0.461469	0.33802	696	1	0.00463584	0.16604	0.348	0	0.00889654	0	-2.34603e-06	0
0.461469	0.33802	697	1	0.00463584	0.16604	0.3485	0	0.00876615	0	-2.16565e-06	0
0.461469	0.33802	698	1	0.00463584	0.16604	0.349	0	0.00863571	0	-1.99058e-06	0
0.461469	0.33802	699	1	0.00463584	0.16604	0.3495	0	0.00850522	0	-1.82105e-06	0
0.461469	0.33802	700	1	0.00463584	0.16604	0.35	0	0.00837469	0	-1.65731e-06	0
0.461469	0.33802	701	1	0.00463584	0.16604	0.3505	0	0.00824411	0	-1.49962e-06	0
0.461469	0.33802	702	1	0.00463584	0.16604	0.351	0	0.00811349	0	-1.34829e-06	0
0.461469	0.33802	703	1	0.00463584	0.16604	0.3515	0	0.00798283	0	-1.2036e-06	0
0.461469	0.33802	704	1	0.00463584	0.16604	0.352	0	0.00785212	0	-1.06589e-06	0
0.461469	0.33802	705	1	0.00463584	0.16604	0.3525	0	0.00772136	0	-9.35483e-07	0
0.461469	0.33802	706	1	0.00463584	0.16604	0.353	0	0.00759056	0	-8.12718e-07	0
0.461469	0.33802	707	1	0.00463584	0.16604	0.3535	0	0.00745972	0	-6.97943e-07	0
0.461469	0.33802	708	1	0.00463584	0.16604	0.354	0	0.00732883	0	-5.91498e-07	0
0.461469	0.33802	709	1	0.00463584	0.16604	0.3545	0	0.00719789	0	-4.93706e-07	0
0.461469	0.33802	710	1	0.00463584	0.16604	0.355	0	0.00706692	0	-4.04863e-07	0
0.461469	0.33802	711	1	0.00463584	0.16604	0.3555	0	0.0069359	0	-3.25218e-07	0
0.461469	0.33802	712	1	0.00463584	0.16604	0.356	0	0.00680484	0	-2.54952e-07	0
0.461469	0.33802	713	1	0.00463584	0.16604	0.3565	0	0.00667373	0	-1.94148e-07	0
0.461469	0.33802	714	1	0.00463584	0.16604	0.357	0	0.00654258	0	-1.42765e-07	0
0.461469	0.33802	715	1	0.00463584	0.16604	0.3575	0	0.00641139	0	-1.00595e-07	0
0.461469	0.33802	716	1	0.00463584	0.16604	0.358	0	0.00628016	0	-6.72346e-08	0
0.461469	0.33802	717	1	0.00463584	0.16604	0.3585	0	0.00614888	0	-4.20466e-08	0
0.461469	0.33802	718	1	0.00463584	0.16604	0.359	0	0.00601756	0	-2.41433e-08	0
0.461469	0.33802	719	1	0.00463584	0.16604	0.3595	0	0.0058862	0	-1.23922e-08	0
0.461469	0.33802	720	1	0.00463584	0.16604	0.36	0	0.00575479	0	-5.46609e-09	0
0.461469	0.33802	721	1	0.00463584	0.16604	0.3605	0	0.00562335	0	-1.95056e-09	0
0.461469	0.33802	722	1	0.00463584	0.16604	0.361	0	0.00549186	0	-5.10802e-10	0
0.461469	0.33802	723	1	0.00463584	0.16604	0.3615	0	0.00536033	0	-8.29557e-11	0
0.461469	0.33802	724	1	0.00463584	0.16604	0.362	0	0.00522876	0	-6.07995e-12	0
0.461469	0.33802	725	1	0.00463584	0.16604	0.3625	0	0.00509715	0	-1.01802e-13	0
0.461469	0.33802	726	1	0.00463584	0.16604	0.363	0	0.0049655	0	-6.64138e-17	0
0.461469	0.33802	727	1	0.00463584	0.16604	0.3635	0	0.0048338	0	-2.59715e-24	0
0.461469	0.33802	728	1	0.00463584	0.16604	0.364	0	0.00470207	0	-3.86838e-61	0
0.461469	0.33802	729	1	0.00463584	0.16604	0.3645	0	0.00457029	0	0	0
0.461469	0.33802	730	1	0.00463584	0.16604	0.365	0	0.00443848	0	0	0
0.461469	0.33802	731	1	0.00463584	0.16604	0.3655	0	0.00430662	0	0	0
0.461469	0.33802	732	1	0.00463584	0.16604	0.366	0	0.00417473	0	0	0
0.461469	0.33802	733	1	0.00463584	0.16604	0.3665	0	0.00404279	0	0	0
0.461469	0.33802	734	1	0.00463584	0.16604	0.367	0	0.00391082	0	0	0
0.461469	0.33802	735	1	0.00463584	0.16604	0.3675	0	0.0037788	0	0	0
0.461469	0.33802	736	1	0.00463584	0.16604	0.368	0	0.00364675	0	0	0
0.461469	0.33802	737	1	0.00463584	0.16604	0.3685	0	0.00351465	0	0	0
0.461469	0.33802	738	1	0.00463584	0.16604	0.369	0	0.00338252	0	0	0
0.461469	0.33802	739	1	0.00463584	0.16604	0.3695	0	0.00325035	0	0	0
0.461469	0.33802	740	1	0.00463584	0.16604	0.37	0	0.00311814	0	0	0
0.461469	0.33802	741	1	0.00463584	0.16604	0.3705	0	0.00298589	0	0	0
0.461469	0.33802	742	1	0.00463584	0.16604	0.371	0	0.0028536	0	0	0
0.461469	0.33802	743	1	0.00463584	0.16604	0.3715	0	0.00272127	0	0	0
0.461469	0.33802	744	1	0.00463584	0.16604	0.372	0	0.0025889	0	0	0
0.461469	0.33802	745	1	0.00463584	0.16604	0.3725	0	0.0024565	0	0	0
0.461469	0.33802	746	1	0.00463584	0.16604	0.373	0	0.00232406	0	0	0
0.461469	0.33802	747	1	0.00463584	0.16604	0.3735	0	0.00219158	0	0	0
0.461469	0.33802	748	1	0.00463584	0.16604	0.374	0	0.00205906	0	0	0
0.461469	0.33802	749	1	0.00463584	0.16604	0.3745	0	0.00192651	0	0	0
0.461469	0.33802	750	1	0.00463584	0.16604	0.375	0	0.00179391	0	0	0
0.461469	0.33802	751	1	0.00463584	0.16604	0.3755	0	0.00166128	0	0	0
0.461469	0.33802	752	1	0.00463584	0.16604	0.376	0	0.00152862	0	0	0
0.461469	0.33802	753	1	0.00463584	0.16604	0.3765	0	0.00139591	0	0	0
0.461469	0.33802	754	1	0.00463584	0.16604	0.377	0	0.00126317	0	0	0
0.461469	0.33802	755	1	0.00463584	0.16604	0.3775	0	0.00113039	0	0	0
0.461469	0.33802	756	1	0.00463584	0.16604	0.378	0	0.00099758	0	0	0
0.461469	0.33802	757	1	0.00463584	0.16604	0.3785	0	0.000864729	0	0	0
0.461469	0.33802	758	1	0.00463584	0.16604	0.379	0	0.000731841	0	0	0
0.461469	0.33802	759	1	0.00463584	0.16604	0.3795	0	0.000598918	0	0	0
0.461469	0.33802	760	1	0.00463584	0.16604	0.38	0	0.000465958	0	0	0
0.461469	0.33802	761	1	0.00463584	0.16604	0.3805	0	0.000332962	0	0	0
0.461469	0.33802	762	1	0.00463584	0.16604	0.381	0	0.00019993	0	0	0
0.461469	0.33802	763	1	0.00463584	0.16604	0.3815	0	6.68631e-05	0	0	0
0.461469	0.33802	764	1	0.00463584	0.16604	0.382	0	-6.62397e-05	0	0	0
0.461469	0.33802	765	1	0.00463584	0.16604	0.3825	0	-0.000199378	0	0	0
0.461469	0.33802	766	1	0.00463584	0.16604	0.383	0	-0.000332552	0	0	0
0.461469	0.33802	767	1	0.00463584	0.16604	0.3835	0	-0.000465761	0	0	0
0.461469	0.33802	768	1	0.00463584	0.16604	0.384	0	-0.000599004	0	0	0
0.461469	0.33802	769	1	0.00463584	0.16604	0.3845	0	-0.000732283	0	0	0
0.461469	0.33802	770	1	0.00463584	0.16604	0.385	0	-0.000865597	0	0	0
0.461469	0.33802	771	1	0.00463584	0.16604	0.3855	0	-0.000998945	0	0	0
0.461469	0.33802	772	1	0.00463584	0.16604	0.386	0	-0.00113233	0	0	0
0.461469	0.33802	773	1	0.00463584	0.16604	0.3865	0	-0.00126575	0	0	0
0.461469	0.33802	774	1	0.00463584	0.16604	0.387	0	-0.0013992	0	0	0
0.461469	0.33802	775	1	0.00463584	0.16604	0.3875	0	-0.00153268	0	0	0
0.461469	0.33802	776	1	0.00463584	0.16604	0.388	0	-0.0016662	0	0	0
0.461469	0.33802	777	1	0.00463584	0.16604	0.3885	0	-0.00179976	0	0	0
0.461469	0.33802	778	1	0.00463584	0.16604	0.389	0	-0.00193334	0	0	0
0.461469	0.33802	779	1	0.00463584	0.16604	0.3895	0	-0.00206696	0	0	0
0.461469	0.33802	780	1	0.00463584	0.16604	0.39	0	-0.00220062	0	0	0
0.461469	0.33802	781	1	0.00463584	0.16604	0.3905	0	-0.00233431	0	0	0
0.461469	0.33802	782	1	0.00463584	0.16604	0.391	0	-0.00246803	0	0	0
0.461469	0.33802	783	1	0.00463584	0.16604	0.3915	0	-0.00260178	0	0	0
0.461469	0.33802	784	1	0.00463584	0.16604	0.392	0	-0.00273557	0	0	0
0.461469	0.33802	785	1	0.00463584	0.16604	0.3925	0	-0.00286939	0	0	0
0.461469	0.33802	786	1	0.00463584	0.16604	0.393	0	-0.00300325	0	0	0
0.461469	0.33802	787	1	0.00463584	0.16604	0.3935	0	-0.00313713	0	0	0
0.461469	0.33802	788	1	0.00463584	0.16604	0.394	0	-0.00327105	0	0	0
0.461469	0.33802	789	1	0.00463584	0.16604	0.3945	0	-0.003405	0	0	0
0.461469	0.33802	790	1	0.00463584	0.16604	0.395	0	-0.00353899	0	0	0
0.461469	0.33802	791	1	0.00463584	0.16604	0.3955	0	-0.003673	0	0	0
0.461469	0.33802	792	1	0.00463584	0.16604	0.396	0	-0.00380705	0	0	0
0.461469	0.33802	793	1	0.00463584	0.16604	0.3965	0	-0.00394113	0	0	0
0.461469	0.33802	794	1	0.00463584	0.16604	0.397	0	-0.00407524	0	0	0
0.461469	0.33802	795	1	0.00463584	0.16604	0.3975	0	-0.00420939	0	0	0
0.461469	0.33802	796	1	0.00463584	0.16604	0.398	0	-0.00434356	0	0	0
0.461469	0.33802	797	1	0.00463584	0.16604	0.3985	0	-0.00447777	0	0	0
0.461469	0.33802	798	1	0.00463584	0.16604	0.399	0	-0.00461201	0	0	0
0.461469	0.33802	799	1	0.00463584	0.16604	0.3995	0	-0.00474628	0	0	0
0.461469	0.33802	800	1	0.00463584	0.16604	0.4	0	-0.00488058	0	0	0
0.461469	0.33802	801	1	0.00463584	0.16604	0.4005	0	-0.00501491	0	0	0
0.461469	0.33802	802	1	0.00463584	0.16604	0.401	0	-0.00514927	0	0	0
0.461469	0.33802	803	1	0.00463584	0.16604	0.4015	0	-0.00528367	0	0	0
0.461469	0.33802	804	1	0.00463584	0.16604	0.402	0	-0.00541809	0	0	0
0.461469	0.33802	805	1	0.00463584	0.16604	0.4025	0	-0.00555255	0	0	0
0.461469	0.33802	806	1	0.00463584	0.16604	0.403	0	-0.00568704	0	0	0
0.461469	0.33802	807	1	0.00463584	0.16604	0.4035	0	-0.00582155	0	0	0
0.461469	0.33802	808	1	0.00463584	0.16604	0.404	0	-0.0059561	0	0	0
0.461469	0.33802	809	1	0.00463584	0.16604	0.4045	0	-0.00609068	0	0	0
0.461469	0.33802	810	1	0.00463584	0.16604	0.405	0	-0.00622528	0	0	0
0.461469	0.33802	811	1	0.00463584	0.16604	0.4055	0	-0.00635992	0	0	0
0.461469	0.33802	812	1	0.00463584	0.16604	0.406	0	-0.00649459	0	0	0
0.461469	0.33802	813	1	0.00463584	0.16604	0.4065	0	-0.00662929	0	0	0
0.461469	0.33802	814	1	0.00463584	0.16604	0.407	0	-0.00676401	0	0	0
0.461469	0.33802	815	1	0.00463584	0.16604	0.4075	0	-0.00689877	0	0	0
0.461469	0.33802	816	1	0.00463584	0.16604	0.408	0	-0.00703356	0	0	0
0.461469	0.33802	817	1	0.00463584	0.16604	0.4085	0	-0.00716837	0	0	0
0.461469	0.33802	818	1	0.00463584	0.16604	0.409	0	-0.00730322	0	0	0
0.461469	0.33802	819	1	0.00463584	0.16604	0.4095	0	-0.00743809	0	0	0
0.461469	0.33802	820	1	0.00463584	0.16604	0.41	0	-0.00757299	0	0	0
0.461469	0.33802	821	1	0.00463584	0.16604	0.4105	0	-0.00770793	0	0	0
0.461469	0.33802	822	1	0.00463584	0.16604	0.411	0	-0.00784289	0	0	0
0.461469	0.33802	823	1	0.00463584	0.16604	0.4115	0	-0.00797788	0	0	0
0.461469	0.33802	824	1	0.00463584	0.16604	0.412	0	-0.0081129	0	0	0
0.461469	0.33802	825	1	0.00463584	0.16604	0.4125	0	-0.00824794	0	0	0
0.461469	0.33802	826	1	0.00463584	0.16604	0.413	0	-0.00838302	0	0	0
0.461469	0.33802	827	1	0.00463584	0.16604	0.4135	0	-0.00851812	0	0	0
0.461469	0.33802	828	1	0.00463584	0.16604	0.414	0	-0.00865326	0	0	0
0.461469	0.33802	829	1	0.00463584	0.16604	0.4145	0	-0.00878842	0	0	0
0.461469	0.33802	830	1	0.00463584	0.16604	0.415	0	-0.00892361	0	0	0
0.461469	0.33802	831	1	0.00463584	0.16604	0.4155	0	-0.00905882	0	0	0
0.461469	0.33802	832	1	0.00463584	0.16604	0.416	0	-0.00919407	0	0	0
0.461469	0.33802	833	1	0.00463584	0.16604	0.4165	0	-0.00932934	0	0	0
0.461469	0.33802	834	1	0.00463584	0.16604	0.417	0	-0.00946464	0	0	0
0.461469	0.33802	835	1	0.00463584	0.16604	0.4175	0	-0.00959997	0	0	0
0.461469	0.33802	836	1	0.00463584	0.16604	0.418	0	-0.00973533	0	0	0
0.461469	0.33802	837	1	0.00463584	0.16604	0.4185	0	-0.00987071	0	0	0
0.461469	0.33802	838	1	0.00463584	0.16604	0.419	0	-0.0100061	0	0	0
0.461469	0.33802	839	1	0.00463584	0.16604	0.4195	0	-0.0101416	0	0	0
0.461469	0.33802	840	1	0.00463584	0.16604	0.42	0	-0.010277	0	0	0
0.461469	0.33802	841	1	0.00463584	0.16604	0.4205	0	-0.0104125	0	0	0
0.461469	0.33802	842	1	0.00463584	0.16604	0.421	0	-0.010548	0	0	0
0.461469	0.33802	843	1	0.00463584	0.16604	0.4215	0	-0.0106836	0	0	0
0.461469	0.33802	844	1	0.00463584	0.16604	0.422	0	-0.0108192	0	0	0
0.461469	0.33802	845	1	0.00463584	0.16604	0.4225	0	-0.0109548	0	0	0
0.461469	0.33802	846	1	0.00463584	0.16604	0.423	0	-0.0110904	0	0	0
0.461469	0.33802	847	1	0.00463584	0.16604	0.4235	0	-0.011226	0	0	0
0.461469	0.33802	848	1	0.00463584	0.16604	0.424	0	-0.0113617	0	0	0
0.461469	0.33802	849	1	0.00463584	0.16604	0.4245	0	-0.0114974	0	0	0
0.461469	0.33802	850	1	0.00463584	0.16604	0.425	0	-0.0116331	0	0	0
0.461469	0.33802	851	1	0.00463584	0.16604	0.4255	0	-0.0117689	0	0	0
0.461469	0.33802	852	1	0.00463584	0.16604	0.426	0	-0.0119047	0	0	0
0.461469	0.33802	853	1	0.00463584	0.16604	0.4265	0	-0.0120405	0	0	0
0.461469	0.33802	854	1	0.00463584	0.16604	0.427	0	-0.0121763	0	0	0
0.461469	0.33802	855	1	0.00463584	0.16604	0.4275	0	-0.0123122	0	0	0
0.461469	0.33802	856	1	0.00463584	0.16604	0.428	0	-0.0124481	0	0	0
0.461469	0.33802	857	1	0.00463584	0.16604	0.4285	0	-0.012584	0	0	0
0.461469	0.33802	858	1	0.00463584	0.16604	0.429	0	-0.0127199	0	0	0
0.461469	0.33802	859	1	0.00463584	0.16604	0.4295	0	-0.0128559	0	0	0
0.461469	0.33802	860	1	0.00463584	0.16604	0.43	0	-0.0129919	0	0	0
0.461469	0.33802	861	1	0.00463584	0.16604	0.4305	0	-0.0131279	0	0	0
0.461469	0.33802	862	1	0.00463584	0.16604	0.431	0	-0.013264	0	0	0
0.461469	0.33802	863	1	0.00463584	0.16604	0.4315	0	-0.0134	0	0	0
0.461469	0.33802	864	1	0.00463584	0.16604	0.432	0	-0.0135361	0	0	0
0.461469	0.33802	865	1	0.00463584	0.16604	0.4325	0	-0.0136722	0	0	0
0.461469	0.33802	866	1	0.00463584	0.16604	0.433	0	-0.0138084	0	0	0
0.461469	0.33802	867	1	0.00463584	0.16604	0.4335	0	-0.0139445	0	0	0
0.461469	0.33802	868	1	0.00463584	0.16604	0.434	0	-0.0140807	0	0	0
0.461469	0.33802	869	1	0.00463584	0.16604	0.4345	0	-0.0142169	0	0	0
0.461469	0.33802	870	1	0.00463584	0.16604	0.435	0	-0.0143532	0	0	0
0.461469	0.33802	871	1	0.00463584	0.16604	0.4355	0	-0.0144894	0	0	0
0.461469	0.33802	872	1	0.00463584	0.16604	0.436	0	-0.0146257	0	0	0
0.461469	0.33802	873	1	0.00463584	0.16604	0.4365	0	-0.014762	0	0	0
0.461469	0.33802	874	1	0.00463584	0.16604	0.437	0	-0.0148984	0	0	0
0.461469	0.33802	875	1	0.00463584	0.16604	0.4375	0	-0.0150347	0	0	0
0.461469	0.33802	876	1	0.00463584	0.16604	0.438	0	-0.0151711	0	0	0
0.461469	0.33802	877	1	0.00463584	0.16604	0.4385	0	-0.0153075	0	0	0
0.461469	0.33802	878	1	0.00463584	0.16604	0.439	0	-0.015444	0	0	0
0.461469	0.33802	879	1	0.00463584	0.16604	0.4395	0	-0.0155804	0	0	0
0.461469	0.33802	880	1	0.00463584	0.16604	0.44	0	-0.0157169	0	0	0
0.461469	0.33802	881	1	0.00463584	0.16604	0.4405	0	-0.0158534	0	0	0
0.461469	0.33802	882	1	0.00463584	0.16604	0.441	0	-0.0159899	0	0	0
0.461469	0.33802	883	1	0.00463584	0.16604	0.4415	0	-0.0161265	0	0	0
0.461469	0.33802	884	1	0.00463584	0.16604	0.442	0	-0.0162631	0	0	0
0.461469	0.33802	885	1	0.00463584	0.16604	0.4425	0	-0.0163997	0	0	0
0.461469	0.33802	886	1	0.00463584	0.16604	0.443	0	-0.0165363	0	0	0
0.461469	0.33802	887	1	0.00463584	0.16604	0.4435	0	-0.0166729	0	0	0
0.461469	0.33802	888	1	0.00463584	0.16604	0.444	0	-0.0168096	0	0	0
0.461469	0.33802	889	1	0.00463584	0.16604	0.4445	0	-0.0169463	0	0	0
0.461469	0.33802	890	1	0.00463584	0.16604	0.445	0	-0.017083	0	0	0
0.461469	0.33802	891	1	0.00463584	0.16604	0.4455	0	-0.0172197	0	0	0
0.461469	0.33802	892	1	0.00463584	0.16604	0.446	0	-0.0173565	0	0	0
0.461469	0.33802	893	1	0.00463584	0.16604	0.4465	0	-0.0174933	0	0	0
0.461469	0.33802	894	1	0.00463584	0.16604	0.447	0	-0.0176301	0	0	0
0.461469	0.33802	895	1	0.00463584	0.16604	0.4475	0	-0.0177669	0	0	0
0.461469	0.33802	896	1	0.00463584	0.16604	0.448	0	-0.0179038	0	0	0
0.461469	0.33802	897	1	0.00463584	0.16604	0.4485	0	-0.0180407	0	0	0
0.461469	0.33802	898	1	0.00463584	0.16604	0.449	0	-0.0181776	0	0	0
0.461469	0.33802	899	1	0.00463584	0.16604	0.4495	0	-0.0183145	0	0	0
0.461469	0.33802	900	1	0.00463584	0.16604	0.45	0	-0.0184514	0	0	0
0.461469	0.33802	901	1	0.00463584	0.16604	0.4505	0	-0.0185884	0	0	0
0.461469	0.33802	902	1	0.00463584	0.16604	0.451	0	-0.0187254	0	0	0
0.461469	0.33802	903	1	0.00463584	0.16604	0.4515	0	-0.0188624	-0	0	0
0.461469	0.33802	904	1	0.00463584	0.16604	0.452	0	-0.0189994	-0	0	0
0.461469	0.33802	905	1	0.00463584	0.16604	0.4525	0	-0.0191365	-0	0	0
0.461469	0.33802	906	1	0.00463584	0.16604	0.453	0	-0.0192735	-0	0	0
0.461469	0.33802	907	1	0.00463584	0.16604	0.4535	0	-0.0194106	-0	0	0
0.461469	0.33802	908	1	0.00463584	0.16604	0.454	0	-0.0195477	-0	0	0
0.461469	0.33802	909	1	0.00463584	0.16604	0.4545	0	-0.0196849	-0	0	0
0.461469	0.33802	910	1	0.00463584	0.16604	0.455	0	-0.019822	-0	0	0
0.461469	0.33802	911	1	0.00463584	0.16604	0.4555	0	-0.0199592	-0	0	0
0.461469	0.33802	912	1	0.00463584	0.16604	0.456	0	-0.0200964	-0	0	0
0.461469	0.33802	913	1	0.00463584	0.16604	0.4565	0	-0.0202336	-0	0	0
0.461469	0.33802	914	1	0.00463584	0.16604	0.457	0	-0.0203709	-0	0	0
0.461469	0.33802	915	1	0.00463584	0.16604	0.4575	0	-0.0205082	-0	0	0
0.461469	0.33802	916	1	0.00463584	0.16604	0.458	0	-0.0206455	-0	0	0
0.461469	0.33802	917	1	0.00463584	0.16604	0.4585	0	-0.0207828	-0	0	0
0.461469	0.33802	918	1	0.00463584	0.16604	0.459	0	-0.0209201	-0	0	0
0.461469	0.33802	919	1	0.00463584	0.16604	0.4595	0	-0.0210574	-0	0	0
0.461469	0.33802	920	1	0.00463584	0.16604	0.46	0	-0.0211948	-0	0	0
0.461469	0.33802	921	1	0.00463584	0.16604	0.4605	0	-0.0213322	-0	0	0
0.461469	0.33802	922	1	0.00463584	0.16604	0.461	0	-0.0214696	-0	0	0
0.461469	0.33802	923	1	0.00463584	0.16604	0.4615	0	-0.0216071	-0	0	0
0.461469	0.33802	924	1	0.00463584	0.16604	0.462	0	-0.0217445	-0	0	0
0.461469	0.33802	925	1	0.00463584	0.16604	0.4625	0	-0.021882	-0	0	0
0.461469	0.33802	926	1	0.00463584	0.16604	0.463	0	-0.0220195	-0	0	0
0.461469	0.33802	927	1	0.00463584	0.16604	0.4635	0	-0.022157	-0	0	0
0.461469	0.33802	928	1	0.00463584	0.16604	0.464	0	-0.0222946	-0	0	0
0.461469	0.33802	929	1	0.00463584	0.16604	0.4645	0	-0.0224321	-0	0	0
0.461469	0.33802	930	1	0.00463584	0.16604	0.465	0	-0.0225697	-0	0	0
0.461469	0.33802	931	1	0.00463584	0.16604	0.4655	0	-0.0227073	-0	0	0
0.461469	0.33802	932	1	0.00463584	0.16604	0.466	0	-0.0228449	-0	0	0
0.461469	0.33802	933	1	0.00463584	0.16604	0.4665	0	-0.0229826	-0	0	0
0.461469	0.33802	934	1	0.00463584	0.16604	0.467	0	-0.0231202	-0	0	0
0.461469	0.33802	935	1	0.00463584	0.16604	0.4675	0	-0.0232579	-0	0	0
0.461469	0.33802	936	1	0.00463584	0.16604	0.468	0	-0.0233956	-0	0	0
0.461469	0.33802	937	1	0.00463584	0.16604	0.4685	0	-0.0235333	-0	0	0
0.461469	0.33802	938	1	0.00463584	0.16604	0.469	0	-0.023671	-0	0	0
0.461469	0.33802	939	1	0.00463584	0.16604	0.4695	0	-0.0238088	-0	0	0
0.461469	0.33802	940	1	0.00463584	0.16604	0.47	0	-0.0239466	-0	0	0
0.461469	0.33802	941	1	0.00463584	0.16604	0.4705	0	-0.0240844	-0	0	0
0.461469	0.33802	942	1	0.00463584	0.16604	0.471	0	-0.0242222	-0	0	0
0.461469	0.33802	943	1	0.00463584	0.16604	0.4715	0	-0.02436	-0	0	0
0.461469	0.33802	944	1	0.00463584	0.16604	0.472	0	-0.0244979	-0	0	0
0.461469	0.33802	945	1	0.00463584	0.16604	0.4725	0	-0.0246358	-0	0	0
0.461469	0.33802	946	1	0.00463584	0.16604	0.473	0	-0.0247737	-0	0	0
0.461469	0.33802	947	1	0.00463584	0.16604	0.4735	0	-0.0249116	-0	0	0
0.461469	0.33802	948	1	0.00463584	0.16604	0.474	0	-0.0250495	-0	0	0
0.461469	0.33802	949	1	0.00463584	0.16604	0.4745	0	-0.0251875	-0	0	0
0.461469	0.33802	950	1	0.00463584	0.16604	0.475	0	-0.0253254	-0	0	0
0.461469	0.33802	951	1	0.00463584	0.16604	0.4755	0	-0.0254634	-0	0	0
0.461469	0.33802	952	1	0.00463584	0.16604	0.476	0	-0.0256014	-0	0	0
0.461469	0.33802	953	1	0.00463584	0.16604	0.4765	0	-0.0257395	-0	0	0
0.461469	0.33802	954	1	0.00463584	0.16604	0.477	0	-0.0258775	-0	0	0
0.461469	0.33802	955	1	0.00463584	0.16604	0.4775	0	-0.0260156	-0	0	0
0.461469	0.33802	956	1	0.00463584	0.16604	0.478	0	-0.0261537	-0	0	0
0.461469	0.33802	957	1	0.00463584	0.16604	0.4785	0	-0.0262918	-0	0	0
0.461469	0.33802	958	1	0.00463584	0.16604	0.479	0	-0.0264299	-0	0	0
0.461469	0.33802	959	1	0.00463584	0.16604	0.4795	0	-0.0265681	-0	0	0
0.461469	0.33802	960	1	0.00463584	0.16604	0.48	0	-0.0267062	-0	0	0
0.461469	0.33802	961	1	0.00463584	0.16604	0.4805	0	-0.0268444	-0	0	0
0.461469	0.33802	962	1	0.00463584	0.16604	0.481	0	-0.0269826	-0	0	0
0.461469	0.33802	963	1	0.00463584	0.16604	0.4815	0	-0.0271208	-0	0	0
0.461469	0.33802	964	1	0.00463584	0.16604	0.482	0	-0.027259	-0	0	0
0.461469	0.33802	965	1	0.00463584	0.16604	0.4825	0	-0.0273973	-0	0	0
0.461469	0.33802	966	1	0.00463584	0.16604	0.483	0	-0.0275356	-0	0	0
0.461469	0.33802	967	1	0.00463584	0.16604	0.4835	0	-0.0276738	-0	0	0
0.461469	0.33802	968	1	0.00463584	0.16604	0.484	0	-0.0278122	-0	0	0
0.461469	0.33802	969	1	0.00463584	0.16604	0.4845	0	-0.0279505	-0	0	0
0.461469	0.33802	970	1	0.00463584	0.16604	0.485	0	-0.0280888	-0	0	0
0.461469	0.33802	971	1	0.00463584	0.16604	0.4855	0	-0.0282272	-0	0	0
0.461469	0.33802	972	1	0.00463584	0.16604	0.486	0	-0.0283656	-0	0	0
0.461469	0.33802	973	1	0.00463584	0.16604	0.4865	0	-0.028504	-0	0	0
0.461469	0.33802	974	1	0.00463584	0.16604	0.487	0	-0.0286424	-0	0	0
0.461469	0.33802	975	1	0.00463584	0.16604	0.4875	0	-0.0287808	-0	0	0
0.461469	0.33802	976	1	0.00463584	0.16604	0.488	0	-0.0289193	-0	0	0
0.461469	0.33802	977	1	0.00463584	0.16604	0.4885	0	-0.0290577	-0	0	0
0.461469	0.33802	978	1	0.00463584	0.16604	0.489	0	-0.0291962	-0	0	0
0.461469	0.33802	979	1	0.00463584	0.16604	0.4895	0	-0.0293347	-0	0	0
0.461469	0.33802	980	1	0.00463584	0.16604	0.49	0	-0.0294732	-0	0	0
0.461469	0.33802	981	1	0.00463584	0.16604	0.4905	0	-0.0296118	-0	0	0
0.461469	0.33802	982	1	0.00463584	0.16604	0.491	0	-0.0297503	-0	0	0
0.461469	0.33802	983	1	0.00463584	0.16604	0.4915	0	-0.0298889	-0	0	0
0.461469	0.33802	984	1	0.00463584	0.16604	0.492	0	-0.0300275	-0	0	0
0.461469	0.33802	985	1	0.00463584	0.16604	0.4925	0	-0.0301661	-0	0	0
0.461469	0.33802	986	1	0.00463584	0.16604	0.493	0	-0.0303047	-0	0	0
0.461469	0.33802	987	1	0.00463584	0.16604	0.4935	0	-0.0304434	-0	0	0
0.461469	0.33802	988	1	0.00463584	0.16604	0.494	0	-0.030582	-0	0	0
0.461469	0.33802	989	1	0.00463584	0.16604	0.4945	0	-0.0307207	-0	0	0
0.461469	0.33802	990	1	0.00463584	0.16604	0.495	0	-0.0308594	-0	0	0
0.461469	0.33802	991	1	0.00463584	0.16604	0.4955	0	-0.0309981	-0	0	0
0.461469	0.33802	992	1	0.00463584	0.16604	0.496	0	-0.0311368	-0	0	0
0.461469	0.33802	993	1	0.00463584	0.16604	0.4965	0	-0.0312756	-0	0	0
0.461469	0.33802	994	1	0.00463584	0.16604	0.497	0	-0.0314143	-0	0	0
0.461469	0.33802	995	1	0.00463584	0.16604	0.4975	0	-0.0315531	-0	0	0
0.461469	0.33802	996	1	0.00463584	0.16604	0.498	0	-0.0316919	-0	0	0
0.461469	0.33802	997	1	0.00463584	0.16604	0.4985	0	-0.0318307	-0	0	0
0.461469	0.33802	998	1	0.00463584	0.16604	0.499	0	-0.0319695	-0	0	0
0.461469	0.33802	999	1	0.00463584	0.16604	0.4995	0	-0.0321084	-0	0	0
0.461469	0.33802	1000	1	0.00463584	0.16604	0.5	0	-0.0322472	-0	0	0
