0.640582	0.33802	0	0	0	0.19396	0	0	0.0305496	0	2.38728e-06	0
0.640582	0.33802	1	0	0	0.19396	0.0005	0	0.0308614	0	2.22615e-06	0
0.640582	0.33802	2	0	0	0.19396	0.001	0	0.0311686	0	2.06855e-06	0
0.640582	0.33802	3	0	0	0.19396	0.0015	0	0.0314712	0	1.91459e-06	0
0.640582	0.33802	4	0	0	0.19396	0.002	0	0.0317691	0	1.76434e-06	0
0.640582	0.33802	5	0	0	0.19396	0.0025	0	0.0320624	0	1.61786e-06	0
0.640582	0.33802	6	0	0	0.19396	0.003	0	0.0323511	0	1.47519e-06	0
0.640582	0.33802	7	0	0	0.19396	0.0035	0	0.0326351	0	1.33636e-06	0
0.640582	0.33802	8	0	0	0.19396	0.004	0	0.0329146	0	1.20138e-06	0
0.640582	0.33802	9	0	0	0.19396	0.0045	0	0.0331894	0	1.07024e-06	0
0.640582	0.33802	10	0	0	0.19396	0.005	0	0.0334596	0	9.42922e-07	0
0.640582	0.33802	11	0	0	0.19396	0.0055	0	0.0337252	0	8.19407e-07	0
0.640582	0.33802	12	0	0	0.19396	0.006	0	0.0339862	0	6.99655e-07	0
0.640582	0.33802	13	0	0	0.19396	0.0065	0	0.0342426	0	5.83623e-07	0
0.640582	0.33802	14	0	0	0.19396	0.007	0	0.0344945	0	4.71263e-07	0
0.640582	0.33802	15	0	0	0.19396	0.0075	0	0.0347417	0	3.62527e-07	0
0.640582	0.33802	16	0	0	0.19396	0.008	0	0.0349845	0	2.57361e-07	0
0.640582	0.33802	17	0	0	0.19396	0.0085	0	0.0352226	0	1.55713e-07	0
0.640582	0.33802	18	0	0	0.19396	0.009	0	0.0354563	0	5.75332e-08	0
0.640582	0.33802	19	0	0	0.19396	0.0095	0	0.0356854	0	-3.72314e-08	0
0.640582	0.33802	20	0	0	0.19396	0.01	0	0.03591	0	-1.28631e-07	0
0.640582	0.33802	21	0	0	0.19396	0.0105	0	0.0361301	0	-2.16715e-07	0
0.640582	0.33802	22	0	0	0.19396	0.011	0	0.0363457	0	-3.01534e-07	0
0.640582	0.33802	23	0	0	0.19396	0.0115	0	0.0365569	0	-3.83136e-07	0
0.640582	0.33802	24	0	0	0.19396	0.012	0	0.0367636	0	-4.61569e-07	0
0.640582	0.33802	25	0	0	0.19396	0.0125	0	0.0369659	0	-5.36881e-07	0
0.640582	0.33802	26	0	0	0.19396	0.013	0	0.0371638	0	-6.0912e-07	0
0.640582	0.33802	27	0	0	0.19396	0.0135	0	0.0373572	0	-6.78333e-07	0
0.640582	0.33802	28	0	0	0.19396	0.014	0	0.0375463	0	-7.44565e-07	0
0.640582	0.33802	29	0	0	0.19396	0.0145	0	0.037731	0	-8.07865e-07	0
0.640582	0.33802	30	0	0	0.19396	0.015	0	0.0379114	0	-8.68278e-07	0
0.640582	0.33802	31	0	0	0.19396	0.0155	0	0.0380874	0	-9.25849e-07	0
0.640582	0.33802	32	0	0	0.19396	0.016	0	0.0382591	0	-9.80624e-07	0
0.640582	0.33802	33	0	0	0.19396	0.0165	0	0.0384266	0	-1.03265e-06	0
0.640582	0.33802	34	0	0	0.19396	0.017	0	0.0385897	0	-1.08197e-06	0
0.640582	0.33802	35	0	0	0.19396	0.0175	0	0.0387487	0	-1.12863e-06	0
0.640582	0.33802	36	0	0	0.19396	0.018	0	0.0389034	0	-1.17267e-06	0
0.640582	0.33802	37	0	0	0.19396	0.0185	0	0.0390538	0	-1.21415e-06	0
0.640582	0.33802	38	0	0	0.19396	0.019	0	0.0392002	0	-1.25309e-06	0
0.640582	0.33802	39	0	0	0.19396	0.0195	0	0.0393423	0	-1.28955e-06	0
0.640582	0.33802	40	0	0	0.19396	0.02	0	0.0394804	0	-1.32358e-06	0
0.640582	0.33802	41	0	0	0.19396	0.0205	0	0.0396143	0	-1.35521e-06	0
0.640582	0.33802	42	0	0	0.19396	0.021	0	0.0397441	0	-1.38449e-06	0
0.640582	0.33802	43	0	0	0.19396	0.0215	0	0.0398699	0	-1.41145e-06	0
0.640582	0.33802	44	0	0	0.19396	0.022	0	0.0399916	0	-1.43616e-06	0
0.640582	0.33802	45	0	0	0.19396	0.0225	0	0.0401093	0	-1.45864e-06	0
0.640582	0.33802	46	0	0	0.19396	0.023	0	0.040223	0	-1.47894e-06	0
0.640582	0.33802	47	0	0	0.19396	0.0235	0	0.0403328	0	-1.4971e-06	0
0.640582	0.33802	48	0	0	0.19396	0.024	0	0.0404387	0	-1.51317e-06	0
0.640582	0.33802	49	0	0	0.19396	0.0245	0	0.0405406	0	-1.52718e-06	0
0.640582	0.33802	50	0	0	0.19396	0.025	0	0.0406386	0	-1.53918e-06	0
0.640582	0.33802	51	0	0	0.19396	0.0255	0	0.0407328	0	-1.54921e-06	0
0.640582	0.33802	52	0	0	0.19396	0.026	0	0.0408232	0	-1.5573e-06	0
0.640582	0.33802	53	0	0	0.19396	0.0265	0	0.0409097	0	-1.56351e-06	0
0.640582	0.33802	54	0	0	0.19396	0.027	0	0.0409925	0	-1.56786e-06	0
0.640582	0.33802	55	0	0	0.19396	0.0275	0	0.0410716	0	-1.57041e-06	0
0.640582	0.33802	56	0	0	0.19396	0.028	0	0.0411469	0	-1.57118e-06	0
0.640582	0.33802	57	0	0	0.19396	0.0285	0	0.0412185	0	-1.57023e-06	0
0.640582	0.33802	58	0	0	0.19396	0.029	0	0.0412865	0	-1.56758e-06	0
0.640582	0.33802	59	0	0	0.19396	0.0295	0	0.0413508	0	-1.56327e-06	0
0.640582	0.33802	60	0	0	0.19396	0.03	0	0.0414115	0	-1.55735e-06	0
0.640582	0.33802	61	0	0	0.19396	0.0305	0	0.0414687	0	-1.54985e-06	0
0.640582	0.33802	62	0	0	0.19396	0.031	0	0.0415223	0	-1.5408e-06	0
0.640582	0.33802	63	0	0	0.19396	0.0315	0	0.0415723	0	-1.53026e-06	0
0.640582	0.33802	64	0	0	0.19396	0.032	0	0.0416189	0	-1.51824e-06	0
0.640582	0.33802	65	0	0	0.19396	0.0325	0	0.041662	0	-1.50479e-06	0
0.640582	0.33802	66	0	0	0.19396	0.033	0	0.0417017	0	-1.48994e-06	0
0.640582	0.33802	67	0	0	0.19396	0.0335	0	0.041738	0	-1.47372e-06	0
0.640582	0.33802	68	0	0	0.19396	0.034	0	0.0417709	0	-1.45618e-06	0
0.640582	0.33802	69	0	0	0.19396	0.0345	0	0.0418004	0	-1.43734e-06	0
0.640582	0.33802	70	0	0	0.19396	0.035	0	0.0418267	0	-1.41725e-06	0
0.640582	0.33802	71	0	0	0.19396	0.0355	0	0.0418496	0	-1.39592e-06	0
0.640582	0.33802	72	0	0	0.19396	0.036	0	0.0418693	0	-1.3734e-06	0
0.640582	0.33802	73	0	0	0.19396	0.0365	0	0.0418857	0	-1.34971e-06	0
0.640582	0.33802	74	0	0	0.19396	0.037	0	0.0418989	0	-1.32489e-06	0
0.640582	0.33802	75	0	0	0.19396	0.0375	0	0.041909	0	-1.29897e-06	0
0.640582	0.33802	76	0	0	0.19396	0.038	0	0.0419159	0	-1.27198e-06	0
0.640582	0.33802	77	0	0	0.19396	0.0385	0	0.0419197	0	-1.24394e-06	0
0.640582	0.33802	78	0	0	0.19396	0.039	0	0.0419204	0	-1.2149e-06	0
0.640582	0.33802	79	0	0	0.19396	0.0395	0	0.041918	0	-1.18487e-06	0
0.640582	0.33802	80	0	0	0.19396	0.04	0	0.0419126	0	-1.15388e-06	0
0.640582	0.33802	81	0	0	0.19396	0.0405	0	0.0419042	0	-1.12197e-06	0
0.640582	0.33802	82	0	0	0.19396	0.041	0	0.0418929	0	-1.08916e-06	0
0.640582	0.33802	83	0	0	0.19396	0.0415	0	0.0418785	0	-1.05548e-06	0
0.640582	0.33802	84	0	0	0.19396	0.042	0	0.0418613	0	-1.02095e-06	0
0.640582	0.33802	85	0	0	0.19396	0.0425	0	0.0418411	0	-9.85595e-07	0
0.640582	0.33802	86	0	0	0.19396	0.043	0	0.0418181	0	-9.49447e-07	0
0.640582	0.33802	87	0	0	0.19396	0.0435	0	0.0417923	0	-9.12528e-07	0
0.640582	0.33802	88	0	0	0.19396	0.044	0	0.0417636	0	-8.74861e-07	0
0.640582	0.33802	89	0	0	0.19396	0.0445	0	0.0417322	0	-8.36471e-07	0
0.640582	0.33802	90	0	0	0.19396	0.045	0	0.041698	0	-7.97381e-07	0
0.640582	0.33802	91	0	0	0.19396	0.0455	0	0.0416611	0	-7.57612e-07	0
0.640582	0.33802	92	0	0	0.19396	0.046	0	0.0416215	0	-7.17188e-07	0
0.640582	0.33802	93	0	0	0.19396	0.0465	0	0.0415792	0	-6.76129e-07	0
0.640582	0.33802	94	0	0	0.19396	0.047	0	0.0415343	0	-6.34457e-07	0
0.640582	0.33802	95	0	0	0.19396	0.0475	0	0.0414867	0	-5.92192e-07	0
0.640582	0.33802	96	0	0	0.19396	0.048	0	0.0414365	0	-5.49354e-07	0
0.640582	0.33802	97	0	0	0.19396	0.0485	0	0.0413838	0	-5.05963e-07	0
0.640582	0.33802	98	0	0	0.19396	0.049	0	0.0413286	0	-4.62038e-07	0
0.640582	0.33802	99	0	0	0.19396	0.0495	0	0.0412708	0	-4.17598e-07	0
0.640582	0.33802	100	0	0	0.19396	0.05	0	0.0412105	0	-3.7266e-07	0
0.640582	0.33802	101	0	0	0.19396	0.0505	0	0.0411478	0	-3.27242e-07	0
0.640582	0.33802	102	0	0	0.19396	0.051	0	0.0410826	0	-2.81361e-07	0
0.640582	0.33802	103	0	0	0.19396	0.0515	0	0.041015	0	-2.35034e-07	0
0.640582	0.33802	104	0	0	0.19396	0.052	0	0.0409451	0	-1.88276e-07	0
0.640582	0.33802	105	0	0	0.19396	0.0525	0	0.0408727	0	-1.41105e-07	0
0.640582	0.33802	106	0	0	0.19396	0.053	0	0.040798	0	-9.35349e-08	0
0.640582	0.33802	107	0	0	0.19396	0.0535	0	0.040721	0	-4.55805e-08	0
0.640582	0.33802	108	0	0	0.19396	0.054	0	0.0406418	0	2.74371e-09	0
0.640582	0.33802	109	0	0	0.19396	0.0545	0	0.0405602	0	5.14237e-08	0
0.640582	0.33802	110	0	0	0.19396	0.055	0	0.0404764	0	1.00446e-07	0
0.640582	0.33802	111	0	0	0.19396	0.0555	0	0.0403904	0	1.49797e-07	0
0.640582	0.33802	112	0	0	0.19396	0.056	0	0.0403022	0	1.99465e-07	0
0.640582	0.33802	113	0	0	0.19396	0.0565	0	0.0402118	0	2.49437e-07	0
0.640582	0.33802	114	0	0	0.19396	0.057	0	0.0401192	0	2.99701e-07	0
0.640582	0.33802	115	0	0	0.19396	0.0575	0	0.0400246	0	3.50247e-07	0
0.640582	0.33802	116	0	0	0.19396	0.058	0	0.0399278	0	4.01062e-07	0
0.640582	0.33802	117	0	0	0.19396	0.0585	0	0.039829	0	4.52136e-07	0
0.640582	0.33802	118	0	0	0.19396	0.059	0	0.039728	0	5.03459e-07	0
0.640582	0.33802	119	0	0	0.19396	0.0595	0	0.0396251	0	5.55021e-07	0
0.640582	0.33802	120	0	0	0.19396	0.06	0	0.0395201	0	6.06812e-07	0
0.640582	0.33802	121	0	0	0.19396	0.0605	0	0.0394132	0	6.58823e-07	0
0.640582	0.33802	122	0	0	0.19396	0.061	0	0.0393042	0	7.11046e-07	0
0.640582	0.33802	123	0	0	0.19396	0.0615	0	0.0391933	0	7.63472e-07	0
0.640582	0.33802	124	0	0	0.19396	0.062	0	0.0390805	0	8.16092e-07	0
0.640582	0.33802	125	0	0	0.19396	0.0625	0	0.0389658	0	8.689e-07	0
0.640582	0.33802	126	0	0	0.19396	0.063	0	0.0388492	0	9.21887e-07	0
0.640582	0.33802	127	0	0	0.19396	0.0635	0	0.0387307	0	9.75047e-07	0
0.640582	0.33802	128	0	0	0.19396	0.064	0	0.0386103	0	1.02837e-06	0
0.640582	0.33802	129	0	0	0.19396	0.0645	0	0.0384882	0	1.08186e-06	0
0.640582	0.33802	130	0	0	0.19396	0.065	0	0.0383642	0	1.13549e-06	0
0.640582	0.33802	131	0	0	0.19396	0.0655	0	0.0382384	0	1.18928e-06	0
0.640582	0.33802	132	0	0	0.19396	0.066	0	0.0381109	0	1.24321e-06	0
0.640582	0.33802	133	0	0	0.19396	0.0665	0	0.0379816	0	1.29727e-06	0
0.640582	0.33802	134	0	0	0.19396	0.067	0	0.0378505	0	1.35147e-06	0
0.640582	0.33802	135	0	0	0.19396	0.0675	0	0.0377178	0	1.40579e-06	0
0.640582	0.33802	136	0	0	0.19396	0.068	0	0.0375833	0	1.46023e-06	0
0.640582	0.33802	137	0	0	0.19396	0.0685	0	0.0374472	0	1.5148e-06	0
0.640582	0.33802	138	0	0	0.19396	0.069	0	0.0373094	0	1.56948e-06	0
0.640582	0.33802	139	0	0	0.19396	0.0695	0	0.03717	0	1.62427e-06	0
0.640582	0.33802	140	0	0	0.19396	0.07	0	0.037029	0	1.67917e-06	0
0.640582	0.33802	141	0	0	0.19396	0.0705	0	0.0368863	0	1.73417e-06	0
0.640582	0.33802	142	0	0	0.19396	0.071	0	0.0367421	0	1.78928e-06	0
0.640582	0.33802	143	0	0	0.19396	0.0715	0	0.0365963	0	1.84449e-06	0
0.640582	0.33802	144	0	0	0.19396	0.072	0	0.0364489	0	1.89979e-06	0
0.640582	0.33802	145	0	0	0.19396	0.0725	0	0.0363	0	1.9552e-06	0
0.640582	0.33802	146	0	0	0.19396	0.073	0	0.0361496	0	2.01069e-06	0
0.640582	0.33802	147	0	0	0.19396	0.0735	0	0.0359976	0	2.06628e-06	0
0.640582	0.33802	148	0	0	0.19396	0.074	0	0.0358442	0	2.12197e-06	0
0.640582	0.33802	149	0	0	0.19396	0.0745	0	0.0356893	0	2.17774e-06	0
0.640582	0.33802	150	0	0	0.19396	0.075	0	0.0355329	0	2.23361e-06	0
0.640582	0.33802	151	0	0	0.19396	0.0755	0	0.0353751	0	2.28956e-06	0
0.640582	0.33802	152	0	0	0.19396	0.076	0	0.0352159	0	2.34561e-06	0
0.640582	0.33802	153	0	0	0.19396	0.0765	0	0.0350553	0	2.40174e-06	0
0.640582	0.33802	154	0	0	0.19396	0.077	0	0.0348933	0	2.45797e-06	0
0.640582	0.33802	155	0	0	0.19396	0.0775	0	0.0347299	0	2.51428e-06	0
0.640582	0.33802	156	0	0	0.19396	0.078	0	0.0345651	0	2.57068e-06	0
0.640582	0.33802	157	0	0	0.19396	0.0785	0	0.034399	0	2.62717e-06	0
0.640582	0.33802	158	0	0	0.19396	0.079	0	0.0342315	0	2.68375e-06	0
0.640582	0.33802	159	0	0	0.19396	0.0795	0	0.0340627	0	2.7404e-06	0
0.640582	0.33802	160	0	0	0.19396	0.08	0	0.0338926	0	2.79714e-06	0
0.640582	0.33802	161	0	0	0.19396	0.0805	0	0.0337212	0	2.85395e-06	0
0.640582	0.33802	162	0	0	0.19396	0.081	0	0.0335486	0	2.91083e-06	0
0.640582	0.33802	163	0	0	0.19396	0.0815	0	0.0333746	0	2.96776e-06	0
0.640582	0.33802	164	0	0	0.19396	0.082	0	0.0331995	0	3.02474e-06	0
0.640582	0.33802	165	0	0	0.19396	0.0825	0	0.033023	0	3.08176e-06	0
0.640582	0.33802	166	0	0	0.19396	0.083	0	0.0328454	0	3.13879e-06	0
0.640582	0.33802	167	0	0	0.19396	0.0835	0	0.0326665	0	3.19583e-06	0
0.640582	0.33802	168	0	0	0.19396	0.084	0	0.0324864	0	3.25286e-06	0
0.640582	0.33802	169	0	0	0.19396	0.0845	0	0.0323052	0	3.30986e-06	0
0.640582	0.33802	170	0	0	0.19396	0.085	0	0.0321228	0	3.3668e-06	0
0.640582	0.33802	171	0	0	0.19396	0.0855	0	0.0319392	0	3.42367e-06	0
0.640582	0.33802	172	0	0	0.19396	0.086	0	0.0317544	0	3.48044e-06	0
0.640582	0.33802	173	0	0	0.19396	0.0865	0	0.0315685	0	3.53708e-06	0
0.640582	0.33802	174	0	0	0.19396	0.087	0	0.0313815	0	3.59357e-06	0
0.640582	0.33802	175	0	0	0.19396	0.0875	0	0.0311934	0	3.64989e-06	0
0.640582	0.33802	176	0	0	0.19396	0.088	0	0.0310042	0	3.70601e-06	0
0.640582	0.33802	177	0	0	0.19396	0.0885	0	0.0308139	0	3.76189e-06	0
0.640582	0.33802	178	0	0	0.19396	0.089	0	0.0306225	0	3.81752e-06	0
0.640582	0.33802	179	0	0	0.19396	0.0895	0	0.03043	0	3.87286e-06	0
0.640582	0.33802	180	0	0	0.19396	0.09	0	0.0302365	0	3.92789e-06	0
0.640582	0.33802	181	0	0	0.19396	0.0905	0	0.0300419	0	3.98258e-06	0
0.640582	0.33802	182	0	0	0.19396	0.091	0	0.0298463	0	4.0369e-06	0
0.640582	0.33802	183	0	0	0.19396	0.0915	0	0.0296497	0	4.09082e-06	0
0.640582	0.33802	184	0	0	0.19396	0.092	0	0.0294521	0	4.14432e-06	0
0.640582	0.33802	185	0	0	0.19396	0.0925	0	0.0292534	0	4.19737e-06	0
0.640582	0.33802	186	0	0	0.19396	0.093	0	0.0290538	0	4.24994e-06	0
0.640582	0.33802	187	0	0	0.19396	0.0935	0	0.0288531	0	4.30201e-06	0
0.640582	0.33802	188	0	0	0.19396	0.094	0	0.0286515	0	4.35356e-06	0
0.640582	0.33802	189	0	0	0.19396	0.0945	0	0.028449	0	4.40455e-06	0
0.640582	0.33802	190	0	0	0.19396	0.095	0	0.0282455	0	4.45498e-06	0
0.640582	0.33802	191	0	0	0.19396	0.0955	0	0.028041	0	4.50481e-06	0
0.640582	0.33802	192	0	0	0.19396	0.096	0	0.0278356	0	4.55402e-06	0
0.640582	0.33802	193	0	0	0.19396	0.0965	0	0.0276293	0	4.60259e-06	0
0.640582	0.33802	194	0	0	0.19396	0.097	0	0.0274221	0	4.6505e-06	0
0.640582	0.33802	195	0	0	0.19396	0.0975	0	0.027214	0	4.69773e-06	0
0.640582	0.33802	196	0	0	0.19396	0.098	0	0.027005	0	4.74426e-06	0
0.640582	0.33802	197	0	0	0.19396	0.0985	0	0.026795	0	4.79007e-06	0
0.640582	0.33802	198	0	0	0.19396	0.099	0	0.0265843	0	4.83515e-06	0
0.640582	0.33802	199	0	0	0.19396	0.0995	0	0.0263726	0	4.87947e-06	0
0.640582	0.33802	200	0	0	0.19396	0.1	0	0.0261601	0	4.92301e-06	0
0.640582	0.33802	201	0	0	0.19396	0.1005	0	0.0259467	0	4.96577e-06	0
0.640582	0.33802	202	0	0	0.19396	0.101	0	0.0257325	0	5.00772e-06	0
0.640582	0.33802	203	0	0	0.19396	0.1015	0	0.0255175	0	5.04885e-06	0
0.640582	0.33802	204	0	0	0.19396	0.102	0	0.0253016	0	5.08914e-06	0
0.640582	0.33802	205	0	0	0.19396	0.1025	0	0.0250849	0	5.12858e-06	0
0.640582	0.33802	206	0	0	0.19396	0.103	0	0.0248674	0	5.16715e-06	0
0.640582	0.33802	207	0	0	0.19396	0.1035	0	0.0246491	0	5.20483e-06	0
0.640582	0.33802	208	0	0	0.19396	0.104	0	0.02443	0	5.24161e-06	0
0.640582	0.33802	209	0	0	0.19396	0.1045	0	0.0242101	0	5.27748e-06	0
0.640582	0.33802	210	0	0	0.19396	0.105	0	0.0239895	0	5.31241e-06	0
0.640582	0.33802	211	0	0	0.19396	0.1055	0	0.0237681	0	5.3464e-06	0
0.640582	0.33802	212	0	0	0.19396	0.106	0	0.0235459	0	5.37942e-06	0
0.640582	0.33802	213	0	0	0.19396	0.1065	0	0.023323	0	5.41147e-06	0
0.640582	0.33802	214	0	0	0.19396	0.107	0	0.0230993	0	5.44252e-06	0
0.640582	0.33802	215	0	0	0.19396	0.1075	0	0.0228748	0	5.47256e-06	0
0.640582	0.33802	216	0	0	0.19396	0.108	0	0.0226497	0	5.50157e-06	0
0.640582	0.33802	217	0	0	0.19396	0.1085	0	0.0224238	0	5.52954e-06	0
0.640582	0.33802	218	0	0	0.19396	0.109	0	0.0221972	0	5.55644e-06	0
0.640582	0.33802	219	0	0	0.19396	0.1095	0	0.0219699	0	5.58225e-06	0
0.640582	0.33802	220	0	0	0.19396	0.11	0	0.0217419	0	5.60697e-06	0
0.640582	0.33802	221	0	0	0.19396	0.1105	0	0.0215132	0	5.63055e-06	0
0.640582	0.33802	222	0	0	0.19396	0.111	0	0.0212838	0	5.653e-06	0
0.640582	0.33802	223	0	0	0.19396	0.1115	0	0.0210537	0	5.67428e-06	0
0.640582	0.33802	224	0	0	0.19396	0.112	0	0.0208229	0	5.69436e-06	0
0.640582	0.33802	225	0	0	0.19396	0.1125	0	0.0205915	0	5.71323e-06	0
0.640582	0.33802	226	0	0	0.19396	0.113	0	0.0203594	0	5.73087e-06	0
0.640582	0.33802	227	0	0	0.19396	0.1135	0	0.0201266	0	5.74723e-06	0
0.640582	0.33802	228	0	0	0.19396	0.114	0	0.0198932	0	5.7623e-06	0
0.640582	0.33802	229	0	0	0.19396	0.1145	0	0.0196592	0	5.77604e-06	0
0.640582	0.33802	230	0	0	0.19396	0.115	0	0.0194245	0	5.78843e-06	0
0.640582	0.33802	231	0	0	0.19396	0.1155	0	0.0191891	0	5.79942e-06	0
0.640582	0.33802	232	0	0	0.19396	0.116	0	0.0189532	0	5.809e-06	0
0.640582	0.33802	233	0	0	0.19396	0.1165	0	0.0187166	0	5.81711e-06	0
0.640582	0.33802	234	0	0	0.19396	0.117	0	0.0184794	0	5.82372e-06	0
0.640582	0.33802	235	0	0	0.19396	0.1175	0	0.0182416	0	5.82879e-06	0
0.640582	0.33802	236	0	0	0.19396	0.118	0	0.0180032	0	5.83228e-06	0
0.640582	0.33802	237	0	0	0.19396	0.1185	0	0.0177642	0	5.83414e-06	0
0.640582	0.33802	238	0	0	0.19396	0.119	0	0.0175247	0	5.83433e-06	0
0.640582	0.33802	239	0	0	0.19396	0.1195	0	0.0172845	0	5.83279e-06	0
0.640582	0.33802	240	0	0	0.19396	0.12	0	0.0170437	0	5.82947e-06	0
0.640582	0.33802	241	0	0	0.19396	0.1205	0	0.0168024	0	5.82431e-06	0
0.640582	0.33802	242	0	0	0.19396	0.121	0	0.0165605	0	5.81726e-06	0
0.640582	0.33802	243	0	0	0.19396	0.1215	0	0.016318	0	5.80825e-06	0
0.640582	0.33802	244	0	0	0.19396	0.122	0	0.016075	0	5.79722e-06	0
0.640582	0.33802	245	0	0	0.19396	0.1225	0	0.0158314	0	5.7841e-06	0
0.640582	0.33802	246	0	0	0.19396	0.123	0	0.0155873	0	5.76882e-06	0
0.640582	0.33802	247	0	0	0.19396	0.1235	0	0.0153426	0	5.75129e-06	0
0.640582	0.33802	248	0	0	0.19396	0.124	0	0.0150974	0	5.73144e-06	0
0.640582	0.33802	249	0	0	0.19396	0.1245	0	0.0148516	0	5.70918e-06	0
0.640582	0.33802	250	0	0	0.19396	0.125	0	0.0146054	0	5.68443e-06	0
0.640582	0.33802	251	0	0	0.19396	0.1255	0	0.0143586	0	5.65708e-06	0
0.640582	0.33802	252	0	0	0.19396	0.126	0	0.0141112	0	5.62704e-06	0
0.640582	0.33802	253	0	0	0.19396	0.1265	0	0.0138634	0	5.59421e-06	0
0.640582	0.33802	254	0	0	0.19396	0.127	0	0.0136151	0	5.55847e-06	0
0.640582	0.33802	255	0	0	0.19396	0.1275	0	0.0133662	0	5.51971e-06	0
0.640582	0.33802	256	0	0	0.19396	0.128	0	0.0131168	0	5.47781e-06	0
0.640582	0.33802	257	0	0	0.19396	0.1285	0	0.012867	0	5.43264e-06	0
0.640582	0.33802	258	0	0	0.19396	0.129	0	0.0126167	0	5.38408e-06	0
0.640582	0.33802	259	0	0	0.19396	0.1295	0	0.0123658	0	5.33197e-06	0
0.640582	0.33802	260	0	0	0.19396	0.13	0	0.0121145	0	5.27619e-06	0
0.640582	0.33802	261	0	0	0.19396	0.1305	0	0.0118627	0	5.21657e-06	0
0.640582	0.33802	262	0	0	0.19396	0.131	0	0.0116104	0	5.15296e-06	0
0.640582	0.33802	263	0	0	0.19396	0.1315	0	0.0113577	0	5.08519e-06	0
0.640582	0.33802	264	0	0	0.19396	0.132	0	0.0111045	0	5.01311e-06	0
0.640582	0.33802	265	0	0	0.19396	0.1325	0	0.0108508	0	4.93653e-06	0
0.640582	0.33802	266	0	0	0.19396	0.133	0	0.0105967	0	4.85528e-06	0
0.640582	0.33802	267	0	0	0.19396	0.1335	0	0.0103421	0	4.76917e-06	0
0.640582	0.33802	268	0	0	0.19396	0.134	0	0.0100871	0	4.67802e-06	0
0.640582	0.33802	269	0	0	0.19396	0.1345	0	0.00983164	0	4.58164e-06	0
0.640582	0.33802	270	0	0	0.19396	0.135	0	0.00957573	0	4.47983e-06	0
0.640582	0.33802	271	0	0	0.19396	0.1355	0	0.00931937	0	4.37243e-06	0
0.640582	0.33802	272	0	0	0.19396	0.136	0	0.00906259	0	4.25923e-06	0
0.640582	0.33802	273	0	0	0.19396	0.1365	0	0.00880537	0	4.14007e-06	0
0.640582	0.33802	274	0	0	0.19396	0.137	0	0.00854773	0	4.01477e-06	0
0.640582	0.33802	275	0	0	0.19396	0.1375	0	0.00828966	0	3.88319e-06	0
0.640582	0.33802	276	0	0	0.19396	0.138	0	0.00803117	0	3.74521e-06	0
0.640582	0.33802	277	0	0	0.19396	0.1385	0	0.00777227	0	3.60071e-06	0
0.640582	0.33802	278	0	0	0.19396	0.139	0	0.00751295	0	3.44965e-06	0
0.640582	0.33802	279	0	0	0.19396	0.1395	0	0.00725323	0	3.292e-06	0
0.640582	0.33802	280	0	0	0.19396	0.14	0	0.0069931	0	3.12782e-06	0
0.640582	0.33802	281	0	0	0.19396	0.1405	0	0.00673257	0	2.95723e-06	0
0.640582	0.33802	282	0	0	0.19396	0.141	0	0.00647164	0	2.78046e-06	0
0.640582	0.33802	283	0	0	0.19396	0.1415	0	0.00621032	0	2.59783e-06	0
0.640582	0.33802	284	0	0	0.19396	0.142	0	0.00594861	0	2.40984e-06	0
0.640582	0.33802	285	0	0	0.19396	0.1425	0	0.00568651	0	2.21714e-06	0
0.640582	0.33802	286	0	0	0.19396	0.143	0	0.00542402	0	2.0206e-06	0
0.640582	0.33802	287	0	0	0.19396	0.1435	0	0.00516115	0	1.82132e-06	0
0.640582	0.33802	288	0	0	0.19396	0.144	0	0.00489791	0	1.6207e-06	0
0.640582	0.33802	289	0	0	0.19396	0.1445	0	0.00463428	0	1.42048e-06	0
0.640582	0.33802	290	0	0	0.19396	0.145	0	0.00437029	0	1.22274e-06	0
0.640582	0.33802	291	0	0	0.19396	0.1455	0	0.00410593	0	1.02997e-06	0
0.640582	0.33802	292	0	0	0.19396	0.146	0	0.0038412	0	8.45058e-07	0
0.640582	0.33802	293	0	0	0.19396	0.1465	0	0.00357611	0	6.7125e-07	0
0.640582	0.33802	294	0	0	0.19396	0.147	0	0.00331066	0	5.12058e-07	0
0.640582	0.33802	295	0	0	0.19396	0.1475	0	0.00304486	0	3.71061e-07	0
0.640582	0.33802	296	0	0	0.19396	0.148	0	0.0027787	0	2.51575e-07	0
0.640582	0.33802	297	0	0	0.19396	0.1485	0	0.00251219	0	1.56151e-07	0
0.640582	0.33802	298	0	0	0.19396	0.149	0	0.00224533	0	8.59164e-08	0
0.640582	0.33802	299	0	0	0.19396	0.1495	0	0.00197812	0	3.98663e-08	0
0.640582	0.33802	300	0	0	0.19396	0.15	0	0.00171058	0	1.43805e-08	0
0.640582	0.33802	301	0	0	0.19396	0.1505	0	0.0014427	0	3.49709e-09	0
0.640582	0.33802	302	0	0	0.19396	0.151	0	0.00117447	0	4.36036e-10	0
0.640582	0.33802	303	0	0	0.19396	0.1515	0	0.00090592	0	1.52861e-11	0
0.640582	0.33802	304	0	0	0.19396	0.152	0	0.000637034	0	2.97348e-14	0
0.640582	0.33802	305	0	0	0.19396	0.1525	0	0.000367821	0	5.27256e-21	0
0.640582	0.33802	306	0	0	0.19396	0.153	0	9.82812e-05	0	2.10921e-65	0
0.640582	0.33802	307	0	0	0.19396	0.1535	0	-0.000171581	0	0	0
0.640582	0.33802	308	0	0	0.19396	0.154	0	-0.000441764	0	0	0
0.640582	0.33802	309	0	0	0.19396	0.1545	0	-0.000712264	0	0	0
0.640582	0.33802	310	0	0	0.19396	0.155	0	-0.000983079	0	0	0
0.640582	0.33802	311	0	0	0.19396	0.1555	0	-0.00125421	0	0	0
0.640582	0.33802	312	0	0	0.19396	0.156	0	-0.00152565	0	0	0
0.640582	0.33802	313	0	0	0.19396	0.1565	0	-0.00179739	0	0	0
0.640582	0.33802	314	0	0	0.19396	0.157	0	-0.00206944	0	0	0
0.640582	0.33802	315	0	0	0.19396	0.1575	0	-0.0023418	0	0	0
0.640582	0.33802	316	0	0	0.19396	0.158	0	-0.00261445	0	0	0
0.640582	0.33802	317	0	0	0.19396	0.1585	0	-0.0028874	0	0	0
0.640582	0.33802	318	0	0	0.19396	0.159	0	-0.00316065	0	0	0
0.640582	0.33802	319	0	0	0.19396	0.1595	0	-0.00343419	0	0	0
0.640582	0.33802	320	0	0	0.19396	0.16	0	-0.00370802	0	0	0
0.640582	0.33802	321	0	0	0.19396	0.1605	0	-0.00398214	0	0	0
0.640582	0.33802	322	0	0	0.19396	0.161	0	-0.00425655	0	0	0
0.640582	0.33802	323	0	0	0.19396	0.1615	0	-0.00453124	0	0	0
0.640582	0.33802	324	0	0	0.19396	0.162	0	-0.00480621	0	0	0
0.640582	0.33802	325	0	0	0.19396	0.1625	0	-0.00508147	0	0	0
0.640582	0.33802	326	0	0	0.19396	0.163	0	-0.005357	0	0	0
0.640582	0.33802	327	0	0	0.19396	0.1635	0	-0.0056328	0	0	0
0.640582	0.33802	328	0	0	0.19396	0.164	0	-0.00590888	0	0	0
0.640582	0.33802	329	0	0	0.19396	0.1645	0	-0.00618523	0	0	0
0.640582	0.33802	330	0	0	0.19396	0.165	0	-0.00646185	0	0	0
0.640582	0.33802	331	0	0	0.19396	0.1655	0	-0.00673874	0	0	0
0.640582	0.33802	332	0	0	0.19396	0.166	0	-0.00701589	0	0	0
0.640582	0.33802	333	0	0	0.19396	0.1665	0	-0.0072933	0	0	0
0.640582	0.33802	334	0	0	0.19396	0.167	0	-0.00757097	0	0	0
0.640582	0.33802	335	0	0	0.19396	0.1675	0	-0.00784891	0	0	0
0.640582	0.33802	336	0	0	0.19396	0.168	0	-0.0081271	0	0	0
0.640582	0.33802	337	0	0	0.19396	0.1685	0	-0.00840554	0	0	0
0.640582	0.33802	338	0	0	0.19396	0.169	0	-0.00868424	0	0	0
0.640582	0.33802	339	0	0	0.19396	0.1695	0	-0.00896319	0	0	0
0.640582	0.33802	340	0	0	0.19396	0.17	0	-0.00924239	0	0	0
0.640582	0.33802	341	0	0	0.19396	0.1705	0	-0.00952183	0	0	0
0.640582	0.33802	342	0	0	0.19396	0.171	0	-0.00980152	0	0	0
0.640582	0.33802	343	0	0	0.19396	0.1715	0	-0.0100815	0	0	0
0.640582	0.33802	344	0	0	0.19396	0.172	0	-0.0103616	0	0	0
0.640582	0.33802	345	0	0	0.19396	0.1725	0	-0.010642	0	0	0
0.640582	0.33802	346	0	0	0.19396	0.173	0	-0.0109227	0	0	0
0.640582	0.33802	347	0	0	0.19396	0.1735	0	-0.0112036	0	0	0
0.640582	0.33802	348	0	0	0.19396	0.174	0	-0.0114847	0	0	0
0.640582	0.33802	349	0	0	0.19396	0.1745	0	-0.0117661	0	0	0
0.640582	0.33802	350	0	0	0.19396	0.175	0	-0.0120477	0	0	0
0.640582	0.33802	351	0	0	0.19396	0.1755	0	-0.0123295	0	0	0
0.640582	0.33802	352	0	0	0.19396	0.176	0	-0.0126115	0	0	0
0.640582	0.33802	353	0	0	0.19396	0.1765	0	-0.0128938	0	0	0
0.640582	0.33802	354	0	0	0.19396	0.177	0	-0.0131763	0	0	0
0.640582	0.33802	355	0	0	0.19396	0.1775	0	-0.013459	0	0	0
0.640582	0.33802	356	0	0	0.19396	0.178	0	-0.013742	0	0	0
0.640582	0.33802	357	0	0	0.19396	0.1785	0	-0.0140251	0	0	0
0.640582	0.33802	358	0	0	0.19396	0.179	0	-0.0143085	0	0	0
0.640582	0.33802	359	0	0	0.19396	0.1795	0	-0.0145921	0	0	0
0.640582	0.33802	360	0	0	0.19396	0.18	0	-0.0148759	0	0	0
0.640582	0.33802	361	0	0	0.19396	0.1805	0	-0.0151599	0	0	0
0.640582	0.33802	362	0	0	0.19396	0.181	0	-0.0154441	0	0	0
0.640582	0.33802	363	0	0	0.19396	0.1815	0	-0.0157286	0	0	0
0.640582	0.33802	364	0	0	0.19396	0.182	0	-0.0160132	0	0	0
0.640582	0.33802	365	0	0	0.19396	0.1825	0	-0.0162981	0	0	0
0.640582	0.33802	366	0	0	0.19396	0.183	0	-0.0165832	0	0	0
0.640582	0.33802	367	0	0	0.19396	0.1835	0	-0.0168684	0	0	0
0.640582	0.33802	368	0	0	0.19396	0.184	0	-0.0171539	0	0	0
0.640582	0.33802	369	0	0	0.19396	0.1845	0	-0.0174396	0	0	0
0.640582	0.33802	370	0	0	0.19396	0.185	0	-0.0177255	0	0	0
0.640582	0.33802	371	0	0	0.19396	0.1855	0	-0.0180115	0	0	0
0.640582	0.33802	372	0	0	0.19396	0.186	0	-0.0182978	0	0	0
0.640582	0.33802	373	0	0	0.19396	0.1865	0	-0.0185843	0	0	0
0.640582	0.33802	374	0	0	0.19396	0.187	0	-0.0188709	0	0	0
0.640582	0.33802	375	0	0	0.19396	0.1875	0	-0.0191578	0	0	0
0.640582	0.33802	376	0	0	0.19396	0.188	0	-0.0194448	0	0	0
0.640582	0.33802	377	0	0	0.19396	0.1885	0	-0.019732	0	0	0
0.640582	0.33802	378	0	0	0.19396	0.189	0	-0.0200195	0	0	0
0.640582	0.33802	379	0	0	0.19396	0.1895	0	-0.0203071	0	0	0
0.640582	0.33802	380	0	0	0.19396	0.19	0	-0.0205949	0	0	0
0.640582	0.33802	381	0	0	0.19396	0.1905	0	-0.0208828	0	0	0
0.640582	0.33802	382	0	0	0.19396	0.191	0	-0.021171	0	0	0
0.640582	0.33802	383	0	0	0.19396	0.1915	0	-0.0214593	0	0	0
0.640582	0.33802	384	0	0	0.19396	0.192	0	-0.0217479	0	0	0
0.640582	0.33802	385	0	0	0.19396	0.1925	0	-0.0220366	0	0	0
0.640582	0.33802	386	0	0	0.19396	0.193	0	-0.0223255	0	0	0
0.640582	0.33802	387	0	0	0.19396	0.1935	0	-0.0226145	0	0	0
0.640582	0.33802	388	0	0	0.19396	0.194	0	-0.0229038	0	0	0
0.640582	0.33802	389	0	0	0.19396	0.1945	0	-0.0231932	0	0	0
0.640582	0.33802	390	0	0	0.19396	0.195	0	-0.0234828	0	0	0
0.640582	0.33802	391	0	0	0.19396	0.1955	0	-0.0237725	0	0	0
0.640582	0.33802	392	0	0	0.19396	0.196	0	-0.0240625	0	0	0
0.640582	0.33802	393	0	0	0.19396	0.1965	0	-0.0243526	0	0	0
0.640582	0.33802	394	0	0	0.19396	0.197	0	-0.0246428	0	0	0
0.640582	0.33802	395	0	0	0.19396	0.1975	0	-0.0249333	0	0	0
0.640582	0.33802	396	0	0	0.19396	0.198	0	-0.0252239	0	0	0
0.640582	0.33802	397	0	0	0.19396	0.1985	0	-0.0255146	0	0	0
0.640582	0.33802	398	0	0	0.19396	0.199	0	-0.0258056	0	0	0
0.640582	0.33802	399	0	0	0.19396	0.1995	0	-0.0260967	0	0	0
0.640582	0.33802	400	0	0	0.19396	0.2	0	-0.0263879	0	0	0
0.640582	0.33802	401	0	0	0.19396	0.2005	0	-0.0266794	0	0	0
0.640582	0.33802	402	0	0	0.19396	0.201	0	-0.0269709	0	0	0
0.640582	0.33802	403	0	0	0.19396	0.2015	0	-0.0272627	0	0	0
0.640582	0.33802	404	0	0	0.19396	0.202	0	-0.0275546	0	0	0
0.640582	0.33802	405	0	0	0.19396	0.2025	0	-0.0278466	0	0	0
0.640582	0.33802	406	0	0	0.19396	0.203	0	-0.0281388	0	0	0
0.640582	0.33802	407	0	0	0.19396	0.2035	0	-0.0284312	0	0	0
0.640582	0.33802	408	0	0	0.19396	0.204	0	-0.0287237	0	0	0
0.640582	0.33802	409	0	0	0.19396	0.2045	0	-0.0290164	0	0	0
0.640582	0.33802	410	0	0	0.19396	0.205	0	-0.0293092	0	0	0
0.640582	0.33802	411	0	0	0.19396	0.2055	0	-0.0296022	0	0	0
0.640582	0.33802	412	0	0	0.19396	0.206	0	-0.0298953	0	0	0
0.640582	0.33802	413	0	0	0.19396	0.2065	0	-0.0301886	0	0	0
0.640582	0.33802	414	0	0	0.19396	0.207	0	-0.030482	0	0	0
0.640582	0.33802	415	0	0	0.19396	0.2075	0	-0.0307756	0	0	0
0.640582	0.33802	416	0	0	0.19396	0.208	0	-0.0310693	0	0	0
0.640582	0.33802	417	0	0	0.19396	0.2085	0	-0.0313632	0	0	0
0.640582	0.33802	418	0	0	0.19396	0.209	0	-0.0316572	0	0	0
0.640582	0.33802	419	0	0	0.19396	0.2095	0	-0.0319513	0	0	0
0.640582	0.33802	420	0	0	0.19396	0.21	0	-0.0322456	0	0	0
0.640582	0.33802	421	0	0	0.19396	0.2105	0	-0.0325401	0	0	0
0.640582	0.33802	422	0	0	0.19396	0.211	0	-0.0328346	0	0	0
0.640582	0.33802	423	0	0	0.19396	0.2115	0	-0.0331294	0	0	0
0.640582	0.33802	424	0	0	0.19396	0.212	0	-0.0334242	0	0	0
0.640582	0.33802	425	0	0	0.19396	0.2125	0	-0.0337192	0	0	0
0.640582	0.33802	426	0	0	0.19396	0.213	0	-0.0340143	0	0	0
0.640582	0.33802	427	0	0	0.19396	0.2135	0	-0.0343096	0	0	0
0.640582	0.33802	428	0	0	0.19396	0.214	0	-0.034605	0	0	0
0.640582	0.33802	429	0	0	0.19396	0.2145	0	-0.0349005	0	0	0
0.640582	0.33802	430	0	0	0.19396	0.215	0	-0.0351962	0	0	0
0.640582	0.33802	431	0	0	0.19396	0.2155	0	-0.035492	0	0	0
0.640582	0.33802	432	0	0	0.19396	0.216	0	-0.0357879	0	0	0
0.640582	0.33802	433	0	0	0.19396	0.2165	0	-0.036084	0	0	0
0.640582	0.33802	434	0	0	0.19396	0.217	0	-0.0363802	0	0	0
0.640582	0.33802	435	0	0	0.19396	0.2175	0	-0.0366765	0	0	0
0.640582	0.33802	436	0	0	0.19396	0.218	0	-0.0369729	0	0	0
0.640582	0.33802	437	0	0	0.19396	0.2185	0	-0.0372695	0	0	0
0.640582	0.33802	438	0	0	0.19396	0.219	0	-0.0375662	0	0	0
0.640582	0.33802	439	0	0	0.19396	0.2195	0	-0.0378631	0	0	0
0.640582	0.33802	440	0	0	0.19396	0.22	0	-0.03816	0	0	0
0.640582	0.33802	441	0	0	0.19396	0.2205	0	-0.0384571	0	0	0
0.640582	0.33802	442	0	0	0.19396	0.221	0	-0.0387543	0	0	0
0.640582	0.33802	443	0	0	0.19396	0.2215	0	-0.0390516	0	0	0
0.640582	0.33802	444	0	0	0.19396	0.222	0	-0.0393491	0	0	0
0.640582	0.33802	445	0	0	0.19396	0.2225	0	-0.0396466	0	0	0
0.640582	0.33802	446	0	0	0.19396	0.223	0	-0.0399443	0	0	0
0.640582	0.33802	447	0	0	0.19396	0.2235	0	-0.0402421	0	0	0
0.640582	0.33802	448	0	0	0.19396	0.224	0	-0.0405401	0	0	0
0.640582	0.33802	449	0	0	0.19396	0.2245	0	-0.0408381	0	0	0
0.640582	0.33802	450	0	0	0.19396	0.225	0	-0.0411363	0	0	0
0.640582	0.33802	451	0	0	0.19396	0.2255	0	-0.0414346	0	0	0
0.640582	0.33802	452	0	0	0.19396	0.226	0	-0.041733	0	0	0
0.640582	0.33802	453	0	0	0.19396	0.2265	0	-0.0420315	0	0	0
0.640582	0.33802	454	0	0	0.19396	0.227	0	-0.0423301	0	0	0
0.640582	0.33802	455	0	0	0.19396	0.2275	0	-0.0426289	0	0	0
0.640582	0.33802	456	0	0	0.19396	0.228	0	-0.0429277	0	0	0
0.640582	0.33802	457	0	0	0.19396	0.2285	0	-0.0432267	0	0	0
0.640582	0.33802	458	0	0	0.19396	0.229	0	-0.0435258	0	0	0
0.640582	0.33802	459	0	0	0.19396	0.2295	0	-0.043825	0	0	0
0.640582	0.33802	460	0	0	0.19396	0.23	0	-0.0441243	0	0	0
0.640582	0.33802	461	0	0	0.19396	0.2305	0	-0.0444237	0	0	0
0.640582	0.33802	462	0	0	0.19396	0.231	0	-0.0447232	0	0	0
0.640582	0.33802	463	0	0	0.19396	0.2315	0	-0.0450229	0	0	0
0.640582	0.33802	464	0	0	0.19396	0.232	0	-0.0453226	0	0	0
0.640582	0.33802	465	0	0	0.19396	0.2325	0	-0.0456225	0	0	0
0.640582	0.33802	466	0	0	0.19396	0.233	0	-0.0459224	0	0	0
0.640582	0.33802	467	0	0	0.19396	0.2335	0	-0.0462225	0	0	0
0.640582	0.33802	468	0	0	0.19396	0.234	0	-0.0465227	0	0	0
0.640582	0.33802	469	0	0	0.19396	0.2345	0	-0.046823	0	0	0
0.640582	0.33802	470	0	0	0.19396	0.235	0	-0.0471233	0	0	0
0.640582	0.33802	471	0	0	0.19396	0.2355	0	-0.0474238	0	0	0
0.640582	0.33802	472	0	0	0.19396	0.236	0	-0.0477244	0	0	0
0.640582	0.33802	473	0	0	0.19396	0.2365	0	-0.0480251	0	0	0
0.640582	0.33802	474	0	0	0.19396	0.237	0	-0.0483259	0	0	0
0.640582	0.33802	475	0	0	0.19396	0.2375	0	-0.0486268	0	0	0
0.640582	0.33802	476	0	0	0.19396	0.238	0	-0.0489278	0	0	0
0.640582	0.33802	477	0	0	0.19396	0.2385	0	-0.0492289	0	0	0
0.640582	0.33802	478	0	0	0.19396	0.239	0	-0.0495301	0	0	0
0.640582	0.33802	479	0	0	0.19396	0.2395	0	-0.0498314	0	0	0
0.640582	0.33802	480	0	0	0.19396	0.24	0	-0.0501328	0	0	0
0.640582	0.33802	481	0	0	0.19396	0.2405	0	-0.0504343	0	0	0
0.640582	0.33802	482	0	0	0.19396	0.241	0	-0.0507359	0	0	0
0.640582	0.33802	483	0	0	0.19396	0.2415	0	-0.0510375	0	0	0
0.640582	0.33802	484	0	0	0.19396	0.242	0	-0.0513393	0	0	0
0.640582	0.33802	485	0	0	0.19396	0.2425	0	-0.0516412	0	0	0
0.640582	0.33802	486	0	0	0.19396	0.243	0	-0.0519432	0	0	0
0.640582	0.33802	487	0	0	0.19396	0.2435	0	-0.0522453	0	0	0
0.640582	0.33802	488	0	0	0.19396	0.244	0	-0.0525474	0	0	0
0.640582	0.33802	489	0	0	0.19396	0.2445	0	-0.0528497	0	0	0
0.640582	0.33802	490	0	0	0.19396	0.245	0	-0.053152	0	0	0
0.640582	0.33802	491	0	0	0.19396	0.2455	0	-0.0534545	0	0	0
0.640582	0.33802	492	0	0	0.19396	0.246	0	-0.053757	0	0	0
0.640582	0.33802	493	0	0	0.19396	0.2465	0	-0.0540596	0	0	0
0.640582	0.33802	494	0	0	0.19396	0.247	0	-0.0543623	0	0	0
0.640582	0.33802	495	0	0	0.19396	0.2475	0	-0.0546652	0	0	0
0.640582	0.33802	496	0	0	0.19396	0.248	0	-0.0549681	0	0	0
0.640582	0.33802	497	0	0	0.19396	0.2485	0	-0.055271	0	0	0
0.640582	0.33802	498	0	0	0.19396	0.249	0	-0.0555741	0	0	0
0.640582	0.33802	499	0	0	0.19396	0.2495	0	-0.0558773	0	0	0
0.640582	0.33802	500	0	0	0.19396	0.25	0	-0.0561805	0	0	0
0.640582	0.33802	501	0	0	0.19396	0.2505	0	-0.0564839	0	0	0
0.640582	0.33802	502	0	0	0.19396	0.251	0	-0.0567873	0	0	0
0.640582	0.33802	503	0	0	0.19396	0.2515	0	-0.0570908	0	0	0
0.640582	0.33802	504	0	0	0.19396	0.252	0	-0.0573944	0	0	0
0.640582	0.33802	505	0	0	0.19396	0.2525	0	-0.0576981	0	0	0
0.640582	0.33802	506	0	0	0.19396	0.253	0	-0.0580019	0	0	0
0.640582	0.33802	507	0	0	0.19396	0.2535	0	-0.0583057	0	0	0
0.640582	0.33802	508	0	0	0.19396	0.254	0	-0.0586097	0	0	0
0.640582	0.33802	509	0	0	0.19396	0.2545	0	-0.0589137	0	0	0
0.640582	0.33802	510	0	0	0.19396	0.255	0	-0.0592178	0	0	0
0.640582	0.33802	511	0	0	0.19396	0.2555	0	-0.059522	0	0	0
0.640582	0.33802	512	0	0	0.19396	0.256	0	-0.0598263	0	0	0
0.640582	0.33802	513	0	0	0.19396	0.2565	0	-0.0601306	0	0	0
0.640582	0.33802	514	0	0	0.19396	0.257	0	-0.0604351	0	0	0
0.640582	0.33802	515	0	0	0.19396	0.2575	0	-0.0607396	0	0	0
0.640582	0.33802	516	0	0	0.19396	0.258	0	-0.0610442	0	0	0
0.640582	0.33802	517	0	0	0.19396	0.2585	0	-0.0613489	0	0	0
0.640582	0.33802	518	0	0	0.19396	0.259	0	-0.0616536	0	0	0
0.640582	0.33802	519	0	0	0.19396	0.2595	0	-0.0619585	0	0	0
0.640582	0.33802	520	0	0	0.19396	0.26	0	-0.0622634	0	0	0
0.640582	0.33802	521	0	0	0.19396	0.2605	0	-0.0625684	0	0	0
0.640582	0.33802	522	0	0	0.19396	0.261	0	-0.0628734	0	0	0
0.640582	0.33802	523	0	0	0.19396	0.2615	0	-0.0631786	0	0	0
0.640582	0.33802	524	0	0	0.19396	0.262	0	-0.0634838	0	0	0
0.640582	0.33802	525	0	0	0.19396	0.2625	0	-0.0637891	0	0	0
0.640582	0.33802	526	0	0	0.19396	0.263	0	-0.0640945	0	0	0
0.640582	0.33802	527	0	0	0.19396	0.2635	0	-0.0644	0	0	0
0.640582	0.33802	528	0	0	0.19396	0.264	0	-0.0647055	0	0	0
0.640582	0.33802	529	0	0	0.19396	0.2645	0	-0.0650111	0	0	0
0.640582	0.33802	530	0	0	0.19396	0.265	0	-0.0653168	0	0	0
0.640582	0.33802	531	0	0	0.19396	0.2655	0	-0.0656225	0	0	0
0.640582	0.33802	532	0	0	0.19396	0.266	0	-0.0659284	0	0	0
0.640582	0.33802	533	0	0	0.19396	0.2665	0	-0.0662343	0	0	0
0.640582	0.33802	534	0	0	0.19396	0.267	0	-0.0665402	0	0	0
0.640582	0.33802	535	0	0	0.19396	0.2675	0	-0.0668463	0	0	0
0.640582	0.33802	536	0	0	0.19396	0.268	0	-0.0671524	0	0	0
0.640582	0.33802	537	0	0	0.19396	0.2685	0	-0.0674586	0	0	0
0.640582	0.33802	538	0	0	0.19396	0.269	0	-0.0677649	0	0	0
0.640582	0.33802	539	0	0	0.19396	0.2695	0	-0.0680712	0	0	0
0.640582	0.33802	540	0	0	0.19396	0.27	0	-0.0683776	0	0	0
0.640582	0.33802	541	0	0	0.19396	0.2705	0	-0.0686841	0	0	0
0.640582	0.33802	542	0	0	0.19396	0.271	0	-0.0689907	0	0	0
0.640582	0.33802	543	0	0	0.19396	0.2715	0	-0.0692973	0	0	0
0.640582	0.33802	544	0	0	0.19396	0.272	0	-0.069604	0	0	0
0.640582	0.33802	545	0	0	0.19396	0.2725	0	-0.0699107	0	0	0
0.640582	0.33802	546	0	0	0.19396	0.273	0	-0.0702175	0	0	0
0.640582	0.33802	547	0	0	0.19396	0.2735	0	-0.0705244	0	0	0
0.640582	0.33802	548	0	0	0.19396	0.274	0	-0.0708314	0	0	0
0.640582	0.33802	549	0	0	0.19396	0.2745	0	-0.0711384	0	0	0
0.640582	0.33802	550	0	0	0.19396	0.275	0	-0.0714455	0	0	0
0.640582	0.33802	551	0	0	0.19396	0.2755	0	-0.0717527	0	0	0
0.640582	0.33802	552	0	0	0.19396	0.276	0	-0.0720599	0	0	0
0.640582	0.33802	553	0	0	0.19396	0.2765	0	-0.0723672	0	0	0
0.640582	0.33802	554	0	0	0.19396	0.277	0	-0.0726746	0	0	0
0.640582	0.33802	555	0	0	0.19396	0.2775	0	-0.072982	0	0	0
0.640582	0.33802	556	0	0	0.19396	0.278	0	-0.0732895	0	0	0
0.640582	0.33802	557	0	0	0.19396	0.2785	0	-0.0735971	0	0	0
0.640582	0.33802	558	0	0	0.19396	0.279	0	-0.0739047	0	0	0
0.640582	0.33802	559	0	0	0.19396	0.2795	0	-0.0742124	0	0	0
0.640582	0.33802	560	0	0	0.19396	0.28	0	-0.0745201	0	0	0
0.640582	0.33802	561	0	0	0.19396	0.2805	0	-0.074828	0	0	0
0.640582	0.33802	562	0	0	0.19396	0.281	0	-0.0751358	0	0	0
0.640582	0.33802	563	0	0	0.19396	0.2815	0	-0.0754438	0	0	0
0.640582	0.33802	564	0	0	0.19396	0.282	0	-0.0757518	0	0	0
0.640582	0.33802	565	0	0	0.19396	0.2825	0	-0.0760599	0	0	0
0.640582	0.33802	566	0	0	0.19396	0.283	0	-0.076368	0	0	0
0.640582	0.33802	567	0	0	0.19396	0.2835	0	-0.0766762	0	0	0
0.640582	0.33802	568	0	0	0.19396	0.284	0	-0.0769844	0	0	0
0.640582	0.33802	569	0	0	0.19396	0.2845	0	-0.0772928	0	0	0
0.640582	0.33802	570	0	0	0.19396	0.285	0	-0.0776011	0	0	0
0.640582	0.33802	571	0	0	0.19396	0.2855	0	-0.0779096	0	0	0
0.640582	0.33802	572	0	0	0.19396	0.286	0	-0.0782181	0	0	0
0.640582	0.33802	573	0	0	0.19396	0.2865	0	-0.0785266	0	0	0
0.640582	0.33802	574	0	0	0.19396	0.287	0	-0.0788352	0	0	0
0.640582	0.33802	575	0	0	0.19396	0.2875	0	-0.0791439	0	0	0
0.640582	0.33802	576	0	0	0.19396	0.288	0	-0.0794526	0	0	0
0.640582	0.33802	577	0	0	0.19396	0.2885	0	-0.0797614	0	0	0
0.640582	0.33802	578	0	0	0.19396	0.289	0	-0.0800703	0	0	0
0.640582	0.33802	579	0	0	0.19396	0.2895	0	-0.0803792	0	0	0
0.640582	0.33802	580	0	0	0.19396	0.29	0	-0.0806882	0	0	0
0.640582	0.33802	581	0	0	0.19396	0.2905	0	-0.0809972	0	0	0
0.640582	0.33802	582	0	0	0.19396	0.291	0	-0.0813063	0	0	0
0.640582	0.33802	583	0	0	0.19396	0.2915	0	-0.0816154	0	0	0
0.640582	0.33802	584	0	0	0.19396	0.292	0	-0.0819246	0	0	0
0.640582	0.33802	585	0	0	0.19396	0.2925	0	-0.0822339	0	0	0
0.640582	0.33802	586	0	0	0.19396	0.293	0	-0.0825432	0	0	0
0.640582	0.33802	587	0	0	0.19396	0.2935	0	-0.0828525	0	0	0
0.640582	0.33802	588	0	0	0.19396	0.294	0	-0.083162	0	0	0
0.640582	0.33802	589	0	0	0.19396	0.2945	0	-0.0834714	0	0	0
0.640582	0.33802	590	0	0	0.19396	0.295	0	-0.083781	0	0	0
0.640582	0.33802	591	0	0	0.19396	0.2955	0	-0.0840906	0	0	0
0.640582	0.33802	592	0	0	0.19396	0.296	0	-0.0844002	0	0	0
0.640582	0.33802	593	0	0	0.19396	0.2965	0	-0.0847099	0	0	0
0.640582	0.33802	594	0	0	0.19396	0.297	0	-0.0850197	0	0	0
0.640582	0.33802	595	0	0	0.19396	0.2975	0	-0.0853295	0	0	0
0.640582	0.33802	596	0	0	0.19396	0.298	0	-0.0856393	0	0	0
0.640582	0.33802	597	0	0	0.19396	0.2985	0	-0.0859492	0	0	0
0.640582	0.33802	598	0	0	0.19396	0.299	0	-0.0862592	0	0	0
0.640582	0.33802	599	0	0	0.19396	0.2995	0	-0.0865692	0	0	0
0.640582	0.33802	600	0	0	0.19396	0.3	0	-0.0868793	0	0	0
0.640582	0.33802	601	0	0	0.19396	0.3005	0	-0.0871894	0	0	0
0.640582	0.33802	602	0	0	0.19396	0.301	0	-0.0874996	0	0	0
0.640582	0.33802	603	0	0	0.19396	0.3015	0	-0.0878098	0	0	0
0.640582	0.33802	604	0	0	0.19396	0.302	0	-0.0881201	0	0	0
0.640582	0.33802	605	0	0	0.19396	0.3025	0	-0.0884304	0	0	0
0.640582	0.33802	606	0	0	0.19396	0.303	0	-0.0887408	0	0	0
0.640582	0.33802	607	0	0	0.19396	0.3035	0	-0.0890512	0	0	0
0.640582	0.33802	608	0	0	0.19396	0.304	0	-0.0893617	0	0	0
0.640582	0.33802	609	0	0	0.19396	0.3045	0	-0.0896722	0	0	0
0.640582	0.33802	610	0	0	0.19396	0.305	0	-0.0899828	0	0	0
0.640582	0.33802	611	0	0	0.19396	0.3055	0	-0.0902934	0	0	0
0.640582	0.33802	612	0	0	0.19396	0.306	0	-0.0906041	0	0	0
0.640582	0.33802	613	0	0	0.19396	0.3065	0	-0.0909149	0	0	0
0.640582	0.33802	614	0	0	0.19396	0.307	0	-0.0912256	0	0	0
0.640582	0.33802	615	0	0	0.19396	0.3075	0	-0.0915365	0	0	0
0.640582	0.33802	616	0	0	0.19396	0.308	0	-0.0918474	0	0	0
0.640582	0.33802	617	0	0	0.19396	0.3085	0	-0.0921583	0	0	0
0.640582	0.33802	618	0	0	0.19396	0.309	0	-0.0924693	0	0	0
0.640582	0.33802	619	0	0	0.19396	0.3095	0	-0.0927803	0	0	0
0.640582	0.33802	620	0	0	0.19396	0.31	0	-0.0930914	0	0	0
0.640582	0.33802	621	0	0	0.19396	0.3105	0	-0.0934025	0	0	0
0.640582	0.33802	622	0	0	0.19396	0.311	0	-0.0937136	0	0	0
0.640582	0.33802	623	0	0	0.19396	0.3115	0	-0.0940249	0	0	0
0.640582	0.33802	624	0	0	0.19396	0.312	0	-0.0943361	0	0	0
0.640582	0.33802	625	0	0	0.19396	0.3125	0	-0.0946474	0	0	0
0.640582	0.33802	626	0	0	0.19396	0.313	0	-0.0949588	0	0	0
0.640582	0.33802	627	0	0	0.19396	0.3135	0	-0.0952702	0	0	0
0.640582	0.33802	628	0	0	0.19396	0.314	0	-0.0955816	0	0	0
0.640582	0.33802	629	1	0	0.19396	0.3145	0	-0.0958931	0	0	0
0.640582	0.33802	630	1	0	0.19396	0.315	0	-0.0962047	0	0	0
0.640582	0.33802	631	1	0	0.19396	0.3155	0	-0.0965162	0	0	0
0.640582	0.33802	632	1	0	0.19396	0.316	0	-0.0968279	0	0	0
0.640582	0.33802	633	1	0	0.19396	0.3165	0	-0.0971395	0	0	0
0.640582	0.33802	634	1	0	0.19396	0.317	0	-0.0974513	0	0	0
0.640582	0.33802	635	1	0	0.19396	0.3175	0	-0.097763	0	0	0
0.640582	0.33802	636	1	0	0.19396	0.318	0	-0.0980748	0	0	0
0.640582	0.33802	637	1	0	0.19396	0.3185	0	-0.0983867	0	0	0
0.640582	0.33802	638	1	0	0.19396	0.319	0	-0.0986986	0	0	0
0.640582	0.33802	639	1	0	0.19396	0.3195	0	-0.0990105	0	0	0
0.640582	0.33802	640	1	0	0.19396	0.32	0	-0.0993225	0	0	0
0.640582	0.33802	641	1	0	0.19396	0.3205	0	-0.0996345	0	0	0
0.640582	0.33802	642	1	0	0.19396	0.321	0	-0.0999466	0	0	0
0.640582	0.33802	643	1	0	0.19396	0.3215	0	-0.100259	0	0	0
0.640582	0.33802	644	1	0	0.19396	0.322	0	-0.100571	0	0	0
0.640582	0.33802	645	1	0	0.19396	0.3225	0	-0.100883	0	0	0
0.640582	0.33802	646	1	0	0.19396	0.323	0	-0.101195	0	0	0
0.640582	0.33802	647	1	0	0.19396	0.3235	0	-0.101508	0	0	0
0.640582	0.33802	648	1	0	0.19396	0.324	0	-0.10182	0	0	0
0.640582	0.33802	649	1	0	0.19396	0.3245	0	-0.102132	0	0	0
0.640582	0.33802	650	1	0	0.19396	0.325	0	-0.102445	0	0	0
0.640582	0.33802	651	1	0	0.19396	0.3255	0	-0.102757	0	0	0
0.640582	0.33802	652	1	0	0.19396	0.326	0	-0.10307	0	0	0
0.640582	0.33802	653	1	0	0.19396	0.3265	0	-0.103382	0	0	0
0.640582	0.33802	654	1	0	0.19396	0.327	0	-0.103695	0	0	0
0.640582	0.33802	655	1	0	0.19396	0.3275	0	-0.104007	0	0	0
0.640582	0.33802	656	1	0	0.19396	0.328	0	-0.10432	0	0	0
0.640582	0.33802	657	1	0	0.19396	0.3285	0	-0.104633	0	0	0
0.640582	0.33802	658	1	0	0.19396	0.329	0	-0.104946	0	0	0
0.640582	0.33802	659	1	0	0.19396	0.3295	0	-0.105258	0	0	0
0.640582	0.33802	660	1	0	0.19396	0.33	0	-0.105571	0	0	0
0.640582	0.33802	661	1	0	0.19396	0.3305	0	-0.105884	0	0	0
0.640582	0.33802	662	1	0	0.19396	0.331	0	-0.106197	0	0	0
0.640582	0.33802	663	1	0	0.19396	0.3315	0	-0.10651	0	0	0
0.640582	0.33802	664	1	0	0.19396	0.332	0	-0.106823	0	0	0
0.640582	0.33802	665	1	0	0.19396	0.3325	0	-0.107136	0	0	0
0.640582	0.33802	666	1	0	0.19396	0.333	0	-0.107449	0	0	0
0.640582	0.33802	667	1	0	0.19396	0.3335	0	-0.107762	0	0	0
0.640582	0.33802	668	1	0	0.19396	0.334	0	-0.108075	0	0	0
0.640582	0.33802	669	1	0	0.19396	0.3345	0	-0.108388	0	0	0
0.640582	0.33802	670	1	0	0.19396	0.335	0	-0.108701	0	0	0
0.640582	0.33802	671	1	0	0.19396	0.3355	0	-0.109015	0	0	0
0.640582	0.33802	672	1	0	0.19396	0.336	0	-0.109328	0	0	0
0.640582	0.33802	673	1	0	0.19396	0.3365	0	-0.109641	0	0	0
0.640582	0.33802	674	1	0	0.19396	0.337	0	-0.109955	0	0	0
0.640582	0.33802	675	1	0	0.19396	0.3375	0	-0.110268	0	0	0
0.640582	0.33802	676	1	0	0.19396	0.338	0	-0.110582	0	0	0
0.640582	0.33802	677	1	0	0.19396	0.3385	0	-0.110895	0	0	0
0.640582	0.33802	678	1	0	0.19396	0.339	0	-0.111209	0	0	0
0.640582	0.33802	679	1	0	0.19396	0.3395	0	-0.111522	0	0	0
0.640582	0.33802	680	1	0	0.19396	0.34	0	-0.111836	0	0	0
0.640582	0.33802	681	1	0	0.19396	0.3405	0	-0.112149	0	0	0
0.640582	0.33802	682	1	0	0.19396	0.341	0	-0.112463	0	0	0
0.640582	0.33802	683	1	0	0.19396	0.3415	0	-0.112777	0	0	0
0.640582	0.33802	684	1	0	0.19396	0.342	0	-0.11309	0	0	0
0.640582	0.33802	685	1	0	0.19396	0.3425	0	-0.113404	0	0	0
0.640582	0.33802	686	1	0	0.19396	0.343	0	-0.113718	0	0	0
0.640582	0.33802	687	1	0	0.19396	0.3435	0	-0.114032	0	0	0
0.640582	0.33802	688	1	0	0.19396	0.344	0	-0.114346	0	0	0
0.640582	0.33802	689	1	0	0.19396	0.3445	0	-0.11466	0	0	0
0.640582	0.33802	690	1	0	0.19396	0.345	0	-0.114974	0	0	0
0.640582	0.33802	691	1	0	0.19396	0.3455	0	-0.115287	0	0	0
0.640582	0.33802	692	1	0	0.19396	0.346	0	-0.115602	0	0	0
0.640582	0.33802	693	1	0	0.19396	0.3465	0	-0.115916	0	0	0
0.640582	0.33802	694	1	0	0.19396	0.347	0	-0.11623	0	0	0
0.640582	0.33802	695	1	0	0.19396	0.3475	0	-0.116544	0	0	0
0.640582	0.33802	696	1	0	0.19396	0.348	0	-0.116858	0	0	0
0.640582	0.33802	697	1	0	0.19396	0.3485	0	-0.117172	0	0	0
0.640582	0.33802	698	1	0	0.19396	0.349	0	-0.117486	0	0	0
0.640582	0.33802	699	1	0	0.19396	0.3495	0	-0.117801	0	0	0
0.640582	0.33802	700	1	0	0.19396	0.35	0	-0.118115	0	0	0
0.640582	0.33802	701	1	0	0.19396	0.3505	0	-0.118429	0	0	0
0.640582	0.33802	702	1	0	0.19396	0.351	0	-0.118744	0	0	0
0.640582	0.33802	703	1	0	0.19396	0.3515	0	-0.119058	0	0	0
0.640582	0.33802	704	1	0	0.19396	0.352	0	-0.119372	0	0	0
0.640582	0.33802	705	1	0	0.19396	0.3525	0	-0.119687	0	0	0
0.640582	0.33802	706	1	0	0.19396	0.353	0	-0.120001	0	0	0
0.640582	0.33802	707	1	0	0.19396	0.3535	0	-0.120316	0	0	0
0.640582	0.33802	708	1	0	0.19396	0.354	0	-0.12063	0	0	0
0.640582	0.33802	709	1	0	0.19396	0.3545	0	-0.120945	0	0	0
0.640582	0.33802	710	1	0	0.19396	0.355	0	-0.12126	0	0	0
0.640582	0.33802	711	1	0	0.19396	0.3555	0	-0.121574	0	0	0
0.640582	0.33802	712	1	0	0.19396	0.356	0	-0.121889	0	0	0
0.640582	0.33802	713	1	0	0.19396	0.3565	0	-0.122204	0	0	0
0.640582	0.33802	714	1	0	0.19396	0.357	0	-0.122518	0	0	0
0.640582	0.33802	715	1	0	0.19396	0.3575	0	-0.122833	0	0	0
0.640582	0.33802	716	1	0	0.19396	0.358	0	-0.123148	0	0	0
0.640582	0.33802	717	1	0	0.19396	0.3585	0	-0.123463	0	0	0
0.640582	0.33802	718	1	0	0.19396	0.359	0	-0.123778	0	0	0
0.640582	0.33802	719	1	0	0.19396	0.3595	0	-0.124093	0	0	0
0.640582	0.33802	720	1	0	0.19396	0.36	0	-0.124408	0	0	0
0.640582	0.33802	721	1	0	0.19396	0.3605	0	-0.124723	0	0	0
0.640582	0.33802	722	1	0	0.19396	0.361	0	-0.125037	0	0	0
0.640582	0.33802	723	1	0	0.19396	0.3615	0	-0.125353	0	0	0
0.640582	0.33802	724	1	0	0.19396	0.362	0	-0.125668	0	0	0
0.640582	0.33802	725	1	0	0.19396	0.3625	0	-0.125983	0	0	0
0.640582	0.33802	726	1	0	0.19396	0.363	0	-0.126298	0	0	0
0.640582	0.33802	727	1	0	0.19396	0.3635	0	-0.126613	0	0	0
0.640582	0.33802	728	1	0	0.19396	0.364	0	-0.126928	0	0	0
0.640582	0.33802	729	1	0	0.19396	0.3645	0	-0.127243	0	0	0
0.640582	0.33802	730	1	0	0.19396	0.365	0	-0.127559	0	0	0
0.640582	0.33802	731	1	0	0.19396	0.3655	0	-0.127874	0	0	0
0.640582	0.33802	732	1	0	0.19396	0.366	0	-0.128189	0	0	0
0.640582	0.33802	733	1	0	0.19396	0.3665	0	-0.128504	0	0	0
0.640582	0.33802	734	1	0	0.19396	0.367	0	-0.12882	0	0	0
0.640582	0.33802	735	1	0	0.19396	0.3675	0	-0.129135	0	0	0
0.640582	0.33802	736	1	0	0.19396	0.368	0	-0.129451	0	0	0
0.640582	0.33802	737	1	0	0.19396	0.3685	0	-0.129766	0	0	0
0.640582	0.33802	738	1	0	0.19396	0.369	0	-0.130082	0	0	0
0.640582	0.33802	739	1	0	0.19396	0.3695	0	-0.130397	0	0	0
0.640582	0.33802	740	1	0	0.19396	0.37	0	-0.130713	0	0	0
0.640582	0.33802	741	1	0	0.19396	0.3705	0	-0.131028	0	0	0
0.640582	0.33802	742	1	0	0.19396	0.371	0	-0.131344	0	0	0
0.640582	0.33802	743	1	0	0.19396	0.3715	0	-0.131659	0	0	0
0.640582	0.33802	744	1	0	0.19396	0.372	0	-0.131975	0	0	0
0.640582	0.33802	745	1	0	0.19396	0.3725	0	-0.132291	0	0	0
0.640582	0.33802	746	1	0	0.19396	0.373	0	-0.132606	0	0	0
0.640582	0.33802	747	1	0	0.19396	0.3735	0	-0.132922	0	0	0
0.640582	0.33802	748	1	0	0.19396	0.374	0	-0.133238	0	0	0
0.640582	0.33802	749	1	0	0.19396	0.3745	0	-0.133554	0	0	0
0.640582	0.33802	750	1	0	0.19396	0.375	0	-0.13387	0	0	0
0.640582	0.33802	751	1	0	0.19396	0.3755	0	-0.134185	0	0	0
0.640582	0.33802	752	1	0	0.19396	0.376	0	-0.134501	0	0	0
0.640582	0.33802	753	1	0	0.19396	0.3765	0	-0.134817	0	0	0
0.640582	0.33802	754	1	0	0.19396	0.377	0	-0.135133	0	0	0
0.640582	0.33802	755	1	0	0.19396	0.3775	0	-0.135449	0	0	0
0.640582	0.33802	756	1	0	0.19396	0.378	0	-0.135765	0	0	0
0.640582	0.33802	757	1	0	0.19396	0.3785	0	-0.136081	0	0	0
0.640582	0.33802	758	1	0	0.19396	0.379	0	-0.136397	0	0	0
0.640582	0.33802	759	1	0	0.19396	0.3795	0	-0.136713	0	0	0
0.640582	0.33802	760	1	0	0.19396	0.38	0	-0.137029	0	0	0
0.640582	0.33802	761	1	0	0.19396	0.3805	0	-0.137345	0	0	0
0.640582	0.33802	762	1	0	0.19396	0.381	0	-0.137661	0	0	0
0.640582	0.33802	763	1	0	0.19396	0.3815	0	-0.137978	0	0	0
0.640582	0.33802	764	1	0	0.19396	0.382	0	-0.138294	0	0	0
0.640582	0.33802	765	1	0	0.19396	0.3825	0	-0.13861	0	0	0
0.640582	0.33802	766	1	0	0.19396	0.383	0	-0.138926	0	0	0
0.640582	0.33802	767	1	0	0.19396	0.3835	0	-0.139242	0	0	0
0.640582	0.33802	768	1	0	0.19396	0.384	0	-0.139559	0	0	0
0.640582	0.33802	769	1	0	0.19396	0.3845	0	-0.139875	0	0	0
0.640582	0.33802	770	1	0	0.19396	0.385	0	-0.140191	0	0	0
0.640582	0.33802	771	1	0	0.19396	0.3855	0	-0.140508	0	0	0
0.640582	0.33802	772	1	0	0.19396	0.386	0	-0.140824	0	0	0
0.640582	0.33802	773	1	0	0.19396	0.3865	0	-0.141141	0	0	0
0.640582	0.33802	774	1	0	0.19396	0.387	0	-0.141457	0	0	0
0.640582	0.33802	775	1	0	0.19396	0.3875	0	-0.141774	0	0	0
0.640582	0.33802	776	1	0	0.19396	0.388	0	-0.14209	0	0	0
0.640582	0.33802	777	1	0	0.19396	0.3885	0	-0.142407	0	0	0
0.640582	0.33802	778	1	0	0.19396	0.389	0	-0.142723	0	0	0
0.640582	0.33802	779	1	0	0.19396	0.3895	0	-0.14304	0	0	0
0.640582	0.33802	780	1	0	0.19396	0.39	0	-0.143356	0	0	0
0.640582	0.33802	781	1	0	0.19396	0.3905	0	-0.143673	0	0	0
0.640582	0.33802	782	1	0	0.19396	0.391	0	-0.14399	0	0	0
0.640582	0.33802	783	1	0	0.19396	0.3915	0	-0.144306	0	0	0
0.640582	0.33802	784	1	0	0.19396	0.392	0	-0.144623	0	0	0
0.640582	0.33802	785	1	0	0.19396	0.3925	0	-0.14494	0	0	0
0.640582	0.33802	786	1	0	0.19396	0.393	0	-0.145256	0	0	0
0.640582	0.33802	787	1	0	0.19396	0.3935	0	-0.145573	0	0	0
0.640582	0.33802	788	1	0	0.19396	0.394	0	-0.14589	0	0	0
0.640582	0.33802	789	1	0	0.19396	0.3945	0	-0.146207	0	0	0
0.640582	0.33802	790	1	0	0.19396	0.395	0	-0.146524	0	0	0
0.640582	0.33802	791	1	0	0.19396	0.3955	0	-0.14684	0	0	0
0.640582	0.33802	792	1	0	0.19396	0.396	0	-0.147157	0	0	0
0.640582	0.33802	793	1	0	0.19396	0.3965	0	-0.147474	0	0	0
0.640582	0.33802	794	1	0	0.19396	0.397	0	-0.147791	0	0	0
0.640582	0.33802	795	1	0	0.19396	0.3975	0	-0.148108	0	0	0
0.640582	0.33802	796	1	0	0.19396	0.398	0	-0.148425	0	0	0
0.640582	0.33802	797	1	0	0.19396	0.3985	0	-0.148742	0	0	0
0.640582	0.33802	798	1	0	0.19396	0.399	0	-0.149059	0	0	0
0.640582	0.33802	799	1	0	0.19396	0.3995	0	-0.149376	0	0	0
0.640582	0.33802	800	1	0	0.19396	0.4	0	-0.149693	0	0	0
0.640582	0.33802	801	1	0	0.19396	0.4005	0	-0.15001	0	0	0
0.640582	0.33802	802	1	0	0.19396	0.401	0	-0.150328	0	0	0
0.640582	0.33802	803	1	0	0.19396	0.4015	0	-0.150645	0	0	0
0.640582	0.33802	804	1	0	0.19396	0.402	0	-0.150962	0	0	0
0.640582	0.33802	805	1	0	0.19396	0.4025	0	-0.151279	0	0	0
0.640582	0.33802	806	1	0	0.19396	0.403	0	-0.151596	0	0	0
0.640582	0.33802	807	1	0	0.19396	0.4035	0	-0.151913	0	0	0
0.640582	0.33802	808	1	0	0.19396	0.404	0	-0.152231	0	0	0
0.640582	0.33802	809	1	0	0.19396	0.4045	0	-0.152548	0	0	0
0.640582	0.33802	810	1	0	0.19396	0.405	0	-0.152865	0	0	0
0.640582	0.33802	811	1	0	0.19396	0.4055	0	-0.153183	0	0	0
0.640582	0.33802	812	1	0	0.19396	0.406	0	-0.1535	0	0	0
0.640582	0.33802	813	1	0	0.19396	0.4065	0	-0.153817	0	0	0
0.640582	0.33802	814	1	0	0.19396	0.407	0	-0.154135	0	0	0
0.640582	0.33802	815	1	0	0.19396	0.4075	0	-0.154452	0	0	0
0.640582	0.33802	816	1	0	0.19396	0.408	0	-0.15477	0	0	0
0.640582	0.33802	817	1	0	0.19396	0.4085	0	-0.155087	0	0	0
0.640582	0.33802	818	1	0	0.19396	0.409	0	-0.155404	0	0	0
0.640582	0.33802	819	1	0	0.19396	0.4095	0	-0.155722	0	0	0
0.640582	0.33802	820	1	0	0.19396	0.41	0	-0.156039	0	0	0
0.640582	0.33802	821	1	0	0.19396	0.4105	0	-0.156357	0	0	0
0.640582	0.33802	822	1	0	0.19396	0.411	0	-0.156675	0	0	0
0.640582	0.33802	823	1	0	0.19396	0.4115	0	-0.156992	0	0	0
0.640582	0.33802	824	1	0	0.19396	0.412	0	-0.15731	0	0	0
0.640582	0.33802	825	1	0	0.19396	0.4125	0	-0.157627	0	0	0
0.640582	0.33802	826	1	0	0.19396	0.413	0	-0.157945	0	0	0
0.640582	0.33802	827	1	0	0.19396	0.4135	0	-0.158263	0	0	0
0.640582	0.33802	828	1	0	0.19396	0.414	0	-0.15858	0	0	0
0.640582	0.33802	829	1	0	0.19396	0.4145	0	-0.158898	0	0	0
0.640582	0.33802	830	1	0	0.19396	0.415	0	-0.159216	0	0	0
0.640582	0.33802	831	1	0	0.19396	0.4155	0	-0.159533	0	0	0
0.640582	0.33802	832	1	0	0.19396	0.416	0	-0.159851	0	0	0
0.640582	0.33802	833	1	0	0.19396	0.4165	0	-0.160169	0	0	0
0.640582	0.33802	834	1	0	0.19396	0.417	0	-0.160487	0	0	0
0.640582	0.33802	835	1	0	0.19396	0.4175	0	-0.160805	0	0	0
0.640582	0.33802	836	1	0	0.19396	0.418	0	-0.161123	0	0	0
0.640582	0.33802	837	1	0	0.19396	0.4185	0	-0.16144	0	0	0
0.640582	0.33802	838	1	0	0.19396	0.419	0	-0.161758	0	0	0
0.640582	0.33802	839	1	0	0.19396	0.4195	0	-0.162076	0	0	0
0.640582	0.33802	840	1	0	0.19396	0.42	0	-0.162394	0	0	0
0.640582	0.33802	841	1	0	0.19396	0.4205	0	-0.162712	0	0	0
0.640582	0.33802	842	1	0	0.19396	0.421	0	-0.16303	0	0	0
0.640582	0.33802	843	1	0	0.19396	0.4215	0	-0.163348	0	0	0
0.640582	0.33802	844	1	0	0.19396	0.422	0	-0.163666	0	0	0
0.640582	0.33802	845	1	0	0.19396	0.4225	0	-0.163984	0	0	0
0.640582	0.33802	846	1	0	0.19396	0.423	0	-0.164302	0	0	0
0.640582	0.33802	847	1	0	0.19396	0.4235	0	-0.16462	0	0	0
0.640582	0.33802	848	1	0	0.19396	0.424	0	-0.164938	0	0	0
0.640582	0.33802	849	1	0	0.19396	0.4245	0	-0.165256	0	0	0
0.640582	0.33802	850	1	0	0.19396	0.425	0	-0.165574	0	0	0
0.640582	0.33802	851	1	0	0.19396	0.4255	0	-0.165893	0	0	0
0.640582	0.33802	852	1	0	0.19396	0.426	0	-0.166211	0	0	0
0.640582	0.33802	853	1	0	0.19396	0.4265	0	-0.166529	0	0	0
0.640582	0.33802	854	1	0	0.19396	0.427	0	-0.166847	0	0	0
0.640582	0.33802	855	1	0	0.19396	0.4275	0	-0.167165	0	0	0
0.640582	0.33802	856	1	0	0.19396	0.428	0	-0.167484	0	0	0
0.640582	0.33802	857	1	0	0.19396	0.4285	0	-0.167802	0	0	0
0.640582	0.33802	858	1	0	0.19396	0.429	0	-0.16812	0	0	0
0.640582	0.33802	859	1	0	0.19396	0.4295	0	-0.168438	0	0	0
0.640582	0.33802	860	1	0	0.19396	0.43	0	-0.168757	0	0	0
0.640582	0.33802	861	1	0	0.19396	0.4305	0	-0.169075	0	0	0
0.640582	0.33802	862	1	0	0.19396	0.431	0	-0.169393	0	0	0
0.640582	0.33802	863	1	0	0.19396	0.4315	0	-0.169712	0	0	0
0.640582	0.33802	864	1	0	0.19396	0.432	0	-0.17003	0	0	0
0.640582	0.33802	865	1	0	0.19396	0.4325	0	-0.170348	0	0	0
0.640582	0.33802	866	1	0	0.19396	0.433	0	-0.170667	0	0	0
0.640582	0.33802	867	1	0	0.19396	0.4335	0	-0.170985	0	0	0
0.640582	0.33802	868	1	0	0.19396	0.434	0	-0.171304	0	0	0
0.640582	0.33802	869	1	0	0.19396	0.4345	0	-0.171622	0	0	0
0.640582	0.33802	870	1	0	0.19396	0.435	0	-0.171941	0	0	0
0.640582	0.33802	871	1	0	0.19396	0.4355	0	-0.172259	0	0	0
0.640582	0.33802	872	1	0	0.19396	0.436	0	-0.172578	0	0	0
0.640582	0.33802	873	1	0	0.19396	0.4365	0	-0.172896	0	0	0
0.640582	0.33802	874	1	0	0.19396	0.437	0	-0.173215	0	0	0
0.640582	0.33802	875	1	0	0.19396	0.4375	0	-0.173533	0	0	0
0.640582	0.33802	876	1	0	0.19396	0.438	0	-0.173852	0	0	0
0.640582	0.33802	877	1	0	0.19396	0.4385	0	-0.174171	0	0	0
0.640582	0.33802	878	1	0	0.19396	0.439	0	-0.174489	0	0	0
0.640582	0.33802	879	1	0	0.19396	0.4395	0	-0.174808	0	0	0
0.640582	0.33802	880	1	0	0.19396	0.44	0	-0.175127	0	0	0
0.640582	0.33802	881	1	0	0.19396	0.4405	0	-0.175445	0	0	0
0.640582	0.33802	882	1	0	0.19396	0.441	0	-0.175764	0	0	0
0.640582	0.33802	883	1	0	0.19396	0.4415	0	-0.176083	0	0	0
0.640582	0.33802	884	1	0	0.19396	0.442	0	-0.176401	0	0	0
0.640582	0.33802	885	1	0	0.19396	0.4425	0	-0.17672	0	0	0
0.640582	0.33802	886	1	0	0.19396	0.443	0	-0.177039	0	0	0
0.640582	0.33802	887	1	0	0.19396	0.4435	0	-0.177358	0	0	0
0.640582	0.33802	888	1	0	0.19396	0.444	0	-0.177677	0	0	0
0.640582	0.33802	889	1	0	0.19396	0.4445	0	-0.177995	0	0	0
0.640582	0.33802	890	1	0	0.19396	0.445	0	-0.178314	0	0	0
0.640582	0.33802	891	1	0	0.19396	0.4455	0	-0.178633	0	0	0
0.640582	0.33802	892	1	0	0.19396	0.446	0	-0.178952	0	0	0
0.640582	0.33802	893	1	0	0.19396	0.4465	0	-0.179271	0	0	0
0.640582	0.33802	894	1	0	0.19396	0.447	0	-0.17959	0	0	0
0.640582	0.33802	895	1	0	0.19396	0.4475	0	-0.179909	0	0	0
0.640582	0.33802	896	1	0	0.19396	0.448	0	-0.180228	0	0	0
0.640582	0.33802	897	1	0	0.19396	0.4485	0	-0.180547	0	0	0
0.640582	0.33802	898	1	0	0.19396	0.449	0	-0.180866	0	0	0
0.640582	0.33802	899	1	0	0.19396	0.4495	0	-0.181185	0	0	0
0.640582	0.33802	900	1	0	0.19396	0.45	0	-0.181504	0	0	0
0.640582	0.33802	901	1	0	0.19396	0.4505	0	-0.181823	0	0	0
0.640582	0.33802	902	1	0	0.19396	0.451	0	-0.182142	0	0	0
0.640582	0.33802	903	1	0	0.19396	0.4515	0	-0.182461	0	0	0
0.640582	0.33802	904	1	0	0.19396	0.452	0	-0.18278	0	0	0
0.640582	0.33802	905	1	0	0.19396	0.4525	0	-0.183099	0	0	0
0.640582	0.33802	906	1	0	0.19396	0.453	0	-0.183418	0	0	0
0.640582	0.33802	907	1	0	0.19396	0.4535	0	-0.183737	0	0	0
0.640582	0.33802	908	1	0	0.19396	0.454	0	-0.184056	0	0	0
0.640582	0.33802	909	1	0	0.19396	0.4545	0	-0.184375	0	0	0
0.640582	0.33802	910	1	0	0.19396	0.455	0	-0.184694	0	0	0
0.640582	0.33802	911	1	0	0.19396	0.4555	0	-0.185014	0	0	0
0.640582	0.33802	912	1	0	0.19396	0.456	0	-0.185333	0	0	0
0.640582	0.33802	913	1	0	0.19396	0.4565	0	-0.185652	0	0	0
0.640582	0.33802	914	1	0	0.19396	0.457	0	-0.185971	0	0	0
0.640582	0.33802	915	1	0	0.19396	0.4575	0	-0.18629	0	0	0
0.640582	0.33802	916	1	0	0.19396	0.458	0	-0.18661	0	0	0
0.640582	0.33802	917	1	0	0.19396	0.4585	0	-0.186929	0	0	0
0.640582	0.33802	918	1	0	0.19396	0.459	0	-0.187248	0	0	0
0.640582	0.33802	919	1	0	0.19396	0.4595	0	-0.187568	0	0	0
0.640582	0.33802	920	1	0	0.19396	0.46	0	-0.187887	0	0	0
0.640582	0.33802	921	1	0	0.19396	0.4605	0	-0.188206	0	0	0
0.640582	0.33802	922	1	0	0.19396	0.461	0	-0.188526	0	0	0
0.640582	0.33802	923	1	0	0.19396	0.4615	0	-0.188845	0	0	0
0.640582	0.33802	924	1	0	0.19396	0.462	0	-0.189164	0	0	0
0.640582	0.33802	925	1	0	0.19396	0.4625	0	-0.189484	0	0	0
0.640582	0.33802	926	1	0	0.19396	0.463	0	-0.189803	0	0	0
0.640582	0.33802	927	1	0	0.19396	0.4635	0	-0.190123	0	0	0
0.640582	0.33802	928	1	0	0.19396	0.464	0	-0.190442	0	0	0
0.640582	0.33802	929	1	0	0.19396	0.4645	0	-0.190761	0	0	0
0.640582	0.33802	930	1	0	0.19396	0.465	0	-0.191081	0	0	0
0.640582	0.33802	931	1	0	0.19396	0.4655	0	-0.1914	0	0	0
0.640582	0.33802	932	1	0	0.19396	0.466	0	-0.19172	0	0	0
0.640582	0.33802	933	1	0	0.19396	0.4665	0	-0.192039	0	0	0
0.640582	0.33802	934	1	0	0.19396	0.467	0	-0.192359	0	0	0
0.640582	0.33802	935	1	0	0.19396	0.4675	0	-0.192678	0	0	0
0.640582	0.33802	936	1	0	0.19396	0.468	0	-0.192998	0	0	0
0.640582	0.33802	937	1	0	0.19396	0.4685	0	-0.193318	0	0	0
0.640582	0.33802	938	1	0	0.19396	0.469	0	-0.193637	0	0	0
0.640582	0.33802	939	1	0	0.19396	0.4695	0	-0.193957	0	0	0
0.640582	0.33802	940	1	0	0.19396	0.47	0	-0.194276	0	0	0
0.640582	0.33802	941	1	0	0.19396	0.4705	0	-0.194596	0	0	0
0.640582	0.33802	942	1	0	0.19396	0.471	0	-0.194916	0	0	0
0.640582	0.33802	943	1	0	0.19396	0.4715	0	-0.195235	0	0	0
0.640582	0.33802	944	1	0	0.19396	0.472	0	-0.195555	0	0	0
0.640582	0.33802	945	1	0	0.19396	0.4725	0	-0.195875	0	0	0
0.640582	0.33802	946	1	0	0.19396	0.473	0	-0.196194	0	0	0
0.640582	0.33802	947	1	0	0.19396	0.4735	0	-0.196514	0	0	0
0.640582	0.33802	948	1	0	0.19396	0.474	0	-0.196834	0	0	0
0.640582	0.33802	949	1	0	0.19396	0.4745	0	-0.197153	0	0	0
0.640582	0.33802	950	1	0	0.19396	0.475	0	-0.197473	0	0	0
0.640582	0.33802	951	1	0	0.19396	0.4755	0	-0.197793	0	0	0
0.640582	0.33802	952	1	0	0.19396	0.476	0	-0.198113	0	0	0
0.640582	0.33802	953	1	0	0.19396	0.4765	0	-0.198433	0	0	0
0.640582	0.33802	954	1	0	0.19396	0.477	0	-0.198752	0	0	0
0.640582	0.33802	955	1	0	0.19396	0.4775	0	-0.199072	0	0	0
0.640582	0.33802	956	1	0	0.19396	0.478	0	-0.199392	0	0	0
0.640582	0.33802	957	1	0	0.19396	0.4785	0	-0.199712	0	0	0
0.640582	0.33802	958	1	0	0.19396	0.479	0	-0.200032	0	0	0
0.640582	0.33802	959	1	0	0.19396	0.4795	0	-0.200352	0	0	0
0.640582	0.33802	960	1	0	0.19396	0.48	0	-0.200672	0	0	0
0.640582	0.33802	961	1	0	0.19396	0.4805	0	-0.200991	0	0	0
0.640582	0.33802	962	1	0	0.19396	0.481	0	-0.201311	0	0	0
0.640582	0.33802	963	1	0	0.19396	0.4815	0	-0.201631	0	0	0
0.640582	0.33802	964	1	0	0.19396	0.482	0	-0.201951	0	0	0
0.640582	0.33802	965	1	0	0.19396	0.4825	0	-0.202271	0	0	0
0.640582	0.33802	966	1	0	0.19396	0.483	0	-0.202591	0	0	0
0.640582	0.33802	967	1	0	0.19396	0.4835	0	-0.202911	0	0	0
0.640582	0.33802	968	1	0	0.19396	0.484	0	-0.203231	0	0	0
0.640582	0.33802	969	1	0	0.19396	0.4845	0	-0.203551	0	0	0
0.640582	0.33802	970	1	0	0.19396	0.485	0	-0.203871	0	0	0
0.640582	0.33802	971	1	0	0.19396	0.4855	0	-0.204191	0	0	0
0.640582	0.33802	972	1	0	0.19396	0.486	0	-0.204511	0	0	0
0.640582	0.33802	973	1	0	0.19396	0.4865	0	-0.204831	0	0	0
0.640582	0.33802	974	1	0	0.19396	0.487	0	-0.205151	0	0	0
0.640582	0.33802	975	1	0	0.19396	0.4875	0	-0.205471	0	0	0
0.640582	0.33802	976	1	0	0.19396	0.488	0	-0.205792	0	0	0
0.640582	0.33802	977	1	0	0.19396	0.4885	0	-0.206112	0	0	0
0.640582	0.33802	978	1	0	0.19396	0.489	0	-0.206432	0	0	0
0.640582	0.33802	979	1	0	0.19396	0.4895	0	-0.206752	0	0	0
0.640582	0.33802	980	1	0	0.19396	0.49	0	-0.207072	0	0	0
0.640582	0.33802	981	1	0	0.19396	0.4905	0	-0.207392	0	0	0
0.640582	0.33802	982	1	0	0.19396	0.491	0	-0.207712	0	0	0
0.640582	0.33802	983	1	0	0.19396	0.4915	0	-0.208033	0	0	0
0.640582	0.33802	984	1	0	0.19396	0.492	0	-0.208353	0	0	0
0.640582	0.33802	985	1	0	0.19396	0.4925	0	-0.208673	0	0	0
0.640582	0.33802	986	1	0	0.19396	0.493	0	-0.208993	0	0	0
0.640582	0.33802	987	1	0	0.19396	0.4935	0	-0.209313	0	0	0
0.640582	0.33802	988	1	0	0.19396	0.494	0	-0.209634	0	0	0
0.640582	0.33802	989	1	0	0.19396	0.4945	0	-0.209954	0	0	0
0.640582	0.33802	990	1	0	0.19396	0.495	0	-0.210274	0	0	0
0.640582	0.33802	991	1	0	0.19396	0.4955	0	-0.210594	0	0	0
0.640582	0.33802	992	1	0	0.19396	0.496	0	-0.210915	0	0	0
0.640582	0.33802	993	1	0	0.19396	0.4965	0	-0.211235	0	0	0
0.640582	0.33802	994	1	0	0.19396	0.497	0	-0.211555	0	0	0
0.640582	0.33802	995	1	0	0.19396	0.4975	0	-0.211876	0	0	0
0.640582	0.33802	996	1	0	0.19396	0.498	0	-0.212196	0	0	0
0.640582	0.33802	997	1	0	0.19396	0.4985	0	-0.212516	0	0	0
0.640582	0.33802	998	1	0	0.19396	0.499	0	-0.212837	0	0	0
0.640582	0.33802	999	1	0	0.19396	0.4995	0	-0.213157	0	0	0
0.640582	0.33802	1000	1	0	0.19396	0.5	0	-0.213478	0	0	0
