0.41096677998626252037	0.26494839165653283342	0	nan	-0	5.4296887241497470929e-14	nan	nan
0.41098883812919290159	0.26498260519492661258	0	nan	-0	5.4230556693181941856e-14	nan	nan
0.41101089627212333832	0.26501681615233507738	0	nan	-0	5.4164332059125549983e-14	nan	nan
0.41103295441505377505	0.26505102452975742855	0	nan	-0	5.4098213126184610488e-14	nan	nan
0.41105501255798421179	0.26508523032819275578	0	nan	-0	5.4032199681887428133e-14	nan	nan
0.411077070700914593	0.26511943354863887201	0	nan	-0	5.3966291514431375323e-14	nan	nan
0.41109912884384502973	0.26515363419209386775	0	nan	-0	5.3900488412678632258e-14	nan	nan
0.41112118698677546647	0.26518783225955450122	0	nan	-0	5.3834790166154325222e-14	nan	nan
0.41114324512970584768	0.26522202775201725311	0	nan	-0	5.3769196565042336152e-14	nan	nan
0.41116530327263628442	0.26525622067047816	0	nan	-0	5.3703707400181932626e-14	nan	nan
0.41118736141556672115	0.26529041101593237029	0	nan	-0	5.3638322463065098354e-14	nan	nan
0.41120941955849715788	0.2653245987893745883	0	nan	-0	5.357304154583316948e-14	nan	nan
0.4112314777014275391	0.26535878399179879672	0	nan	-0	5.3507864441273527676e-14	nan	nan
0.41125353584435797583	0.26539296662419875616	0	nan	-0	5.3442790942816015556e-14	nan	nan
0.41127559398728841256	0.26542714668756722807	0	nan	-0	5.3377820844530664755e-14	nan	nan
0.41129765213021879378	0.26546132418289658528	0	nan	-0	5.3312953941124092419e-14	nan	nan
0.41131971027314923051	0.26549549911117864553	0	nan	-0	5.3248190027935891372e-14	nan	nan
0.41134176841607966724	0.26552967147340450493	0	nan	-0	5.3183528900936433927e-14	nan	nan
0.41136382655901010397	0.26556384127056487099	0	nan	-0	5.3118970356723192643e-14	nan	nan
0.41138588470194048519	0.26559800850364950753	0	nan	-0	5.3054514192518089747e-14	nan	nan
0.41140794284487092192	0.26563217317364817838	0	nan	-0	5.2990160206163496038e-14	nan	nan
0.41143000098780135865	0.26566633528154942612	0	nan	-0	5.2925908196120514319e-14	nan	nan
0.41145205913073173987	0.2657004948283416268	0	nan	-0	5.2861757961465186557e-14	nan	nan
0.4114741172736621766	0.26573465181501249033	0	nan	-0	5.2797709301885281643e-14	nan	nan
0.41149617541659261333	0.26576880624254906049	0	nan	-0	5.2733762017677954048e-14	nan	nan
0.41151823355952305006	0.26580295811193782596	0	nan	-0	5.2669915909746430613e-14	nan	nan
0.41154029170245343128	0.26583710742416472028	0	nan	-0	5.2606170779597113848e-14	nan	nan
0.41156234984538386801	0.26587125418021517742	0	nan	-0	5.2542526429336338136e-14	nan	nan
0.41158440798831430474	0.26590539838107385417	0	nan	-0	5.2478982661668003152e-14	nan	nan
0.41160646613124468596	0.26593954002772490774	0	nan	-0	5.2415539279890481526e-14	nan	nan
0.41162852427417512269	0.26597367912115216226	0	nan	-0	5.2352196087893173103e-14	nan	nan
0.41165058241710555942	0.26600781566233849817	0	nan	-0	5.2288952890154592738e-14	nan	nan
0.41167264056003599615	0.26604194965226635183	0	nan	-0	5.2225809491738886691e-14	nan	nan
0.41169469870296637737	0.26607608109191754897	0	nan	-0	5.2162765698293283026e-14	nan	nan
0.4117167568458968141	0.26611020998227358225	0	nan	-0	5.2099821316044557517e-14	nan	nan
0.41173881498882725083	0.26614433632431505616	0	nan	-0	5.2036976151797367569e-14	nan	nan
0.41176087313175763205	0.26617846011902207559	0	nan	-0	5.1974230012930989494e-14	nan	nan
0.41178293127468806878	0.26621258136737435684	0	nan	-0	5.1911582707395803345e-14	nan	nan
0.41180498941761850551	0.26624670007035078356	0	nan	-0	5.184903404371175937e-14	nan	nan
0.41182704756054894224	0.2662808162289297953	0	nan	-0	5.1786583830964862847e-14	nan	nan
0.41184910570347932346	0.26631492984408916547	0	nan	-0	5.1724231878804839059e-14	nan	nan
0.41187116384640976019	0.26634904091680627891	0	nan	-0	5.1661977997441693856e-14	nan	nan
0.41189322198934019692	0.26638314944805779882	0	nan	-0	5.1599821997644192736e-14	nan	nan
0.41191528013227057814	0.26641725543881983329	0	nan	-0	5.15377636907363015e-14	nan	nan
0.41193733827520101487	0.26645135889006799079	0	nan	-0	5.1475802888594510439e-14	nan	nan
0.4119593964181314516	0.26648545980277721368	0	nan	-0	5.1413939403645884269e-14	nan	nan
0.41198145456106188833	0.2665195581779219447	0	nan	-0	5.1352173048864729981e-14	nan	nan
0.41200351270399226955	0.26655365401647590495	0	nan	-0	5.1290503637770533183e-14	nan	nan
0.41202557084692270628	0.26658774731941253799	0	nan	-0	5.1228930984424524977e-14	nan	nan
0.41204762898985314301	0.2666218380877044547	0	nan	-0	5.1167454903428148412e-14	nan	nan
0.41206968713278352423	0.26665592632232371084	0	nan	-0	5.1106075209919947217e-14	nan	nan
0.41209174527571396096	0.26669001202424197361	0	nan	-0	5.1044791719572612308e-14	nan	nan
0.41211380341864439769	0.26672409519443029957	0	nan	-0	5.0983604248591290468e-14	nan	nan
0.41213586156157483442	0.26675817583385896814	0	nan	-0	5.0922512613710548809e-14	nan	nan
0.41215791970450521564	0.26679225394349775913	0	nan	-0	5.0861516632192096544e-14	nan	nan
0.41217997784743565237	0.26682632952431617479	0	nan	-0	5.0800616121821648479e-14	nan	nan
0.4122020359903660891	0.26686040257728288472	0	nan	-0	5.0739810900907391458e-14	nan	nan
0.41222409413329647032	0.26689447310336589236	0	nan	-0	5.0679100788277194961e-14	nan	nan
0.41224615227622690705	0.26692854110353297914	0	nan	-0	5.0618485603275392546e-14	nan	nan
0.41226821041915734378	0.26696260657875109379	0	nan	-0	5.0557965165761589092e-14	nan	nan
0.41229026856208778051	0.26699666952998662994	0	nan	-0	5.049753929610739176e-14	nan	nan
0.41231232670501816173	0.26703072995820548163	0	nan	-0	5.0437207815194428376e-14	nan	nan
0.41233438484794859846	0.2670647878643730988	0	nan	-0	5.0376970544411311889e-14	nan	nan
0.41235644299087903519	0.26709884324945420975	0	nan	-0	5.0316827305652169942e-14	nan	nan
0.41237850113380941641	0.26713289611441282112	0	nan	-0	5.0256777921313773412e-14	nan	nan
0.41240055927673985314	0.26716694646021288406	0	nan	-0	5.0196822214292829041e-14	nan	nan
0.41242261741967028987	0.267200994287817295	0	nan	-0	5.0136960007984477446e-14	nan	nan
0.4124446755626007266	0.26723503959818850628	0	nan	-0	5.007719112627939011e-14	nan	nan
0.41246673370553110782	0.26726908239228858166	0	nan	-0	5.0017515393561661547e-14	nan	nan
0.41248879184846154455	0.26730312267107891877	0	nan	-0	4.9957932634706108241e-14	nan	nan
0.41251084999139198128	0.26733716043552030461	0	nan	-0	4.989844267507675403e-14	nan	nan
0.4125329081343223625	0.26737119568657291557	0	nan	-0	4.9839045340524084879e-14	nan	nan
0.41255496627725279923	0.26740522842519670599	0	nan	-0	4.9779740457382442472e-14	nan	nan
0.41257702442018323596	0.267439258652350631	0	nan	-0	4.9720527852468490676e-14	nan	nan
0.41259908256311367269	0.26747328636899336818	0	nan	-0	4.9661407353078722735e-14	nan	nan
0.41262114070604405391	0.26750731157608276245	0	nan	-0	4.9602378786987176732e-14	nan	nan
0.41264319884897449064	0.26754133427457660321	0	nan	-0	4.9543441982442791325e-14	nan	nan
0.41266525699190492738	0.26757535446543162516	0	nan	-0	4.9484596768168276098e-14	nan	nan
0.41268731513483530859	0.26760937214960406338	0	nan	-0	4.9425842973357126514e-14	nan	nan
0.41270937327776574532	0.26764338732805004195	0	nan	-0	4.9367180427671351994e-14	nan	nan
0.41273143142069618206	0.26767740000172457471	0	nan	-0	4.930860896123994868e-14	nan	nan
0.41275348956362661879	0.26771141017158239794	0	nan	-0	4.9250128404656368774e-14	nan	nan
0.41277554770655700001	0.26774541783857763733	0	nan	-0	4.9191738588976646201e-14	nan	nan
0.41279760584948743674	0.26777942300366402995	0	nan	-0	4.9133439345716537778e-14	nan	nan
0.41281966399241787347	0.2678134256677943692	0	nan	-0	4.907523050685050085e-14	nan	nan
0.41284172213534825469	0.26784742583192122645	0	nan	-0	4.9017111904809137381e-14	nan	nan
0.41286378027827869142	0.26788142349699656242	0	nan	-0	4.895908337247646134e-14	nan	nan
0.41288583842120912815	0.26791541866397172722	0	nan	-0	4.890114474318903411e-14	nan	nan
0.41290789656413950937	0.26794941133379740483	0	nan	-0	4.8843295850733250803e-14	nan	nan
0.4129299547070699461	0.2679834015074241127	0	nan	-0	4.8785536529342879021e-14	nan	nan
0.41295201285000038283	0.26801738918580136906	0	nan	-0	4.8727866613698124835e-14	nan	nan
0.41297407099293081956	0.26805137436987841459	0	nan	-0	4.867028593892267299e-14	nan	nan
0.41299612913586120078	0.26808535706060365733	0	nan	-0	4.8612794340582203836e-14	nan	nan
0.41301818727879163751	0.26811933725892550529	0	nan	-0	4.8555391654681887914e-14	nan	nan
0.41304024542172207424	0.26815331496579120074	0	nan	-0	4.8498077717665092218e-14	nan	nan
0.41306230356465245546	0.26818729018214770843	0	nan	-0	4.8440852366411038859e-14	nan	nan
0.41308436170758289219	0.26822126290894166001	0	nan	-0	4.8383715438232507903e-14	nan	nan
0.41310641985051332892	0.26825523314711868794	0	nan	-0	4.8326666770874613057e-14	nan	nan
0.41312847799344376565	0.26828920089762425816	0	nan	-0	4.8269706202512416152e-14	nan	nan
0.41315053613637414687	0.26832316616140289289	0	nan	-0	4.8212833571749172721e-14	nan	nan
0.4131725942793045836	0.26835712893939905888	0	nan	-0	4.8156048717613984345e-14	nan	nan
0.41319465242223502033	0.26839108923255639017	0	nan	-0	4.8099351479560681626e-14	nan	nan
0.41321671056516540155	0.26842504704181779918	0	nan	-0	4.8042741697465438675e-14	nan	nan
0.41323876870809583828	0.2684590023681260873	0	nan	-0	4.7986219211624658963e-14	nan	nan
0.41326082685102627501	0.26849295521242327878	0	nan	-0	4.7929783862753795182e-14	nan	nan
0.41328288499395671174	0.26852690557565078722	0	nan	-0	4.7873435491985033155e-14	nan	nan
0.41330494313688709296	0.26856085345874941561	0	nan	-0	4.7817173940865581581e-14	nan	nan
0.41332700127981752969	0.26859479886265985593	0	nan	-0	4.7760999051355482159e-14	nan	nan
0.41334905942274796642	0.26862874178832174543	0	nan	-0	4.7704910665826479939e-14	nan	nan
0.41337111756567834764	0.26866268223667444381	0	nan	-0	4.764890862705987131e-14	nan	nan
0.41339317570860878437	0.26869662020865675567	0	nan	-0	4.7592992778244238391e-14	nan	nan
0.4134152338515392211	0.26873055570520687496	0	nan	-0	4.7537162962974515019e-14	nan	nan
0.41343729199446965783	0.26876448872726244055	0	nan	-0	4.7481419025249639099e-14	nan	nan
0.41345935013740003905	0.2687984192757606472	0	nan	-0	4.7425760809471176833e-14	nan	nan
0.41348140828033047578	0.26883234735163802354	0	nan	-0	4.7370188160440728942e-14	nan	nan
0.41350346642326091251	0.26886627295583076513	0	nan	-0	4.7314700923359419485e-14	nan	nan
0.41352552456619129373	0.26890019608927417938	0	nan	-0	4.7259298943825346264e-14	nan	nan
0.41354758270912173046	0.26893411675290346263	0	nan	-0	4.720398206783167493e-14	nan	nan
0.41356964085205216719	0.26896803494765292308	0	nan	-0	4.7148750141765749153e-14	nan	nan
0.41359169899498260392	0.26900195067445648034	0	nan	-0	4.7093603012406730348e-14	nan	nan
0.41361375713791298514	0.26903586393424738787	0	nan	-0	4.7038540526924190347e-14	nan	nan
0.41363581528084342187	0.26906977472795873263	0	nan	-0	4.6983562532876035118e-14	nan	nan
0.4136578734237738586	0.26910368305652254683	0	nan	-0	4.6928668878207444535e-14	nan	nan
0.41367993156670423982	0.26913758892087064067	0	nan	-0	4.6873859411248909692e-14	nan	nan
0.41370198970963467655	0.26917149232193426922	0	nan	-0	4.6819133980714118759e-14	nan	nan
0.41372404785256511328	0.26920539326064402141	0	nan	-0	4.6764492435699231224e-14	nan	nan
0.41374610599549555001	0.26923929173793015313	0	nan	-0	4.6709934625680542869e-14	nan	nan
0.41376816413842593123	0.26927318775472208756	0	nan	-0	4.665546040051326777e-14	nan	nan
0.41379022228135636796	0.26930708131194902588	0	nan	-0	4.6601069610429297926e-14	nan	nan
0.41381228042428680469	0.26934097241053950311	0	nan	-0	4.6546762106036452271e-14	nan	nan
0.41383433856721718591	0.26937486105142133264	0	nan	-0	4.6492537738316419318e-14	nan	nan
0.41385639671014762264	0.26940874723552221681	0	nan	-0	4.643839635862288283e-14	nan	nan
0.41387845485307805937	0.26944263096376902533	0	nan	-0	4.6384337818680631982e-14	nan	nan
0.4139005129960084961	0.26947651223708796175	0	nan	-0	4.633036197058345984e-14	nan	nan
0.41392257113893887732	0.26951039105640500759	0	nan	-0	4.6276468666792964286e-14	nan	nan
0.41394462928186931405	0.26954426742264553374	0	nan	-0	4.6222657760136383388e-14	nan	nan
0.41396668742479975078	0.26957814133673430046	0	nan	-0	4.6168929103805875959e-14	nan	nan
0.413988745567730132	0.2696120127995954574	0	nan	-0	4.6115282551356647221e-14	nan	nan
0.41401080371066056873	0.26964588181215293217	0	nan	-0	4.6061717956704847281e-14	nan	nan
0.41403286185359100546	0.26967974837532981969	0	nan	-0	4.6008235174127179857e-14	nan	nan
0.41405491999652144219	0.26971361249004877081	0	nan	-0	4.5954834058258447341e-14	nan	nan
0.41407697813945182341	0.26974747415723188126	0	nan	-0	4.5901514464090717763e-14	nan	nan
0.41409903628238226014	0.26978133337780096923	0	nan	-0	4.5848276246971046558e-14	nan	nan
0.41412109442531269687	0.2698151901526769092	0	nan	-0	4.5795119262600864417e-14	nan	nan
0.41414315256824307809	0.26984904448278018707	0	nan	-0	4.5742043367034172365e-14	nan	nan
0.41416521071117351482	0.26988289636903112223	0	nan	-0	4.5689048416675610633e-14	nan	nan
0.41418726885410395155	0.26991674581234897934	0	nan	-0	4.5636134268279821261e-14	nan	nan
0.41420932699703438828	0.26995059281365285653	0	nan	-0	4.5583300778949485406e-14	nan	nan
0.4142313851399647695	0.26998443737386096375	0	nan	-0	4.5530547806134136902e-14	nan	nan
0.41425344328289520623	0.27001827949389151096	0	nan	-0	4.5477875207628218501e-14	nan	nan
0.41427550142582564296	0.2700521191746617089	0	nan	-0	4.5425282841570476032e-14	nan	nan
0.41429755956875602418	0.27008595641708837976	0	nan	-0	4.5372770566442058821e-14	nan	nan
0.41431961771168646091	0.27011979122208801263	0	nan	-0	4.5320338241064847307e-14	nan	nan
0.41434167585461689765	0.27015362359057643049	0	nan	-0	4.5267985724600796711e-14	nan	nan
0.41436373399754733438	0.27018745352346879018	0	nan	-0	4.5215712876549949104e-14	nan	nan
0.41438579214047771559	0.27022128102167974895	0	nan	-0	4.5163519556749524642e-14	nan	nan
0.41440785028340815233	0.27025510608612385299	0	nan	-0	4.5111405625371744307e-14	nan	nan
0.41442990842633858906	0.27028892871771459383	0	nan	-0	4.5059370942923476499e-14	nan	nan
0.41445196656926897028	0.27032274891736518541	0	nan	-0	4.5007415370244469988e-14	nan	nan
0.41447402471219940701	0.27035656668598845309	0	nan	-0	4.495553876850541016e-14	nan	nan
0.41449608285512984374	0.27039038202449638959	0	nan	-0	4.4903740999207672893e-14	nan	nan
0.41451814099806028047	0.27042419493380065454	0	nan	-0	4.4852021924181204095e-14	nan	nan
0.41454019914099066169	0.27045800541481224144	0	nan	-0	4.4800381405583674054e-14	nan	nan
0.41456225728392109842	0.27049181346844197726	0	nan	-0	4.4748819305898439012e-14	nan	nan
0.41458431542685153515	0.2705256190955998008	0	nan	-0	4.4697335487934143583e-14	nan	nan
0.41460637356978191637	0.27055942229719515124	0	nan	-0	4.4645929814823048369e-14	nan	nan
0.4146284317127123531	0.27059322307413724573	0	nan	-0	4.4594602150019225046e-14	nan	nan
0.41465048985564278983	0.27062702142733446875	0	nan	-0	4.454335235729819033e-14	nan	nan
0.41467254799857322656	0.2706608173576948162	0	nan	-0	4.4492180300754974848e-14	nan	nan
0.41469460614150360778	0.27069461086612572887	0	nan	-0	4.4441085844803258544e-14	nan	nan
0.41471666428443404451	0.27072840195353420345	0	nan	-0	4.4390068854173445864e-14	nan	nan
0.41473872242736448124	0.27076219062082673705	0	nan	-0	4.4339129193912324959e-14	nan	nan
0.41476078057029486246	0.27079597686890899411	0	nan	-0	4.4288266729381262779e-14	nan	nan
0.41478283871322529919	0.27082976069868669455	0	nan	-0	4.4237481326254810366e-14	nan	nan
0.41480489685615573592	0.27086354211106450363	0	nan	-0	4.4186772850519945542e-14	nan	nan
0.41482695499908617265	0.27089732110694686451	0	nan	-0	4.4136141168474577235e-14	nan	nan
0.41484901314201655387	0.27093109768723749875	0	nan	-0	4.408558614672657991e-14	nan	nan
0.4148710712849469906	0.27096487185283996135	0	nan	-0	4.4035107652191824574e-14	nan	nan
0.41489312942787742733	0.27099864360465691915	0	nan	-0	4.398470555209395158e-14	nan	nan
0.41491518757080780855	0.27103241294359065039	0	nan	-0	4.3934379713962837088e-14	nan	nan
0.41493724571373824528	0.27106617987054304475	0	nan	-0	4.3884130005632788147e-14	nan	nan
0.41495930385666868201	0.27109994438641538128	0	nan	-0	4.3833956295242321811e-14	nan	nan
0.41498136199959911874	0.27113370649210832841	0	nan	-0	4.3783858451232372856e-14	nan	nan
0.41500342014252949996	0.27116746618852211048	0	nan	-0	4.3733836342345454423e-14	nan	nan
0.41502547828545993669	0.27120122347655656325	0	nan	-0	4.3683889837623928839e-14	nan	nan
0.41504753642839037342	0.27123497835711096737	0	nan	-0	4.363401880640952168e-14	nan	nan
0.41506959457132075464	0.27126873083108382634	0	nan	-0	4.3584223118342103765e-14	nan	nan
0.41509165271425119137	0.27130248089937353262	0	nan	-0	4.3534502643357696922e-14	nan	nan
0.4151137108571816281	0.27133622856287770153	0	nan	-0	4.3484857251688524468e-14	nan	nan
0.41513576900011206483	0.27136997382249355981	0	nan	-0	4.3435286813861124261e-14	nan	nan
0.41515782714304244605	0.27140371667911761255	0	nan	-0	4.338579120069560401e-14	nan	nan
0.41517988528597288278	0.27143745713364625383	0	nan	-0	4.3336370283303861606e-14	nan	nan
0.41520194342890331951	0.27147119518697493401	0	nan	-0	4.3287023933089389486e-14	nan	nan
0.41522400157183370073	0.27150493083999888144	0	nan	-0	4.3237752021745741085e-14	nan	nan
0.41524605971476413746	0.27153866409361282486	0	nan	-0	4.3188554421254997294e-14	nan	nan
0.41526811785769457419	0.27157239494871077135	0	nan	-0	4.3139431003887431979e-14	nan	nan
0.41529017600062501092	0.27160612340618633942	0	nan	-0	4.3090381642200003682e-14	nan	nan
0.41531223414355539214	0.27163984946693259248	0	nan	-0	4.3041406209035478405e-14	nan	nan
0.41533429228648582887	0.27167357313184226086	0	nan	-0	4.2992504577520763538e-14	nan	nan
0.4153563504294162656	0.27170729440180746428	0	nan	-0	4.2943676621066756397e-14	nan	nan
0.41537840857234664682	0.27174101327771960079	0	nan	-0	4.2894922213366741258e-14	nan	nan
0.41540046671527708355	0.27177472976046990194	0	nan	-0	4.2846241228395114559e-14	nan	nan
0.41542252485820752028	0.27180844385094893312	0	nan	-0	4.2797633540406873717e-14	nan	nan
0.41544458300113795701	0.27184215555004681564	0	nan	-0	4.2749099023936285531e-14	nan	nan
0.41546664114406833823	0.27187586485865289365	0	nan	-0	4.2700637553795952171e-14	nan	nan
0.41548869928699877496	0.27190957177765651132	0	nan	-0	4.2652249005075359675e-14	nan	nan
0.41551075742992921169	0.27194327630794606909	0	nan	-0	4.2603933253140499292e-14	nan	nan
0.41553281557285959291	0.27197697845040963438	0	nan	-0	4.2555690173632586378e-14	nan	nan
0.41555487371579002964	0.27201067820593483049	0	nan	-0	4.2507519642466545776e-14	nan	nan
0.41557693185872046637	0.27204437557540872561	0	nan	-0	4.2459421535830847739e-14	nan	nan
0.4155989900016509031	0.27207807055971777732	0	nan	-0	4.2411395730185974381e-14	nan	nan
0.41562104814458128432	0.27211176315974799911	0	nan	-0	4.2363442102263599263e-14	nan	nan
0.41564310628751172105	0.2721454533763851269	0	nan	-0	4.2315560529065211618e-14	nan	nan
0.41566516443044215778	0.27217914121051406395	0	nan	-0	4.2267750887861731389e-14	nan	nan
0.415687222573372539	0.27221282666301926945	0	nan	-0	4.2220013056192259672e-14	nan	nan
0.41570928071630297573	0.27224650973478503602	0	nan	-0	4.21723469118626777e-14	nan	nan
0.41573133885923341246	0.27228019042669482364	0	nan	-0	4.2124752332945444894e-14	nan	nan
0.41575339700216384919	0.27231386873963159267	0	nan	-0	4.2077229197778128424e-14	nan	nan
0.41577545514509423041	0.27234754467447780391	0	nan	-0	4.2029777384962595421e-14	nan	nan
0.41579751328802466714	0.27238121823211575157	0	nan	-0	4.1982396773363675062e-14	nan	nan
0.41581957143095510387	0.27241488941342689722	0	nan	-0	4.1935087242108925075e-14	nan	nan
0.41584162957388548509	0.27244855821929214734	0	nan	-0	4.1887848670587224404e-14	nan	nan
0.41586368771681592182	0.27248222465059224184	0	nan	-0	4.1840680938447618319e-14	nan	nan
0.41588574585974635855	0.27251588870820719901	0	nan	-0	4.1793583925598920834e-14	nan	nan
0.41590780400267679529	0.27254955039301653752	0	nan	-0	4.1746557512208477765e-14	nan	nan
0.4159298621456071765	0.27258320970589916543	0	nan	-0	4.1699601578701283216e-14	nan	nan
0.41595192028853761324	0.2726168666477339908	0	nan	-0	4.1652716005758793121e-14	nan	nan
0.41597397843146804997	0.27265052121939886698	0	nan	-0	4.1605900674318527669e-14	nan	nan
0.41599603657439843118	0.27268417342177136975	0	nan	-0	4.1559155465572935335e-14	nan	nan
0.41601809471732886792	0.27271782325572863082	0	nan	-0	4.1512480260968048668e-14	nan	nan
0.41604015286025930465	0.27275147072214722677	0	nan	-0	4.1465874942203320205e-14	nan	nan
0.41606221100318974138	0.2727851158219032901	0	nan	-0	4.1419339391230164653e-14	nan	nan
0.4160842691461201226	0.27281875855587228719	0	nan	-0	4.1372873490251554999e-14	nan	nan
0.41610632728905055933	0.27285239892492957337	0	nan	-0	4.1326477121720324875e-14	nan	nan
0.41612838543198099606	0.27288603692994950478	0	nan	-0	4.1280150168339174875e-14	nan	nan
0.41615044357491137728	0.27291967257180621553	0	nan	-0	4.1233892513059467167e-14	nan	nan
0.41617250171784181401	0.27295330585137356216	0	nan	-0	4.1187704039079856041e-14	nan	nan
0.41619455986077225074	0.27298693676952445752	0	nan	-0	4.114158462984622479e-14	nan	nan
0.41621661800370268747	0.27302056532713170345	0	nan	-0	4.1095534169050379365e-14	nan	nan
0.41623867614663306869	0.2730541915250672691	0	nan	-0	4.1049552540629253196e-14	nan	nan
0.41626073428956350542	0.2730878153642029571	0	nan	-0	4.1003639628763758616e-14	nan	nan
0.41628279243249394215	0.27312143684540995947	0	nan	-0	4.0957795317878528112e-14	nan	nan
0.41630485057542432337	0.27315505596955880208	0	nan	-0	4.0912019492640803607e-14	nan	nan
0.4163269087183547601	0.27318867273751984426	0	nan	-0	4.0866312037959098558e-14	nan	nan
0.41634896686128519683	0.27322228715016272371	0	nan	-0	4.0820672838983185327e-14	nan	nan
0.41637102500421563356	0.27325589920835668956	0	nan	-0	4.0775101781102750967e-14	nan	nan
0.41639308314714601478	0.27328950891297032477	0	nan	-0	4.0729598749946728266e-14	nan	nan
0.41641514129007645151	0.27332311626487204581	0	nan	-0	4.0684163631382197653e-14	nan	nan
0.41643719943300688824	0.27335672126492954748	0	nan	-0	4.063879631151397068e-14	nan	nan
0.41645925757593726946	0.27339032391400996946	0	nan	-0	4.0593496676683662319e-14	nan	nan
0.41648131571886770619	0.27342392421298028493	0	nan	-0	4.0548264613468390924e-14	nan	nan
0.41650337386179814292	0.27345752216270668988	0	nan	-0	4.0503100008680771915e-14	nan	nan
0.41652543200472857965	0.27349111776405499175	0	nan	-0	4.0458002749367491521e-14	nan	nan
0.41654749014765896087	0.27352471101789044283	0	nan	-0	4.0412972722808953368e-14	nan	nan
0.4165695482905893976	0.27355830192507796239	0	nan	-0	4.0368009816517726004e-14	nan	nan
0.41659160643351983433	0.27359189048648191456	0	nan	-0	4.0323113918238751154e-14	nan	nan
0.41661366457645021555	0.27362547670296599733	0	nan	-0	4.0278284915947930084e-14	nan	nan
0.41663572271938065228	0.2736590605753937977	0	nan	-0	4.0233522697851221145e-14	nan	nan
0.41665778086231108901	0.27369264210462818099	0	nan	-0	4.0188827152384317912e-14	nan	nan
0.41667983900524152574	0.27372622129153140191	0	nan	-0	4.0144198168211658385e-14	nan	nan
0.41670189714817190696	0.27375979813696543763	0	nan	-0	4.0099635634225604562e-14	nan	nan
0.41672395529110234369	0.27379337264179187672	0	nan	-0	4.0055139439545470573e-14	nan	nan
0.41674601343403278042	0.2738269448068715306	0	nan	-0	4.0010709473517276546e-14	nan	nan
0.41676807157696316164	0.27386051463306482212	0	nan	-0	3.9966345625712650519e-14	nan	nan
0.41679012971989359837	0.27389408212123195208	0	nan	-0	3.9922047785927837629e-14	nan	nan
0.4168121878628240351	0.27392764727223234411	0	nan	-0	3.9877815844183428744e-14	nan	nan
0.41683424600575447183	0.27396121008692497778	0	nan	-0	3.983364969072343907e-14	nan	nan
0.41685630414868485305	0.27399477056616844406	0	nan	-0	3.9789549216014412013e-14	nan	nan
0.41687836229161528978	0.27402832871082083432	0	nan	-0	3.9745514310744579821e-14	nan	nan
0.41690042043454572651	0.27406188452173979586	0	nan	-0	3.9701544865823535426e-14	nan	nan
0.41692247857747610773	0.2740954379997821988	0	nan	-0	3.9657640772381342605e-14	nan	nan
0.41694453672040654446	0.2741289891458050243	0	nan	-0	3.9613801921767273803e-14	nan	nan
0.41696659486333698119	0.27416253796066419879	0	nan	-0	3.9570028205549961595e-14	nan	nan
0.41698865300626741792	0.27419608444521548218	0	nan	-0	3.9526319515516048155e-14	nan	nan
0.41701071114919779914	0.27422962860031391275	0	nan	-0	3.9482675743669724564e-14	nan	nan
0.41703276929212823587	0.27426317042681447322	0	nan	-0	3.9439096782231639022e-14	nan	nan
0.4170548274350586726	0.27429670992557125819	0	nan	-0	3.9395582523638758013e-14	nan	nan
0.41707688557798905382	0.27433024709743802916	0	nan	-0	3.9352132860543350249e-14	nan	nan
0.41709894372091949055	0.27436378194326815905	0	nan	-0	3.9308747685811926443e-14	nan	nan
0.41712100186384992728	0.27439731446391441017	0	nan	-0	3.9265426892525245616e-14	nan	nan
0.41714306000678036401	0.27443084466022904522	0	nan	-0	3.9222170373977122348e-14	nan	nan
0.41716511814971074523	0.27446437253306399384	0	nan	-0	3.9178978023673865097e-14	nan	nan
0.41718717629264118196	0.27449789808327074159	0	nan	-0	3.9135849735333323266e-14	nan	nan
0.41720923443557161869	0.27453142131170005236	0	nan	-0	3.9092785402884742045e-14	nan	nan
0.41723129257850199991	0.2745649422192024125	0	nan	-0	3.9049784920467676944e-14	nan	nan
0.41725335072143243664	0.27459846080662786427	0	nan	-0	3.9006848182431129197e-14	nan	nan
0.41727540886436287337	0.2746319770748257838	0	nan	-0	3.8963975083333350126e-14	nan	nan
0.41729746700729325459	0.27466549102464515864	0	nan	-0	3.8921165517940963928e-14	nan	nan
0.41731952515022369132	0.27469900265693469876	0	nan	-0	3.8878419381227913759e-14	nan	nan
0.41734158329315412805	0.27473251197254233702	0	nan	-0	3.8835736568375367066e-14	nan	nan
0.41736364143608456478	0.27476601897231572869	0	nan	-0	3.8793116974770762646e-14	nan	nan
0.417385699579014946	0.27479952365710197393	0	nan	-0	3.875056049600719849e-14	nan	nan
0.41740775772194538273	0.27483302602774772883	0	nan	-0	3.8708067027882390486e-14	nan	nan
0.41742981586487581946	0.27486652608509926088	0	nan	-0	3.8665636466398735528e-14	nan	nan
0.41745187400780620068	0.27490002383000211594	0	nan	-0	3.8623268707762156622e-14	nan	nan
0.41747393215073663741	0.27493351926330172885	0	nan	-0	3.8580963648381263542e-14	nan	nan
0.41749599029366707414	0.27496701238584270177	0	nan	-0	3.8538721184867308649e-14	nan	nan
0.41751804843659751088	0.27500050319846947033	0	nan	-0	3.8496541214033095112e-14	nan	nan
0.41754010657952789209	0.27503399170202569302	0	nan	-0	3.845442363289244048e-14	nan	nan
0.41756216472245832882	0.27506747789735497278	0	nan	-0	3.8412368338659331021e-14	nan	nan
0.41758422286538876556	0.27510096178530002442	0	nan	-0	3.8370375228747681914e-14	nan	nan
0.41760628100831914677	0.27513444336670322965	0	nan	-0	3.8328444200770516828e-14	nan	nan
0.41762833915124958351	0.27516792264240680366	0	nan	-0	3.8286575152538958186e-14	nan	nan
0.41765039729418002024	0.27520139961325207345	0	nan	-0	3.8244767982062233468e-14	nan	nan
0.41767245543711045697	0.27523487428007997746	0	nan	-0	3.8203022587546646544e-14	nan	nan
0.41769451358004083819	0.27526834664373117656	0	nan	-0	3.8161338867395110664e-14	nan	nan
0.41771657172297127492	0.27530181670504577651	0	nan	-0	3.8119716720206069297e-14	nan	nan
0.41773862986590171165	0.27533528446486343899	0	nan	-0	3.8078156044773685459e-14	nan	nan
0.41776068800883209287	0.27536874992402310403	0	nan	-0	3.8036656740086680507e-14	nan	nan
0.4177827461517625296	0.27540221308336371164	0	nan	-0	3.7995218705327475864e-14	nan	nan
0.41780480429469296633	0.27543567394372342472	0	nan	-0	3.7953841839872275051e-14	nan	nan
0.41782686243762340306	0.27546913250593996203	0	nan	-0	3.791252604328994036e-14	nan	nan
0.41784892058055378428	0.27550258877085054277	0	nan	-0	3.7871271215341626815e-14	nan	nan
0.41787097872348422101	0.27553604273929216406	0	nan	-0	3.7830077255979759809e-14	nan	nan
0.41789303686641465774	0.27556949441210110141	0	nan	-0	3.7788944065348035107e-14	nan	nan
0.41791509500934503896	0.27560294379011324173	0	nan	-0	3.7747871543780547944e-14	nan	nan
0.41793715315227547569	0.27563639087416413886	0	nan	-0	3.7706859591800776967e-14	nan	nan
0.41795921129520591242	0.27566983566508868053	0	nan	-0	3.766590811012172308e-14	nan	nan
0.41798126943813634915	0.27570327816372142138	0	nan	-0	3.7625016999644830278e-14	nan	nan
0.41800332758106673037	0.27573671837089636094	0	nan	-0	3.7584186161459625931e-14	nan	nan
0.4180253857239971671	0.27577015628744716569	0	nan	-0	3.7543415496842698415e-14	nan	nan
0.41804744386692760383	0.27580359191420700249	0	nan	-0	3.7502704907257716049e-14	nan	nan
0.41806950200985798505	0.27583702525200831657	0	nan	-0	3.7462054294354581436e-14	nan	nan
0.41809156015278842178	0.27587045630168360866	0	nan	-0	3.7421463559968465892e-14	nan	nan
0.41811361829571885851	0.27590388506406454683	0	nan	-0	3.7380932606119916737e-14	nan	nan
0.41813567643864929524	0.27593731153998229955	0	nan	-0	3.7340461335013815998e-14	nan	nan
0.41815773458157967646	0.27597073573026770221	0	nan	-0	3.7300049649038970196e-14	nan	nan
0.41817979272451011319	0.27600415763575136818	0	nan	-0	3.725969745076730256e-14	nan	nan
0.41820185086744054992	0.27603757725726291161	0	nan	-0	3.721940464295363214e-14	nan	nan
0.41822390901037093114	0.27607099459563194666	0	nan	-0	3.7179171128534985922e-14	nan	nan
0.41824596715330136787	0.27610440965168753236	0	nan	-0	3.7138996810629715306e-14	nan	nan
0.4182680252962318046	0.27613782242625811714	0	nan	-0	3.7098881592537426684e-14	nan	nan
0.41829008343916224133	0.27617123292017170533	0	nan	-0	3.7058825377738116847e-14	nan	nan
0.41831214158209262255	0.27620464113425596819	0	nan	-0	3.7018828069891737538e-14	nan	nan
0.41833419972502305928	0.27623804706933818842	0	nan	-0	3.6978889572837311926e-14	nan	nan
0.41835625786795349601	0.27627145072624503808	0	nan	-0	3.6939009790592915669e-14	nan	nan
0.41837831601088387723	0.2763048521058025786	0	nan	-0	3.6899188627354856507e-14	nan	nan
0.41840037415381431396	0.27633825120883687143	0	nan	-0	3.6859425987496771798e-14	nan	nan
0.41842243229674475069	0.27637164803617314535	0	nan	-0	3.6819721775569754738e-14	nan	nan
0.41844449043967518742	0.27640504258863629605	0	nan	-0	3.6780075896301338311e-14	nan	nan
0.41846654858260556864	0.27643843486705066415	0	nan	-0	3.6740488254595154497e-14	nan	nan
0.41848860672553600537	0.27647182487224042369	0	nan	-0	3.6700958755530075992e-14	nan	nan
0.4185106648684664421	0.27650521260502891607	0	nan	-0	3.6661487304360108925e-14	nan	nan
0.41853272301139682332	0.27653859806623926065	0	nan	-0	3.6622073806513711281e-14	nan	nan
0.41855478115432726005	0.2765719812566941882	0	nan	-0	3.6582718167592871512e-14	nan	nan
0.41857683929725769678	0.27660536217721576335	0	nan	-0	3.6543420293373190576e-14	nan	nan
0.41859889744018813351	0.27663874082862577319	0	nan	-0	3.6504180089802947931e-14	nan	nan
0.41862095558311851473	0.27667211721174528316	0	nan	-0	3.646499746300276074e-14	nan	nan
0.41864301372604895146	0.27670549132739530318	0	nan	-0	3.6425872319264649866e-14	nan	nan
0.41866507186897938819	0.27673886317639612153	0	nan	-0	3.6386804565052147155e-14	nan	nan
0.41868713001190976941	0.27677223275956758242	0	nan	-0	3.6347794106999380354e-14	nan	nan
0.41870918815484020614	0.27680560007772925246	0	nan	-0	3.6308840851910391541e-14	nan	nan
0.41873124629777064287	0.2768389651317001432	0	nan	-0	3.6269944706759061391e-14	nan	nan
0.4187533044407010796	0.27687232792229871103	0	nan	-0	3.6231105578688301381e-14	nan	nan
0.41877536258363146082	0.2769056884503429683	0	nan	-0	3.6192323375009662518e-14	nan	nan
0.41879742072656189755	0.2769390467166508718	0	nan	-0	3.6153598003202451816e-14	nan	nan
0.41881947886949233428	0.27697240272203937916	0	nan	-0	3.6114929370913820642e-14	nan	nan
0.4188415370124227155	0.27700575646732522594	0	nan	-0	3.6076317385957912752e-14	nan	nan
0.41886359515535315223	0.27703910795332492567	0	nan	-0	3.6037761956315132228e-14	nan	nan
0.41888565329828358896	0.2770724571808541592	0	nan	-0	3.5999262990132061432e-14	nan	nan
0.41890771144121402569	0.27710580415072844085	0	nan	-0	3.5960820395720804679e-14	nan	nan
0.41892976958414440691	0.2771391488637625633	0	nan	-0	3.5922434081558502295e-14	nan	nan
0.41895182772707484364	0.27717249132077126372	0	nan	-0	3.5884103956286453405e-14	nan	nan
0.41897388587000528037	0.27720583152256850212	0	nan	-0	3.5845829928710210597e-14	nan	nan
0.41899594401293566159	0.27723916946996779442	0	nan	-0	3.5807611907798860479e-14	nan	nan
0.41901800215586609832	0.27727250516378254552	0	nan	-0	3.5769449802684089669e-14	nan	nan
0.41904006029879653505	0.27730583860482538316	0	nan	-0	3.5731343522660443543e-14	nan	nan
0.41906211844172697178	0.27733916979390854651	0	nan	-0	3.5693292977184215514e-14	nan	nan
0.419084176584657353	0.27737249873184377513	0	nan	-0	3.5655298075873440726e-14	nan	nan
0.41910623472758778973	0.27740582541944275308	0	nan	-0	3.5617358728506690672e-14	nan	nan
0.41912829287051822647	0.2774391498575161652	0	nan	-0	3.557947484502345816e-14	nan	nan
0.41915035101344860768	0.27747247204687458533	0	nan	-0	3.5541646335523179123e-14	nan	nan
0.41917240915637904441	0.27750579198832819872	0	nan	-0	3.5503873110264475313e-14	nan	nan
0.41919446729930948115	0.27753910968268646897	0	nan	-0	3.5466155079665431983e-14	nan	nan
0.41921652544223991788	0.27757242513075869317	0	nan	-0	3.5428492154302392504e-14	nan	nan
0.4192385835851702991	0.27760573833335333571	0	nan	-0	3.5390884244910059342e-14	nan	nan
0.41926064172810073583	0.27763904929127902754	0	nan	-0	3.5353331262380269741e-14	nan	nan
0.41928269987103117256	0.27767235800534345591	0	nan	-0	3.5315833117762361761e-14	nan	nan
0.41930475801396155378	0.27770566447635391949	0	nan	-0	3.5278389722262227642e-14	nan	nan
0.41932681615689199051	0.27773896870511766144	0	nan	-0	3.5241000987241663781e-14	nan	nan
0.41934887429982242724	0.27777227069244092572	0	nan	-0	3.5203666824218402287e-14	nan	nan
0.41937093244275286397	0.27780557043913001181	0	nan	-0	3.5166387144865252704e-14	nan	nan
0.41939299058568324519	0.27783886794599027548	0	nan	-0	3.5129161861009937922e-14	nan	nan
0.41941504872861368192	0.27787216321382718354	0	nan	-0	3.50919908846340024e-14	nan	nan
0.41943710687154411865	0.27790545624344542563	0	nan	-0	3.5054874127873253922e-14	nan	nan
0.41945916501447449987	0.27793874703564919182	0	nan	-0	3.5017811503016608708e-14	nan	nan
0.4194812231574049366	0.2779720355912425056	0	nan	-0	3.4980802922505712761e-14	nan	nan
0.41950328130033537333	0.27800532191102872437	0	nan	-0	3.4943848298934777782e-14	nan	nan
0.41952533944326581006	0.27803860599581098345	0	nan	-0	3.4906947545049899597e-14	nan	nan
0.41954739758619619128	0.27807188784639164103	0	nan	6.9486075668067400726e-32	3.8666462801674693346e-18	nan	nan
0.41956945572912662801	0.27810516746357294426	0	nan	1.1059490537946550591e-31	3.8573610645632258512e-18	nan	nan
0.41959151387205706474	0.27813844484815664071	0	nan	1.7298641865747896474e-31	3.8481111994174574625e-18	nan	nan
0.41961357201498744596	0.27817172000094381179	0	nan	2.6616556315231383516e-31	3.8388964037591951065e-18	nan	nan
0.41963563015791788269	0.2782049929227353724	0	nan	4.0322463560921435997e-31	3.8297163924410713776e-18	nan	nan
0.41965768830084831942	0.27823826361433179333	0	nan	6.0195176011134063339e-31	3.8205708761343100269e-18	nan	nan
0.41967974644377875615	0.27827153207653282374	0	nan	8.8620479856277109735e-31	3.8114595613691766546e-18	nan	nan
0.41970180458670913737	0.27830479831013804626	0	nan	1.2875944660155953953e-30	3.8023821506197373455e-18	nan	nan
0.4197238627296395741	0.27833806231594659941	0	nan	1.847523644175788184e-30	3.7933383424307990231e-18	nan	nan
0.41974592087257001083	0.2783713240947569556	0	nan	2.6196327156979230901e-30	3.7843278315848575313e-18	nan	nan
0.41976797901550039205	0.2784045836473674207	0	nan	3.672703097442464078e-30	3.7753503093058471556e-18	nan	nan
0.41979003715843082878	0.27843784097457580096	0	nan	5.094072960550998641e-30	3.7664054634967718746e-18	nan	nan
0.41981209530136126551	0.27847109607717940305	0	nan	6.9936203291344643662e-30	3.7574929790080975645e-18	nan	nan
0.41983415344429170224	0.27850434895597503404	0	nan	9.5083693017973580571e-30	3.7486125379329570001e-18	nan	nan
0.41985621158722208346	0.27853759961175911242	0	nan	1.2807775009339553851e-29	3.7397638199260176015e-18	nan	nan
0.41987826973015252019	0.27857084804532783462	0	nan	1.7099742092149967272e-29	3.7309465025421200079e-18	nan	nan
0.41990032787308295692	0.27860409425747678647	0	nan	2.2637429950066219231e-29	3.7221602615915274108e-18	nan	nan
0.41992238601601333814	0.27863733824900088765	0	nan	2.9726895799842022219e-29	3.7134047715078544402e-18	nan	nan
0.41994444415894377487	0.27867058002069516887	0	nan	3.873562369630162534e-29	3.7046797057255887234e-18	nan	nan
0.4199665023018742116	0.27870381957335382817	0	nan	5.0101984171822639187e-29	3.6959847370641382631e-18	nan	nan
0.41998856044480464833	0.2787370569077706195	0	nan	6.4345665074689826114e-29	3.6873195381149988239e-18	nan	nan
0.42001061858773502955	0.27877029202473901925	0	nan	8.2079109596423627324e-29	3.6786837816295037184e-18	nan	nan
0.42003267673066546628	0.27880352492505211526	0	nan	1.0401999243812574791e-28	3.6700771409043803455e-18	nan	nan
0.42005473487359590301	0.2788367556095023847	0	nan	1.3100475964476794086e-28	3.6614992901628732372e-18	nan	nan
0.42007679301652628423	0.27886998407888197171	0	nan	1.640032519097682477e-28	3.6529499049290308249e-18	nan	nan
0.42009885115945672096	0.27890321033398268735	0	nan	2.041344251936462823e-28	3.6444286623932038019e-18	nan	nan
0.42012090930238715769	0.27893643437559573206	0	nan	2.5268317638491514678e-28	3.6359352417673483832e-18	nan	nan
0.42014296744531759442	0.27896965620451202872	0	nan	3.1111827553883876465e-28	3.6274693246280652437e-18	nan	nan
0.42016502558824797564	0.27900287582152177857	0	nan	3.8111140002106096758e-28	3.6190305952465321175e-18	nan	nan
0.42018708373117841237	0.27903609322741523835	0	nan	4.6455725974018830935e-28	3.6106187409038170485e-18	nan	nan
0.4202091418741088491	0.27906930842298183215	0	nan	5.6359479662400102898e-28	3.6022334521910954317e-18	nan	nan
0.42023120001703923032	0.27910252140901065099	0	nan	6.8062943565686958039e-28	3.5938744232935436422e-18	nan	nan
0.42025325815996966705	0.27913573218629056383	0	nan	8.1835635918028774645e-28	3.5855413522575749119e-18	nan	nan
0.42027531630290010378	0.27916894075560977351	0	nan	9.7978477082878903385e-28	3.5772339412411262512e-18	nan	nan
0.42029737444583054051	0.27920214711775609429	0	nan	1.1682631104663626568e-27	3.5689518967464009202e-18	nan	nan
0.42031943258876092173	0.27923535127351689633	0	nan	1.3875051768314328796e-27	3.5606949298351296182e-18	nan	nan
0.42034149073169135846	0.27926855322367932777	0	nan	1.6416171103223278024e-27	3.5524627563262402299e-18	nan	nan
0.42036354887462179519	0.27930175296902987059	0	nan	1.9351251844838252385e-27	3.5442550969761656974e-18	nan	nan
0.42038560701755217641	0.27933495051035456269	0	nan	2.2730043513081973598e-27	3.5360716776417445681e-18	nan	nan
0.42040766516048261314	0.27936814584843938647	0	nan	2.6607074824384974365e-27	3.5279122294260439353e-18	nan	nan
0.42042972330341304987	0.27940133898406943613	0	nan	3.1041952457564566344e-27	3.519776488807677931e-18	nan	nan
0.4204517814463434866	0.27943452991802969487	0	nan	3.6099665547063703196e-27	3.5116641977536579756e-18	nan	nan
0.42047383958927386782	0.27946771865110442423	0	nan	4.1850895259492821657e-27	3.50357510381648584e-18	nan	nan
0.42049589773220430455	0.27950090518407777473	0	nan	4.8372328796511803584e-27	3.4955089602158469716e-18	nan	nan
0.42051795587513474128	0.2795340895177333973	0	nan	5.574697715771666492e-27	3.4874655259057253007e-18	nan	nan
0.4205400140180651225	0.27956727165285427672	0	nan	6.4064495992669195999e-27	3.479444565627093603e-18	nan	nan
0.42056207216099555923	0.27960045159022339778	0	nan	7.3421508869214420065e-27	3.4714458499470676544e-18	nan	nan
0.42058413030392599596	0.2796336293306229126	0	nan	8.3921932287624927674e-27	3.4634691552852344648e-18	nan	nan
0.42060618844685637718	0.27966680487483475126	0	nan	9.5677301775948477861e-27	3.4555142639274550317e-18	nan	nan
0.42062824658978681391	0.27969997822364045525	0	nan	1.0880709841016561153e-26	3.4475809640279894122e-18	nan	nan
0.42065030473271725064	0.27973314937782095546	0	nan	1.2343907511404032366e-26	3.4396690496007510746e-18	nan	nan
0.42067236287564768737	0.27976631833815707173	0	nan	1.3970958210877231972e-26	3.4317783204999062361e-18	nan	nan
0.42069442101857806859	0.27979948510542873574	0	nan	1.5776389089746171399e-26	3.4239085823909082612e-18	nan	nan
0.42071647916150850532	0.2798326496804160457	0	nan	1.7775651618988922896e-26	3.4160596467121932265e-18	nan	nan
0.42073853730443894205	0.27986581206389821164	0	nan	1.9985153519158697625e-26	3.4082313306286047715e-18	nan	nan
0.42076059544736932327	0.27989897225665411051	0	nan	2.242229037055639103e-26	3.4004234569767439107e-18	nan	nan
0.42078265359029976	0.27993213025946245276	0	nan	2.5105476851742196252e-26	3.3926358542029756596e-18	nan	nan
0.42080471173323019674	0.27996528607310122716	0	nan	2.8054177555898741504e-26	3.384868356294905603e-18	nan	nan
0.42082676987616063347	0.27999843969834808943	0	nan	3.1288937337345358686e-26	3.3771208027064720054e-18	nan	nan
0.42084882801909101468	0.28003159113598036223	0	nan	3.4831411142925154155e-26	3.3693930382775555688e-18	nan	nan
0.42087088616202145142	0.28006474038677492411	0	nan	3.8704393285939101076e-26	3.3616849131483233138e-18	nan	nan
0.42089294430495188815	0.28009788745150820954	0	nan	4.2931846122801129228e-26	3.3539962826691979024e-18	nan	nan
0.42091500244788226937	0.28013103233095604239	0	nan	4.7538928095686930176e-26	3.3463270073064851452e-18	nan	nan
0.4209370605908127061	0.280164175025894302	0	nan	5.2552021107072175314e-26	3.3386769525443761373e-18	nan	nan
0.42095911873374314283	0.28019731553709803507	0	nan	5.7998757194664296673e-26	3.331045988783870603e-18	nan	nan
0.42098117687667357956	0.28023045386534195522	0	nan	6.3908044478521860768e-26	3.3234339912386850051e-18	nan	nan
0.42100323501960396078	0.280263590011400332	0	nan	7.0310092354325753322e-26	3.315840839828868796e-18	nan	nan
0.42102529316253439751	0.28029672397604732392	0	nan	7.7236435909868790912e-26	3.3082664190722794218e-18	nan	nan
0.42104735130546483424	0.28032985576005625683	0	nan	8.471995954416478226e-26	3.3007106179745038699e-18	nan	nan
0.42106940944839521546	0.28036298536420017902	0	nan	9.2794919771482617706e-26	3.2931733299172984068e-18	nan	nan
0.42109146759132565219	0.28039611278925191673	0	nan	1.0149696719491663905e-25	3.2856544525459729061e-18	nan	nan
0.42111352573425608892	0.2804292380359836856	0	nan	1.1086316763641596107e-25	3.2781538876561646565e-18	nan	nan
0.42113558387718652565	0.28046236110516725715	0	nan	1.2093202241301257301e-25	3.2706715410799577392e-18	nan	nan
0.42115764202011690687	0.28049548199757401434	0	nan	1.3174348775062033282e-25	3.2632073225719307604e-18	nan	nan
0.4211797001630473436	0.28052860071397517361	0	nan	1.4333899332976569517e-25	3.2557611456950435763e-18	nan	nan
0.42120175830597778033	0.2805617172551411187	0	nan	1.5576145995856675842e-25	3.2483329277070001077e-18	nan	nan
0.42122381644890816155	0.28059483162184206684	0	nan	1.6905531637155784308e-25	3.240922589446854207e-18	nan	nan
0.42124587459183859828	0.28062794381484790218	0	nan	1.832665151540887102e-25	3.2335300552222626384e-18	nan	nan
0.42126793273476903501	0.28066105383492795378	0	nan	1.9844254779339557816e-25	3.2261552526977326066e-18	nan	nan
0.42128999087769947174	0.28069416168285105107	0	nan	2.1463245886062287533e-25	3.2187981127836026818e-18	nan	nan
0.42131204902062985296	0.28072726735938574594	0	nan	2.3188685932794556771e-25	3.211458569526293296e-18	nan	nan
0.42133410716356028969	0.28076037086530025721	0	nan	2.5025793902788247382e-25	3.2041365599996800572e-18	nan	nan
0.42135616530649072642	0.2807934722013621931	0	nan	2.697994782618820249e-25	3.1968320241980174373e-18	nan	nan
0.42137822344942110764	0.2808265713683387732	0	nan	2.9056685856819726624e-25	3.1895449049301697808e-18	nan	nan
0.42140028159235154437	0.28085966836699716165	0	nan	3.1261707265904820742e-25	3.1822751477154354431e-18	nan	nan
0.4214223397352819811	0.28089276319810352334	0	nan	3.3600873353799115203e-25	3.1750227006812051844e-18	nan	nan
0.42144439787821241783	0.28092585586242402318	0	nan	3.6080208281132240222e-25	3.1677875144621374258e-18	nan	nan
0.42146645602114279905	0.28095894636072421546	0	nan	3.870589982055117067e-25	3.1605695421013245324e-18	nan	nan
0.42148851416407323578	0.28099203469376954345	0	nan	4.1484300030651070299e-25	3.1533687389531546841e-18	nan	nan
0.42151057230700367251	0.28102512086232467325	0	nan	4.4421925853419294538e-25	3.1461850625883238558e-18	nan	nan
0.42153263044993405373	0.28105820486715399342	0	nan	4.7525459636958277546e-25	3.1390184727006335188e-18	nan	nan
0.42155468859286449046	0.28109128670902161495	0	nan	5.0801749585049930404e-25	3.1318689310157801395e-18	nan	nan
0.42157674673579492719	0.28112436638869103822	0	nan	5.4257810135165177288e-25	3.1247364012023756753e-18	nan	nan
0.42159880487872536392	0.28115744390692554155	0	nan	5.7900822266846458724e-25	3.1176208487848188889e-18	nan	nan
0.42162086302165574514	0.28119051926448773715	0	nan	6.1738133742108687391e-25	3.1105222410583568306e-18	nan	nan
0.42164292116458618187	0.28122359246214012618	0	nan	6.5777259279769541916e-25	3.1034405470061142355e-18	nan	nan
0.4216649793075166186	0.28125666350064465471	0	nan	7.0025880665424585746e-25	3.0963757372184255624e-18	nan	nan
0.42168703745044699982	0.28128973238076276919	0	nan	7.4491846799119605843e-25	3.0893277838140737036e-18	nan	nan
0.42170909559337743655	0.28132279910325574956	0	nan	7.91831736825053247e-25	3.082296660363649529e-18	nan	nan
0.42173115373630787328	0.28135586366888426513	0	nan	8.4108044347316613885e-25	3.075282341815145508e-18	nan	nan
0.42175321187923831001	0.28138892607840859661	0	nan	8.9274808727259616723e-25	3.0682848044214502256e-18	nan	nan
0.42177527002216869123	0.28142198633258869167	0	nan	9.4691983475060801376e-25	3.0613040256700280575e-18	nan	nan
0.42179732816509912796	0.2814550444321841649	0	nan	1.0036825172670648021e-24	3.0543399842145536644e-18	nan	nan
0.42181938630802956469	0.28148810037795402028	0	nan	1.0631246281462545755e-24	3.0473926598087354986e-18	nan	nan
0.42184144445095994591	0.28152115417065687319	0	nan	1.1253363193192034574e-24	3.0404620332419978328e-18	nan	nan
0.42186350259389038264	0.28155420581105122801	0	nan	1.190409397494355867e-24	3.0335480862771730743e-18	nan	nan
0.42188556073682081937	0.28158725529989486747	0	nan	1.2584373198740097386e-24	3.0266508015902925729e-18	nan	nan
0.4219076188797512561	0.28162030263794524121	0	nan	1.3295151894376963154e-24	3.0197701627121581432e-18	nan	nan
0.42192967702268163732	0.28165334782595941032	0	nan	1.4037397498088723593e-24	3.0129061539719119324e-18	nan	nan
0.42195173516561207405	0.28168639086469415833	0	nan	1.4812093797244247584e-24	3.0060587604423931653e-18	nan	nan
0.42197379330854251078	0.28171943175490571365	0	nan	1.5620240871225294035e-24	2.9992279678875086418e-18	nan	nan
0.421995851451472892	0.2817524704973498606	0	nan	1.6462855028693519151e-24	2.9924137627112587644e-18	nan	nan
0.42201790959440332873	0.28178550709278221698	0	nan	1.7340968741410052651e-24	2.985616131908562383e-18	nan	nan
0.42203996773733376546	0.28181854154195773443	0	nan	1.8255630574752965245e-24	2.9788350630179574967e-18	nan	nan
0.42206202588026420219	0.28185157384563108707	0	nan	1.9207905115141215184e-24	2.9720705440758561804e-18	nan	nan
0.42208408402319458341	0.28188460400455644939	0	nan	2.0198872894492631548e-24	2.9653225635725860044e-18	nan	nan
0.42210614216612502014	0.28191763201948788486	0	nan	2.1229630311906555365e-24	2.958591110409950627e-18	nan	nan
0.42212820030905545687	0.28195065789117867983	0	nan	2.2301289552686719053e-24	2.9518761738605772656e-18	nan	nan
0.42215025845198583809	0.28198368162038178752	0	nan	2.3414978504904521481e-24	2.9451777435286712515e-18	nan	nan
0.42217231659491627482	0.28201670320785016122	0	nan	2.4571840673630423463e-24	2.9384958093123074773e-18	nan	nan
0.42219437473784671155	0.28204972265433581047	0	nan	2.5773035092949925776e-24	2.9318303613673681291e-18	nan	nan
0.42221643288077714828	0.28208273996059068933	0	nan	2.7019736235968963281e-24	2.9251813900727623178e-18	nan	nan
0.4222384910237075295	0.28211575512736603022	0	nan	2.8313133922890940958e-24	2.9185488859971540981e-18	nan	nan
0.42226054916663796623	0.28214876815541317656	0	nan	2.9654433227332963909e-24	2.9119328398670174541e-18	nan	nan
0.42228260730956840296	0.28218177904548263912	0	nan	3.104485438098174402e-24	2.9053332425361469022e-18	nan	nan
0.42230466545249878418	0.28221478779832454009	0	nan	3.2485632676745803243e-24	2.898750084956383356e-18	nan	nan
0.42232672359542922091	0.28224779441468889063	0	nan	3.3978018370525020007e-24	2.8921833581495683491e-18	nan	nan
0.42234878173835965764	0.28228079889532509128	0	nan	3.5523276581670685949e-24	2.8856330531809296096e-18	nan	nan
0.42237083988129009438	0.28231380124098226503	0	nan	3.7122687192316379091e-24	2.8790991611334769764e-18	nan	nan
0.42239289802422047559	0.2823468014524087577	0	nan	3.8777544745646546448e-24	2.8725816730836694307e-18	nan	nan
0.42241495616715091233	0.28237979953035319269	0	nan	4.0489158343239263619e-24	2.8660805800781398466e-18	nan	nan
0.42243701431008134906	0.28241279547556319418	0	nan	4.2258851541534320041e-24	2.8595958731116708275e-18	nan	nan
0.42245907245301173027	0.28244578928878621982	0	nan	4.4087962247602781422e-24	2.8531275431060772686e-18	nan	nan
0.42248113059594216701	0.28247878097076950521	0	nan	4.5977842614267069512e-24	2.8466755808901763008e-18	nan	nan
0.42250318873887260374	0.28251177052225950881	0	nan	4.792985893464400638e-24	2.8402399771808492365e-18	nan	nan
0.42252524688180304047	0.28254475794400263355	0	nan	4.994539153627014678e-24	2.8338207225649497684e-18	nan	nan
0.42254730502473342169	0.28257774323674456074	0	nan	5.2025834674818097257e-24	2.8274178074822463934e-18	nan	nan
0.42256936316766385842	0.28261072640123091615	0	nan	5.4172596427571579728e-24	2.8210312222091637122e-18	nan	nan
0.42259142131059429515	0.28264370743820677045	0	nan	5.6387098586613145474e-24	2.8146609568435964713e-18	nan	nan
0.42261347945352467637	0.28267668634841669473	0	nan	5.8670776551945319412e-24	2.8083070012904084665e-18	nan	nan
0.4226355375964551131	0.28270966313260509351	0	nan	6.1025079224540972265e-24	2.8019693452477595956e-18	nan	nan
0.42265759573938554983	0.28274263779151581621	0	nan	6.3451468899342110568e-24	2.7956479781943951059e-18	nan	nan
0.42267965388231598656	0.28277561032589226819	0	nan	6.5951421158416447402e-24	2.7893428893774949023e-18	nan	nan
0.42270171202524636778	0.28280858073647752171	0	nan	6.8526424764176744531e-24	2.7830540678014388277e-18	nan	nan
0.42272377016817680451	0.28284154902401448251	0	nan	7.1177981552875470004e-24	2.7767815022171177514e-18	nan	nan
0.42274582831110724124	0.28287451518924533467	0	nan	7.3907606328266368613e-24	2.770525181112136749e-18	nan	nan
0.42276788645403762246	0.28290747923291187371	0	nan	7.6716826755641294224e-24	2.7642850927015405943e-18	nan	nan
0.42278994459696805919	0.28294044115575589515	0	nan	7.9607183256235684488e-24	2.7580612249191744221e-18	nan	nan
0.42281200273989849592	0.28297340095851830633	0	nan	8.2580228901981879021e-24	2.7518535654098043644e-18	nan	nan
0.42283406088282893265	0.28300635864193990354	0	nan	8.5637529310797434451e-24	2.7456621015216823047e-18	nan	nan
0.42285611902575931387	0.28303931420676092801	0	nan	8.8780662542325226024e-24	2.7394868202997816271e-18	nan	nan
0.4228781771686897506	0.28307226765372156541	0	nan	9.2011218994278003104e-24	2.7333277084794932624e-18	nan	nan
0.42290023531162018733	0.28310521898356122428	0	nan	9.5330801299287937038e-24	2.7271847524809973502e-18	nan	nan
0.42292229345455056855	0.28313816819701898009	0	nan	9.8741024222457336716e-24	2.7210579384040116136e-18	nan	nan
0.42294435159748100528	0.28317111529483379728	0	nan	1.0224351455955327054e-23	2.7149472520230643561e-18	nan	nan
0.42296640974041144201	0.28320406027774397417	0	nan	1.0583991103585558694e-23	2.708852678783304409e-18	nan	nan
0.42298846788334187874	0.283237003146487476	0	nan	1.095318642057796885e-23	2.702774203796690101e-18	nan	nan
0.42301052602627225996	0.28326994390180187944	0	nan	1.1332103635321781236e-23	2.6967118118386639474e-18	nan	nan
0.42303258416920269669	0.2833028825444245391	0	nan	1.1720910139273363128e-23	2.6906654873451420366e-18	nan	nan
0.42305464231213313342	0.28333581907509208797	0	nan	1.2119774477143649623e-23	2.6846352144101012251e-18	nan	nan
0.42307670045506351464	0.283368753494541048	0	nan	1.2528866337180596324e-23	2.6786209767833677847e-18	nan	nan
0.42309875859799395137	0.28340168580350749705	0	nan	1.2948356541535571145e-23	2.6726227578687889244e-18	nan	nan
0.4231208167409243881	0.28343461600272706891	0	nan	1.3378417036708438105e-23	2.6666405407229139138e-18	nan	nan
0.42314287488385482483	0.28346754409293495325	0	nan	1.381922088409194837e-23	2.6606743080538246586e-18	nan	nan
0.42316493302678520605	0.28350047007486606221	0	nan	1.4270942250601811589e-23	2.6547240422204038466e-18	nan	nan
0.42318699116971564278	0.28353339394925491934	0	nan	1.4733756399405495554e-23	2.648789725231803777e-18	nan	nan
0.42320904931264607951	0.28356631571683565962	0	nan	1.5207839680733865862e-23	2.6428713387473816485e-18	nan	nan
0.42323110745557646073	0.28359923537834186291	0	nan	1.5693369522797958873e-23	2.6369688640767592637e-18	nan	nan
0.42325316559850689746	0.28363215293450694254	0	nan	1.619052442280500752e-23	2.6310822821801442737e-18	nan	nan
0.42327522374143733419	0.28366506838606381224	0	nan	1.6699483938057295398e-23	2.625211573669085143e-18	nan	nan
0.42329728188436777092	0.28369798173374505268	0	nan	1.722042867716580081e-23	2.6193567188072580841e-18	nan	nan
0.42331934002729815214	0.2837308929782826894	0	nan	1.7753540291352667047e-23	2.6135176975116149123e-18	nan	nan
0.42334139817022858887	0.28376380212040869244	0	nan	1.8299001465863284573e-23	2.6076944893536718775e-18	nan	nan
0.4233634563131590256	0.28379670916085431021	0	nan	1.8856995911467284672e-23	2.6018870735610935492e-18	nan	nan
0.42338551445608940682	0.28382961410035056904	0	nan	1.9427708356067284774e-23	2.5960954290194400203e-18	nan	nan
0.42340757259901984355	0.28386251693962816223	0	nan	2.00113245364166844e-23	2.5903195342739842142e-18	nan	nan
0.42342963074195028028	0.28389541767941728345	0	nan	2.0608031189921817521e-23	2.5845593675319579046e-18	nan	nan
0.42345168888488071701	0.28392831632044779333	0	nan	2.1218016046561386917e-23	2.5788149066647376461e-18	nan	nan
0.42347374702781109823	0.28396121286344894186	0	nan	2.1841467820899611898e-23	2.5730861292103064974e-18	nan	nan
0.42349580517074153496	0.28399410730915014556	0	nan	2.247857620421288175e-23	2.5673730123757866196e-18	nan	nan
0.42351786331367197169	0.28402699965827993278	0	nan	2.3129531856700530498e-23	2.561675533040241119e-18	nan	nan
0.42353992145660235291	0.28405988991156655432	0	nan	2.3794526399812059078e-23	2.5559936677575028527e-18	nan	nan
0.42356197959953278964	0.28409277806973809444	0	nan	2.4473752408678341744e-23	2.5503273927591091612e-18	nan	nan
0.42358403774246322637	0.28412566413352197126	0	nan	2.5167403404628655307e-23	2.5446766839574927485e-18	nan	nan
0.4236060958853936631	0.28415854810364543637	0	nan	2.5875673847827062204e-23	2.5390415169491436745e-18	nan	nan
0.42362815402832404432	0.28419142998083501972	0	nan	2.6598759129997102573e-23	2.5334218670179546947e-18	nan	nan
0.42365021217125448105	0.28422430976581747331	0	nan	2.7336855567261196949e-23	2.5278177091385900974e-18	nan	nan
0.42367227031418491778	0.28425718745931860543	0	nan	2.8090160393060958231e-23	2.5222290179800713998e-18	nan	nan
0.423694328457115299	0.28429006306206400234	0	nan	2.8858871751191752887e-23	2.5166557679093399332e-18	nan	nan
0.42371638660004573573	0.28432293657477908377	0	nan	2.9643188688942321968e-23	2.5110979329948718135e-18	nan	nan
0.42373844474297617246	0.28435580799818860331	0	nan	3.0443311150308217284e-23	2.5055554870105217125e-18	nan	nan
0.42376050288590660919	0.284388677333017037	0	nan	3.1259439969330169128e-23	2.5000284034392764948e-18	nan	nan
0.42378256102883699041	0.28442154457998847228	0	nan	3.2091776863511176849e-23	2.4945166554771610042e-18	nan	nan
0.42380461917176742714	0.28445440973982677457	0	nan	3.2940524427350149694e-23	2.4890202160370960863e-18	nan	nan
0.42382667731469786387	0.28448727281325514316	0	nan	3.3805886125942233443e-23	2.4835390577529981232e-18	nan	nan
0.42384873545762824509	0.28452013380099649975	0	nan	3.4688066288700295247e-23	2.478073152983742212e-18	nan	nan
0.42387079360055868182	0.28455299270377365506	0	nan	3.5587270103167309447e-23	2.4726224738172027656e-18	nan	nan
0.42389285174348911855	0.28458584952230858711	0	nan	3.6503703608903722292e-23	2.4671869920744470331e-18	nan	nan
0.42391490988641955528	0.28461870425732327394	0	nan	3.7437573691488134324e-23	2.4617666793138338634e-18	nan	nan
0.4239369680293499365	0.28465155690953897194	0	nan	3.8389088076599397493e-23	2.456361506835204144e-18	nan	nan
0.42395902617228037323	0.28468440747967693749	0	nan	3.9358455324200568858e-23	2.4509714456840269425e-18	nan	nan
0.42398108431521080997	0.28471725596845776085	0	nan	4.0345884822791225168e-23	2.4455964666557266864e-18	nan	nan
0.42400314245814119118	0.28475010237660175472	0	nan	4.1351586783768093365e-23	2.440236540299860505e-18	nan	nan
0.42402520060107162791	0.28478294670482895423	0	nan	4.2375772235876793654e-23	2.4348916369243498828e-18	nan	nan
0.42404725874400206465	0.28481578895385883943	0	nan	4.3418653019726271688e-23	2.4295617265998305645e-18	nan	nan
0.42406931688693250138	0.28484862912441055727	0	nan	4.4480441782416566043e-23	2.4242467791638734235e-18	nan	nan
0.4240913750298628826	0.28488146721720286614	0	nan	4.5561351972232591451e-23	2.4189467642253066338e-18	nan	nan
0.42411343317279331933	0.28491430323295435789	0	nan	4.6661597833444221992e-23	2.4136616511684457821e-18	nan	nan
0.42413549131572375606	0.28494713717238290274	0	nan	4.7781394401155745044e-23	2.4083914091574672702e-18	nan	nan
0.42415754945865413728	0.28497996903620625986	0	nan	4.8920957496265382651e-23	2.4031360071406584566e-18	nan	nan
0.42417960760158457401	0.28501279882514168884	0	nan	5.0080503720508925385e-23	2.397895413854661251e-18	nan	nan
0.42420166574451501074	0.28504562653990617171	0	nan	5.1260250451553483416e-23	2.3926695978288247157e-18	nan	nan
0.42422372388744544747	0.28507845218121619091	0	nan	5.2460415838199753335e-23	2.3874585273894324818e-18	nan	nan
0.42424578203037582869	0.28511127574978789578	0	nan	5.3681218795645393054e-23	2.3822621706639864027e-18	nan	nan
0.42426784017330626542	0.28514409724633715815	0	nan	5.4922879000848160918e-23	2.3770804955853854371e-18	nan	nan
0.42428989831623670215	0.2851769166715793502	0	nan	5.61856168879232852e-23	2.3719134698962613019e-18	nan	nan
0.42431195645916708337	0.28520973402622945558	0	nan	5.7469653643659105972e-23	2.366761061153120763e-18	nan	nan
0.4243340146020975201	0.28524254931100223587	0	nan	5.8775211203090186886e-23	2.3616232367305356879e-18	nan	nan
0.42435607274502795683	0.28527536252661195304	0	nan	6.0102512245128178998e-23	2.3564999638253789365e-18	nan	nan
0.42437813088795839356	0.28530817367377259153	0	nan	6.1451780188287864368e-23	2.3513912094609346806e-18	nan	nan
0.42440018903088877478	0.28534098275319746962	0	nan	6.2823239186471245571e-23	2.3462969404910537901e-18	nan	nan
0.42442224717381921151	0.28537378976560007215	0	nan	6.4217114124835765336e-23	2.3412171236042094568e-18	nan	nan
0.42444430531674964824	0.28540659471169305128	0	nan	6.56336306157020228e-23	2.3361517253276614395e-18	nan	nan
0.42446636345968002946	0.2854393975921887816	0	nan	6.7073014994555247189e-23	2.3311007120314743249e-18	nan	nan
0.42448842160261046619	0.28547219840779941569	0	nan	6.8535494316121732772e-23	2.3260640499324930317e-18	nan	nan
0.42451047974554090292	0.285504997159236662	0	nan	7.0021296350467749273e-23	2.3210417050984469673e-18	nan	nan
0.42453253788847133965	0.2855377938472117294	0	nan	7.1530649579211064631e-23	2.3160336434518384809e-18	nan	nan
0.42455459603140172087	0.28557058847243554922	0	nan	7.3063783191764276649e-23	2.311039830773927612e-18	nan	nan
0.4245766541743321576	0.28560338103561883072	0	nan	7.4620927081673982692e-23	2.3060602327085735502e-18	nan	nan
0.42459871231726259433	0.28563617153747167254	0	nan	7.6202311842971140088e-23	2.3010948147662008961e-18	nan	nan
0.42462077046019297555	0.28566895997870384027	0	nan	7.7808168766629031289e-23	2.296143542327584883e-18	nan	nan
0.42464282860312341228	0.28570174636002498847	0	nan	7.9438729837074196799e-23	2.2912063806476346744e-18	nan	nan
0.42466488674605384901	0.28573453068214416106	0	nan	8.1094227728723887266e-23	2.286283294859225194e-18	nan	nan
0.42468694488898428574	0.28576731294576990239	0	nan	8.2774895802618131103e-23	2.2813742499769056964e-18	nan	nan
0.42470900303191466696	0.28580009315161070127	0	nan	8.4480968103090828525e-23	2.2764792109006037155e-18	nan	nan
0.42473106117484510369	0.28583287130037449142	0	nan	8.6212679354513185512e-23	2.2715981424192485091e-18	nan	nan
0.42475311931777554042	0.28586564739276892899	0	nan	8.7970264958062867586e-23	2.2667310092144765483e-18	nan	nan
0.42477517746070592164	0.28589842142950111503	0	nan	8.9753960988570665685e-23	2.2618777758641752284e-18	nan	nan
0.42479723560363635837	0.28593119341127815058	0	nan	9.1564004191438244177e-23	2.2570384068460000022e-18	nan	nan
0.4248192937465667951	0.28596396333880641505	0	nan	9.3400631979551492534e-23	2.2522128665409704765e-18	nan	nan
0.42484135188949723183	0.28599673121279212129	0	nan	9.5264082430302410391e-23	2.2474011192368881674e-18	nan	nan
0.42486341003242761305	0.28602949703394081604	0	nan	9.7154594282630881974e-23	2.2426031291317993218e-18	nan	nan
0.42488546817535804978	0.28606226080295810155	0	nan	9.907240693414908778e-23	2.2378188603373414144e-18	nan	nan
0.42490752631828848651	0.28609502252054902494	0	nan	1.010177604382584166e-22	2.233048276882178235e-18	nan	nan
0.42492958446121886773	0.28612778218741807823	0	nan	1.029908955013632853e-22	2.228291342715287452e-18	nan	nan
0.42495164260414930446	0.28616053980426975345	0	nan	1.0499205348014153514e-22	2.2235480217091900112e-18	nan	nan
0.42497370074707974119	0.28619329537180793199	0	nan	1.0702147637879961722e-22	2.2188182776632769872e-18	nan	nan
0.42499575889001017792	0.28622604889073616219	0	nan	1.0907940684644094271e-22	2.2141020743069507753e-18	nan	nan
0.42501781703294055914	0.28625880036175754828	0	nan	1.1116608817444031045e-22	2.2093993753028140464e-18	nan	nan
0.42503987517587099587	0.28629154978557508349	0	nan	1.132817642938963521e-22	2.2047101442497408344e-18	nan	nan
0.4250619333188014326	0.28632429716289120591	0	nan	1.154266797730723751e-22	2.2000343446860323657e-18	nan	nan
0.42508399146173181382	0.28635704249440785407	0	nan	1.1760107981493722849e-22	2.1953719400924165017e-18	nan	nan
0.42510604960466225055	0.28638978578082702198	0	nan	1.1980521025473948231e-22	2.1907228938950198348e-18	nan	nan
