0.346411	0.30828185067230246	-14228035.19674566
0.355725	0.3187120866204164	-78449035.52485658
0.348921	0.3110996348020032	-17691883423.9927
0.377596	0.3429516842777416	70349505.89559573
0.362833	0.326626551924273	-215992665.0816859
0.391206	0.35788161865195006	-16193824.095225826
0.416395	0.38525564831412895	-3263040625.2309637
0.352034	0.3145871193945165	-198909178.33175266
0.351704	0.3142177941316179	-262193804.63718742
0.389965	0.35652464116515115	-16911159.60265024
0.403574	0.37136113421969696	-13139489.73937539
0.378255	0.343677121085969	-14939699310.722874
0.32008	0.2783672483122606	-2655671.3220384475
0.431183	0.40119309318823	-20116323.908620723
0.398786	0.36615214369021487	-16382267.010511026
0.377554	0.3429054409730761	124380950.95598167
0.343713	0.3052470227568809	-23673582.089215755
0.392521	0.3593185967549408	-15723252.713951737
0.337538	0.29827675064768255	-42501883.60381546
0.427651	0.39739463551228243	-49869515.05397838
0.335006	0.2954084267060434	-173407759.3150787
0.351318	0.3137856842766091	-383115830.9622258
0.385047	0.351138591929084	-43808316.16256761
0.335748	0.2962496211591498	-109602298.11228755
0.398272	0.3655922653953989	-16035194.78324547
0.381896	0.3476804184145834	-430377495.9568577
0.348035	0.3101055945286053	-15478418.33233099
0.402767	0.3704839737720645	-9455755.100508032
0.353784	0.3165442104808423	-2071533976.916325
0.377722	0.343090407643437	10468211.320712738
0.350034	0.3123474342602157	-1953645758.5201752
0.344623	0.3062713350314387	-17308317.757610276
0.403133	0.37088183323255375	-11637496.081367508
0.348148	0.3102324103586532	-15787779.566633273
0.368264	0.33264920295852174	-16511943054.661118
0.362576	0.32634103987843727	2586598161.0599375
0.337449	0.29817603212521926	-43914927.22625945
0.337336	0.298048142804044	-45790987.30866249
0.377446	0.34278652460232417	34881440044.09844
0.364152	0.3280911422713813	-77205835.6536087
0.4293	0.39916864673085206	-3268003446.8107
0.327469	0.28683281627794927	-3418745.7033739025
0.366739	0.3309601375603107	-37851440.68339984
0.424603	0.39411270740987253	-43417259.75961087
0.333201	0.29335988978376	-831966741.1661737
0.33153	0.2914605623972818	-8281404628.016395
0.307431	0.2637251188149127	-2346018.0755368923
0.359251	0.32264283586334247	-545999420.1876607
0.336332	0.2969113213687545	-93085263.47039388
0.413731	0.38237476236532636	-47466341.4713344
0.377756	0.34312783925082463	3353000.625594817
0.34307	0.3045228126642399	-34325279.33953453
0.347485	0.3094881964759557	-14503804.104935633
0.351815	0.31434203148471856	-238258785.5009261
0.389787	0.3563299368590012	-17023001.064431272
0.376052	0.34125097104175367	-384995698.53841954
0.366942	0.3311850689523001	-50897460.9913142
0.349896	0.31219277593970646	-2179432580.3113265
0.368577	0.3329956808457728	-2326398710.9930334
0.382422	0.3482581005761959	-2421030989.862504
0.338185	0.29900871685945846	-34002539.06051841
0.410331	0.3786933430811001	-24866538.877599083
0.362545	0.3263065974784142	-634391952.2573577
0.317755	0.27569069363679977	-2555769.390384729
0.369009	0.3334737780005195	-391516408.89768386
0.370965	0.33563693145710255	-22588300.850064293
0.361681	0.32534637587337556	-1371439796.950861
0.376207	0.34142177051550154	-313934702.59679496
0.390508	0.35711849097595016	-16571294.855667856
0.36425	0.3281999101659533	-72817879.82030673
0.387409	0.35372708662744473	-23576374.548855904
0.35289	0.31554472049606497	-108998102.7673041
0.402363	0.37004473013669553	-3335363.9302909505
0.33893	0.2998510687540396	-27516422.514135566
0.363931	0.3278458346447912	-88925645.29160908
0.37125	0.33595190285655446	-20484177.475279376
0.391668	0.3583865800458212	-15992234.282957178
0.343955	0.30551949292629393	-21366932.104213156
0.386434	0.3526589781771333	-27571531.124027766
0.3749	0.33998107084503953	-3946555074.069729
0.368651	0.33307758605757276	-1611083071.1029167
0.329023	0.2886057051791246	-3967082.459542971
0.442794	0.4136467635180285	-583802822.8618855
0.332709	0.29280095152499036	-1468117609.3814116
0.379076	0.3445805164383787	-579628516.4993782
0.367868	0.3322107523198787	-17627258.656402864
0.316813	0.27460443459991646	-2523195.3032441754
0.386196	0.35239816819748054	-29155005.122368723
0.37908	0.3445849168680193	-573533974.14542
0.348071	0.3101459971915482	-15571916.20171247
0.363808	0.3277092909835481	-96773269.86994305
0.381495	0.34723990778414243	-1190938779.553814
0.356407	0.3194731102642909	-59394255.60646385
0.32023	0.2785397124880756	-2663258.2887189738
0.379279	0.34480382592706216	-353778722.8329467
0.395859	0.36296207296898086	-15078783.6278596
0.337966	0.29876100095049185	-36543185.710962035
0.354884	0.3177731454810802	-277305154.6604204
0.366594	0.3307994549102821	-35738583.7437383
0.333168	0.29332240752615507	-862307122.4259019
0.345785	0.30757825794086907	-15198601.88889353
0.429488	0.3993708310291824	-2152001813.886315
0.428224	0.3980111967130319	50252918.35005022
0.351165	0.3136143742846297	-335912883.02775896
0.358479	0.3217830200211624	-2709805918.4025755
0.344487	0.30611829690813935	-17941228.12813162
0.375477	0.3406172280756506	-1006063445.9695038
0.420279	0.38945032593893125	-32949649.20939602
0.343992	0.3055611470670638	-21064691.010312017
0.326427	0.285642617376924	-3217543.0376977753
0.416003	0.38483193025259715	-7348256382.790176
0.363507	0.3273751022633514	-121302064.85838841
0.411697	0.3801730373684328	-9854920.79939187
0.356327	0.3193838591130425	-61693868.03335428
0.354261	0.3170772376786763	-720631027.3705776
0.376368	0.34159916562682024	-260071359.63766038
0.371024	0.3357021404592765	-22090009.68218405
0.373208	0.3381143738395926	-14999969.949932653
0.339929	0.300979805923819	-24183295.57980606
0.395997	0.36311257557669324	-15130969.544722833
0.311398	0.2683390261161052	-2396101.568229754
0.456201	0.42796783866774357	-208026793.5528776
0.353121	0.31580303857616665	-95193464.24350628
0.346933	0.3088682972108659	-14137365.427559275
0.388966	0.3554316638806112	-17176209.949448675
0.419779	0.3889106933139532	-111567947.2930344
0.351909	0.3144472337514512	-220194967.69819915
0.339749	0.3007764976422523	-24038919.04066772
0.369282	0.33377584402850335	-183148272.81032816
0.353654	0.3163989099996076	-2936756692.1593294
0.410535	0.3789143765521965	51721896.189634696
0.34912	0.31132281145611507	-11094275128.165018
0.388444	0.3548603382585039	-9570164.741229594
0.380103	0.345710007292152	-91993075.44960979
0.4183	0.38731383725983737	-260721913.18321747
0.346225	0.3080728309311611	-14372012.880051576
0.365375	0.3294480371135026	-43521869.37495125
0.399981	0.3674532880434461	-17771857.14612542
0.408999	0.37724965279498907	-29424084.064738397
0.373964	0.33894865662654544	20286473.421972036
0.331284	0.2911807122543315	-12943185751.222122
0.363736	0.32762935800831366	-101893083.82764663
0.404692	0.3725758089261027	-15379023.765719295
0.388521	0.3549446238132644	-13831707.367999736
0.433311	0.4034792947028878	-551183706.2223688
0.370725	0.33537165079645564	-25038216.119642355
0.345939	0.3077513773388184	-14774682.58411662
0.363963	0.32788135644153327	-87052046.31239124
0.377782	0.343156462939196	-951955.370305907
0.403591	0.37137960877509113	-13185200.38062297
0.341391	0.30263002728404165	-327017774.50178516
0.453847	0.4254576570493705	-3324284783.0289793
0.408268	0.37645700731549653	-23892413.938956425
0.358752	0.32208712491644215	-1408920042.8705401
0.42432	0.39380779694279766	-50703979.08273487
0.358636	0.32195791499657184	-1835126130.115518
0.363539	0.3274106336909963	-118268400.8930335
0.314366	0.2717776673844629	-2454773.266226458
0.363333	0.3271818873683869	-139969086.33029386
0.394116	0.3610602996577439	-15701375.18300041
0.337746	0.2985121087141019	-39434359.52195064
0.400811	0.36835658844920877	-20204553.854895636
0.366335	0.3305124063600939	-35133305.35221123
0.35771	0.3209261015139463	-981494421.9156463
0.370217	0.3348100142199152	-30389807.610066094
0.326343	0.2855466199798901	-3204087.2607882326
0.40452	0.3723889753106821	-15091793.95379677
0.371432	0.3361530144992601	-19472162.853947088
0.3737	0.33865736155137655	-12472522.17638715
0.359637	0.32307257745271384	-309506482.12053037
0.381411	0.3471476191102854	-1537305099.2724879
0.333964	0.2942262255968012	-393297998.96957034
0.338545	0.2994158238268976	-30481881.588198427
0.403714	0.3715132734222827	-13498233.789979892
0.385033	0.3511232399342712	-44111307.27654633
0.380454	0.34609588938463254	-64033401.829425305
0.356432	0.3195010002440365	-58710226.246666834
0.347755	0.309791314529539	-14887953.09954301
0.341967	0.3032796525023395	-112013325.92218271
0.30954	0.2661806344062989	-2369657.3285881965
0.3635	0.3273673296664463	-121981080.87189563
0.382545	0.3483931623294863	-1546652787.0690556
0.371244	0.3359452724312991	-20521368.515579548
0.328387	0.2878804270907277	-3682732.658782508
0.417709	0.3866754804922854	-458220864.6092043
0.343877	0.30543167756789696	-22044604.618775897
0.379665	0.34522837478680657	-168923759.9069772
0.35291	0.31556708737278005	-107680412.97202657
0.350861	0.3132739373997457	-675667123.9903455
0.316427	0.2741590138258084	-2510940.6422879375
0.404254	0.3721000067843856	-14623503.73580145
0.44476	0.41575061771804955	-9326870999.083221
0.354627	0.31748610625024176	-390012187.0418052
0.325445	0.28451988780740756	-3077863.0474156793
0.396753	0.36393689225185705	-15378249.528497726
0.328711	0.2882499610649406	-3812084.0397960953
0.334259	0.2945610252798896	-305225348.71162367
0.432394	0.40249433507683036	-77371194.42400885
0.39014	0.35671604692379594	-16799514.03078606
0.385447	0.35157717266901695	-36823634.86844815
0.353731	0.31648497419931293	-2379751885.871108
0.363616	0.3274961282045023	-111419097.73965974
0.382337	0.34816475999437363	-3410209837.8079567
0.355301	0.3182387769174897	-209908936.36747903
0.400553	0.3680758404757636	-19158758.59093549
0.400249	0.3677449938937848	-18314726.86596982
0.363503	0.3273706607836747	-121689386.49855593
0.411094	0.3795199538481999	771027.2928584367
0.394155	0.3611028697725065	-15720279.754677156
0.342068	0.3033935318310853	-96513776.9856254
0.406779	0.37484166440503885	-19028217.735863596
0.366127	0.33028184730914256	-35900680.20680738
0.390103	0.3566755796826295	-16823085.443786144
0.358692	0.32202029345514827	-1611477621.0991926
0.420328	0.38950320424476587	-35327470.394962914
0.385567	0.35170872895329136	-35222264.17783901
0.339533	0.3005324884632937	-24482425.122770242
0.411014	0.37943329681109933	3251331.1494780937
0.307041	0.2632703823333339	-2341900.3657501554
0.32892	0.28848827520878517	-3911830.410344661
0.354316	0.317138686364404	-650654044.4638535
0.352606	0.3152270765161834	-130729868.26963675
0.341379	0.30261649025447995	-335963471.49426377
0.373211	0.3381176852132106	-14993420.121095106
0.331143	0.2910202827672666	22674035.875559017
0.332104	0.29211330909244754	-3309135479.4754453
0.321833	0.28038116631104126	-2755326.4351317985
0.331672	0.29162207412495333	-6499703710.946871
0.385722	0.35187864359312826	-33403384.41422596
0.369123	0.33359992155565593	-276591305.50241256
0.352151	0.31471804100486483	-181448834.29403797
0.396694	0.36387257133361917	-15358514.569320668
0.38977	0.3563113405898552	-17033422.74052318
0.439228	0.40982722520220616	-4075418880.85972
0.420596	0.38979239826982237	-40410072.72058217
0.311947	0.2689759270677206	-2405288.0224497877
0.357499	0.3206909002979969	-1468564558.2067056
0.413659	0.38229685692396137	-42714868.34624966
0.357706	0.32092164303602183	-988812846.5125837
0.450501	0.42188656002999164	-1605713285.2659981
0.368687	0.3331174304985252	-1361735309.8773782
0.337636	0.2983876455702209	-41015378.32892053
0.344449	0.30607553338014426	-18132065.762001324
0.354557	0.3174079154368079	-433518786.9329213
0.329926	0.28963474240660386	-4798714.595582923
0.403784	0.37158933944468825	-13664222.870867547
0.401931	0.36957495490622705	326829580.6058327
0.367356	0.33164370832105317	-9828311.2687073
0.414731	0.383456543683818	13255291.98823999
0.345104	0.306812466091161	-15499347.001140185
0.371604	0.33634305604388476	-18690740.29820426
0.331409	0.2913229201658184	-10270160476.15764
0.36163	0.3252896792597942	-1515150447.0414917
0.351913	0.31445171028623736	-219467421.37230214
0.382614	0.3484689247679623	-1229727783.3455763
0.316916	0.2747232600071202	-2526568.5458280416
0.366413	0.3305988582889236	-35075128.38950881
0.364957	0.32898439230750715	-51070659.59415859
0.359867	0.3233285886245443	-232750461.48961115
0.325842	0.2849739066948758	-3130064.035701249
0.455647	0.42737724219001155	-97655403.39723863
0.408732	0.3769601654776533	-26867598.054654766
0.31973	0.27796473055576637	-2638567.401263656
0.378823	0.34430216941218916	-1226234454.2489347
0.361072	0.32466922816451177	-5534698211.710851
0.414396	0.3830941964438247	71701372.39587133
0.399976	0.3674478454269936	-17763001.506210566
0.326106	0.2852757293723737	-3167812.6263715704
0.372874	0.33774567119200766	-15606512.668708432
0.396916	0.3641145830489899	-15446662.347883794
0.340598	0.3017351755048453	-3464537792.7069807
0.386227	0.35243214107390913	-28931295.977099266
0.328658	0.288189520102553	-3789039.8484863252
0.331339	0.2912432856804424	-11677153924.485916
0.349923	0.3122230364049709	-2235538665.263877
0.374093	0.33909097773597546	-29786089.615353666
0.355607	0.3185803775845898	-63080600.678141855
0.360251	0.32375592895565597	-155467131.28948745
0.383556	0.349502966609641	-157714154.4961989
0.367353	0.3316403852698579	-9677179.473602384
0.373506	0.3384432752603304	-14050655.451124761
0.387716	0.35406329263133135	-23146605.85074266
0.411911	0.3804047718601067	-12225246.210753668
0.379675	0.3452393722592193	-166195007.57172477
0.410261	0.378617493856187	554480401.6042402
0.363645	0.32752832634436335	-108994783.42910266
0.340379	0.30148794697954306	-39855365.39052076
0.35906	0.32243015078143633	-759719614.3997505
0.366473	0.33066535691230153	-35148441.01345916
0.452399	0.42391269588671177	-79087423.8622247
0.363632	0.32751389276935994	-110071464.03128804
0.376717	0.3419836496412362	-189790551.45300698
0.370086	0.3346651549369008	3752972.7861579694
0.338162	0.29898270314006425	-34254410.04052749
0.402202	0.3698696626339335	3726908.2312549315
0.361992	0.32569207327925526	-792261963.7434146
0.388448	0.3548647168104203	-9951311.113371376
0.392884	0.3597151039210611	-15650520.114824207
0.442198	0.41300870419028674	-2250657106.8334494
0.425824	0.3954278663788628	-34037871.99037563
0.330818	0.2906504217387957	-10701353.993268346
0.413901	0.3825586965864713	-67044463.57369207
0.395628	0.36271012243517514	-14970653.123761576
0.326224	0.28541061071540386	-3185572.561963893
0.371437	0.33615853923697936	-19447256.433659293
0.384526	0.35056720212954856	-59378918.4812433
0.388866	0.3553222262805126	-17022783.93126964
0.373095	0.33798964119916425	-15226511.750456825
0.351598	0.3140991438016662	-288049745.46477675
0.345977	0.30779409198673674	-14702129.810053023
0.363262	0.32710304061096673	-148761021.55246043
0.375301	0.3404232059274746	-1452150320.1866739
0.410346	0.37870959619336264	-134684351.77630556
0.353399	0.3161138588134658	-6400361534.073233
0.393603	0.3605002637196536	-15598108.08484377
0.421853	0.3911484016865463	-27010172.96858217
0.340945	0.3021268137023587	-1049480744.6990583
0.378737	0.34420754451629876	-1648383859.1753402
0.409451	0.37773964570050067	-37139214.95448332
0.37081	0.33546560871859843	-24086608.763230458
0.318229	0.27623688199431257	-2573720.330329069
0.312186	0.2692530726453085	-2409505.0754368254
0.385418	0.35154537865962593	-37239324.88788539
0.339928	0.3009786765153634	-24180462.10977985
0.384365	0.35039059884354745	-66808585.07658513
0.409476	0.3777667443131274	-37805328.62280287
0.374228	0.33923990702295004	-44308060813.6144
0.305515	0.26148907005444755	-2320492.741872339
0.365196	0.3292495056168495	-46408341.360241674
0.393583	0.36047842712420364	-15597377.217911057
