pole1 = 0.266564
pole2 = 0.343604
f1_F3inv_vec size = 50000
selected F3 size = 17361
0	0	0.266566
347	1	0.268106
694	2	0.269646
1041	3	0.271185
1388	4	0.272725
1735	5	0.274265
2082	6	0.275805
2429	7	0.277345
2776	8	0.278885
3123	9	0.280424
3470	10	0.281964
3817	11	0.283504
4164	12	0.285044
4511	13	0.286584
4858	14	0.288124
5205	15	0.289664
5552	16	0.291203
5899	17	0.292743
6246	18	0.294283
6593	19	0.295823
6940	20	0.297363
7287	21	0.298903
7634	22	0.300442
7981	23	0.301982
8328	24	0.303522
8675	25	0.305062
9022	26	0.306602
9369	27	0.308142
9716	28	0.309682
10063	29	0.311221
10410	30	0.312761
10757	31	0.314301
11104	32	0.315841
11451	33	0.317381
11798	34	0.318921
12145	35	0.32046
12492	36	0.322
12839	37	0.32354
13186	38	0.32508
13533	39	0.32662
13880	40	0.32816
14227	41	0.3297
14574	42	0.331239
14921	43	0.332779
15268	44	0.334319
15615	45	0.335859
15962	46	0.337399
16309	47	0.338939
16656	48	0.340478
17003	49	0.342018
