gamma = (1,0)
(1.76743e-07,0)	(-3.61481,0)	(-14.2171,0)
9.9999999999999999882e-15	1.8738777794729858829e-06	0
gamma = (1.0001654505358321678,0)
(1.7666619625808257272e-07,0)	(-3.5640654248738878884,0)	(-14.228917285623053246,0)
0.040000000000009999779	1.8841188118944890676e-06	0
gamma = (1.0006637417596222495,0)
(1.7643655259798450486e-07,0)	(-3.4080300520463664427,0)	(-14.264435026501757875,0)
0.08000000000001000755	1.9154666673005192613e-06	0
gamma = (1.0015007247234248844,0)
(1.7605836593334936446e-07,0)	(-3.1343355037618243486,0)	(-14.323599206743548251,0)
0.12000000000001000144	1.9699634835442999583e-06	0
gamma = (1.0026862600808668091,0)
(1.7553828141319355755e-07,0)	(-2.7185966267010264197,0)	(-14.406369114409564247,0)
0.16000000000000999534	2.0516514960407626187e-06	0
gamma = (1.0042343869566725534,0)
(1.7488524866206442394e-07,0)	(-2.1167134440777077842,0)	(-14.512702357559922106,0)
0.20000000000001000311	2.1678756035465307958e-06	0
gamma = (1.0061635706735321261,0)
(1.7411020004270364205e-07,0)	(-1.247989350361408345,0)	(-14.642569186631018141,0)
0.24000000000000998313	2.3321329747808665987e-06	0
gamma = (1.0084970413187444027,0)
(1.7322567816490298351e-07,0)	(0.044967861284622531737,0)	(-14.795970586051467421,0)
0.28000000000001001865	2.5708316271433764975e-06	0
gamma = (1.0112632396245875288,0)
(1.7224543677953552363e-07,0)	(2.1062989101541598203,0)	(-14.97296002680335647,0)
0.32000000000000999867	2.9418244154670328862e-06	0
gamma = (1.0144963921245020444,0)
(1.7118403851719562926e-07,0)	(5.8460292346134590247,0)	(-15.173668883672460694,0)
0.36000000000000997868	3.5982368123004813794e-06	0
gamma = (1.0182372444924112642,0)
(1.7005647025107679997e-07,0)	(14.681394444074562955,0)	(-15.398335702390209434,0)
0.40000000000001001421	5.115252734812704217e-06	0
gamma = (1.0225339910178532499,0)
(1.6887779278520854024e-07,0)	(61.998052963150975359,0)	(-15.647339760161592892,0)
0.44000000000000999423	1.3112582543053718327e-05	0
gamma = (1.0274434502239409017,0)
(1.6766283676970590452e-07,0)	(-64.51505455336153716,0)	(-15.921239710686252877,0)
0.48000000000000997424	-8.147376845984778172e-06	0
gamma = (1.0330325530025705749,0)
(1.6642595185845089024e-07,0)	(-26.988636731686927561,0)	(-16.220818561808663105,0)
0.52000000000001000977	-1.792044388360712826e-06	0
gamma = (1.0393802322239413805,0)
(1.6518081165775078715e-07,0)	(-18.888820262987380261,0)	(-16.547136835747515704,0)
0.5600000000000100453	-3.8680116915698442919e-07	0
gamma = (1.0465798343999659359,0)
(1.6394027034453906633e-07,0)	(-15.297415153521507492,0)	(-16.901596565817076367,0)
0.6000000000000099698	2.6298993441342002611e-07	0
gamma = (1.0547422189165263084,0)
(1.6271373774721663518e-07,0)	(-13.234779593039345258,0)	(-17.286019882483934396,0)
0.64000000000001000533	6.5919245000764490454e-07	0
gamma = (1.0639997751872878329,0)
(1.6145844183640861354e-07,0)	(-11.872441485454375609,0)	(-17.702747482913025578,0)
0.68000000000001004086	9.4135212177914173432e-07	0
gamma = (1.0745116831907535193,0)
(1.5996909008862553723e-07,0)	(-10.889430268431711468,0)	(-18.15476449717186469,0)
0.72000000000000996536	1.1622289057613083395e-06	0
gamma = (1.0864708849015942693,0)
(1.5792575483313381335e-07,0)	(-10.135972212357646782,0)	(-18.64586454107212532,0)
0.76000000000001000089	1.343931169560928984e-06	0
gamma = (1.1001134505433554089,0)
(1.5505603960377211726e-07,0)	(-9.5333865729864442073,0)	(-19.180867705748994467,0)
0.80000000000001003642	1.4959002165982742837e-06	0
gamma = (1.1157313606581880094,0)
(1.5121182420844277897e-07,0)	(-9.0369397968500386753,0)	(-19.765915932444322323,0)
0.84000000000000996092	1.6223480533520606122e-06	0
gamma = (1.1336902630488887578,0)
(1.4635369767753723488e-07,0)	(-8.619870834445634955,0)	(-20.408881485876015915,0)
0.88000000000000999645	1.7253653007967083323e-06	0
gamma = (1.1544546465815834768,0)
(1.4050342169008178151e-07,0)	(-8.2657685853306848145,0)	(-21.119944341529688359,0)
0.92000000000001003198	1.8060556767516543891e-06	0
gamma = (1.1786243685686745852,0)
(1.3369968679335626949e-07,0)	(-7.9646698305179901567,0)	(-21.912428302846318928,0)
0.96000000000000995648	1.8648109392196787348e-06	0
gamma = (1.2069890943486740742,0)
(1.2596700796012222637e-07,0)	(-7.7109995511162541248,0)	(-22.804045256771470207,0)
1.000000000000009992	1.9012258085467592635e-06	0
gamma = (1.2406119983377883464,0)
(1.1729659890046671608e-07,0)	(-7.5025378660167412193,0)	(-23.818805773490087319,0)
1.0400000000000100275	1.9138427322954584337e-06	0
gamma = (1.2809632547581184525,0)
(1.0763560281086639798e-07,0)	(-7.3400697031743487031,0)	(-24.990062538345572563,0)
1.0800000000000100631	1.8997676184211276942e-06	0
gamma = (1.3301424456192891821,0)
(9.6882310663480106676e-08,0)	(-7.2276386679300781424,0)	(-26.365574782227472639,0)
1.1200000000000100986	1.8541274720831956638e-06	0
gamma = (1.3912693177069521688,0)
(8.4888493877937924217e-08,0)	(-7.1735651924211802921,0)	(-28.016394813851718482,0)
1.1600000000000099121	1.76931641471770963e-06	0
gamma = (1.4692171369035955664,0)
(7.1477428584846897921e-08,0)	(-7.1927721566991209556,0)	(-30.05352347395578505,0)
1.2000000000000099476	1.6340277196751579041e-06	0
gamma = (1.5721102332172689486,0)
(5.6504552710470515148e-08,0)	(-7.3118594946440174098,0)	(-32.661873440706820304,0)
1.2400000000000099831	1.43239119922646822e-06	0
gamma = (1.7147457389166924635,0)
(4.0036993590401496481e-08,0)	(-7.5809940237547968067,0)	(-36.177757163546253594,0)
1.2800000000000100187	1.1449284225340602181e-06	0
gamma = (1.9277536895072160394,0)
(2.2857121000326504387e-08,0)	(-8.1061015101146161044,0)	(-41.296001761481718972,0)
1.3200000000000100542	7.5862556603426504405e-07	0
gamma = (2.2889172202504499687,0)
(7.7076993233427229219e-09,0)	(-9.1597176016550267974,0)	(-49.776940833733263503,0)
1.3600000000000100897	3.1306534402194978183e-07	0
gamma = (3.0916124957318329436,0)
(3.6141200597476879765e-10,0)	(-11.779291175431334082,0)	(-68.241556299657702311,0)
1.4000000000000101252	2.0406140500425879899e-08	0
gamma = (10.302701024698118104,0)
(8.7172462899516047283e-40,0)	(-30.358221600391686934,0)	(-230.78224748770909969,0)
1.4400000000000099387	1.747145596083382177e-37	0
gamma = (0,-3.2309730343855349588)
(0,0)	(751.02016788297328276,1.4517094822518544445e-12)	(0,73.433096137487581245)
1.4800000000000099742	0	0
gamma = (0,-2.1707102882697197899)
(0,0)	(45499.472428700697492,3.8303878142969110902e-11)	(0,50.047903935977103629)
1.5200000000000100098	0	0
gamma = (0,-1.711821022284564453)
(0,0)	(38614441.84005523473,-2.7676260237552254859e-10)	(0,40.029961172348237142)
1.5600000000000100453	0	0
gamma = (0,-1.4366797610489847603)
(0,0)	(106737565734.96211243,0.0013652874580968089348)	(0,34.067959977420528617)
1.6000000000000100808	0	0
gamma = (0,-1.2463629190617950826)
(0,0)	(885416340594879.875,-1.5212079638129340711e-07)	(0,29.964440574250083671)
1.6400000000000101164	0	0
gamma = (0,-1.1035387351728929151)
(0,0)	(23839619776785293312,405460.14206050516805)	(0,26.893093643864187214)
1.6800000000000099298	0	0
gamma = (0,-0.99053556573803069885)
(0,0)	(2.3855547040686915442e+24,0)	(0,24.464194181079317758)
1.7200000000000099654	0	0
gamma = (0,-0.8977473361795361706)
(0,0)	(1.0544744109166758341e+30,22300398147870224)	(0,22.466688429799290816)
1.7600000000000100009	0	0
gamma = (0,-0.81943636728285884629)
(0,0)	(2.5371543529648407971e+36,-12987835932081210)	(0,20.775007254709898064)
1.8000000000000100364	0	0
gamma = (0,-0.75193201436588064102)
(0,0)	(4.2649452594187452137e+43,-456.10670838354428724)	(0,19.30914679604362405)
1.8400000000000100719	0	0
gamma = (0,-0.69275971790237789172)
(0,0)	(6.7470206877332939626e+51,-8.0342398632589059356e+28)	(0,18.0154036951803036)
1.8800000000000101075	0	0
gamma = (0,-0.64018083966209504698)
(0,0)	(1.4346929848796860074e+61,4.3156363277591521964e+47)	(0,16.856215630126108351)
1.920000000000009921	0	0
gamma = (0,-0.59293219549127529344)
(0,0)	(6.2936722398722103806e+71,2.0497117753481421918e+58)	(0,15.804421528797165664)
1.9600000000000099565	0	0
gamma = (0,-0.55007025758598837584)
(0,0)	(9.5570579953367126681e+83,4.5069891644472252586e+29)	(0,14.839834806471053241)
2.0000000000000102141	0	0
gamma = (0,-0.51087364873913299057)
(0,0)	(9.4243210684073799429e+97,0)	(0,13.947102803163684115)
2.0400000000000102496	0	0
gamma = (0,-0.47477976464248927702)
(0,0)	(1.3034192298363539953e+114,4.9750675604043736157e+45)	(0,13.114318100797564881)
2.0800000000000102851	0	0
gamma = (0,-0.44134223373398973056)
(0,0)	(6.5340009564764980362e+132,1.1577244020719743222e+96)	(0,12.332088216439990092)
2.1200000000000103206	0	0
gamma = (0,-0.41020156329391316286)
(0,0)	(3.8655120026308070202e+154,1.3341503887238648989e+114)	(0,11.592894914658948835)
2.1600000000000103562	0	0
gamma = (0,-0.38106439166080768866)
(0,0)	(1.1866611713613582422e+180,-2.8426226430845565004e+106)	(0,10.890642253871897438)
2.2000000000000103917	0	0
gamma = (0,-0.35368851065622247676)
(0,0)	(1.2342295385038728202e+210,6.078647627681211347e+70)	(0,10.220330978125405252)
2.2400000000000104272	0	0
gamma = (0,-0.32787184962921500642)
(0,0)	(4.8090830176415847426e+245,-2.8840522723694081565e+232)	(0,9.5778195199360016687)
2.2800000000000104627	0	0
gamma = (0,-0.30344423723269442483)
(0,0)	(1.5815593793141375858e+288,1.0268594720181883633e+275)	(0,8.959645636234332855)
2.3200000000000100542	0	0
gamma = (0,-0.28026114779036553903)
(0,0)	(inf,-nan)	(0,8.3628912961181161023)
2.3600000000000100897	-nan	-nan
gamma = (0,-0.25819888974716720398)
(0,0)	(inf,-nan)	(0,7.7850789497236654313)
2.4000000000000101252	-nan	-nan
gamma = (0,-0.23715085812628253215)
(0,0)	(inf,-nan)	(0,7.2240909118056366722)
2.4400000000000101608	-nan	-nan
gamma = (0,-0.21702458300931870561)
(0,0)	(inf,-nan)	(0,6.6781060127411535632)
2.4800000000000101963	-nan	-nan
gamma = (0,-0.19773938114218125861)
(0,0)	(inf,-nan)	(0,6.145549310165530521)
2.5200000000000102318	-nan	-nan
gamma = (0,-0.17922446984796824854)
(0,0)	(inf,-nan)	(0,5.6250517956058496694)
2.5600000000000102673	-nan	-nan
gamma = (0,-0.1614174391098711081)
(0,0)	(inf,-nan)	(0,5.1154178333539102042)
2.6000000000000103029	-nan	-nan
gamma = (0,-0.14426300389181448414)
(0,0)	(inf,-nan)	(0,4.6155986367101524692)
2.6400000000000103384	-nan	-nan
gamma = (0,-0.1277119777304812076)
(0,0)	(inf,-nan)	(0,4.1246705055131558382)
2.6800000000000103739	-nan	-nan
gamma = (0,-0.11172042252571977305)
(0,0)	(inf,-nan)	(0,3.6418168471283007825)
2.7200000000000104095	-nan	-nan
gamma = (0,-0.0962489397483478476)
(0,0)	(inf,-nan)	(0,3.1663132289297286626)
2.760000000000010445	-nan	-nan
gamma = (0,-0.081262075988353305034)
(0,0)	(inf,-nan)	(0,2.6975148778755126955)
2.8000000000000104805	-nan	-nan
gamma = (0,-0.06672782158953531606)
(0,0)	(inf,-nan)	(0,2.234846168650006959)
2.8400000000000100719	-nan	-nan
gamma = (0,-0.052617185558090306952)
(0,0)	(inf,-nan)	(0,1.7777917377113154895)
2.8800000000000101075	-nan	-nan
gamma = (0,-0.038903833349298568012)
(0,0)	(inf,-nan)	(0,1.3258889355467140536)
2.920000000000010143	-nan	-nan
gamma = (0,-0.025563776785827638932)
(0,0)	(inf,-nan)	(0,0.87872138633932139751)
2.9600000000000101785	-nan	-nan
gamma = (0,-0.012575107431086035223)
(0,0)	(inf,-nan)	(0,0.43591346845955952771)
3.0000000000000102141	-nan	-nan
gamma = (0,8.2233630260740092437e-05)
(-0,-0)	(inf,-nan)	(-0,-0.0028744345878652000255)
3.0400000000000102496	-nan	-nan
gamma = (0,0.012426655362385342213)
(-0,-0)	(inf,-nan)	(-0,-0.43795003645694013938)
3.0800000000000102851	-nan	-nan
gamma = (0,0.024475090428355706501)
(-0,-0)	(inf,-nan)	(-0,-0.8695927041378415101)
3.1200000000000103206	-nan	-nan
gamma = (0,0.036243146824785361926)
(-0,-0)	(inf,-nan)	(-0,-1.2980565514326798393)
3.1600000000000103562	-nan	-nan
gamma = (0,0.047745240740540921542)
(-0,-0)	(inf,-nan)	(-0,-1.7235731387522859048)
3.2000000000000103917	-nan	-nan
gamma = (0,0.058994713339615104108)
(-0,-0)	(inf,-nan)	(-0,-2.1463538366129992774)
3.2400000000000104272	-nan	-nan
gamma = (0,0.070003933728653114366)
(-0,-0)	(inf,-nan)	(-0,-2.5665919005554300725)
3.2800000000000104627	-nan	-nan
gamma = (0,0.080784390009557588419)
(-0,-0)	(inf,-nan)	(-0,-2.9844642984359102122)
3.3200000000000104983	-nan	-nan
gamma = (0,0.091346770021300663367)
(-0,-0)	(inf,-nan)	(-0,-3.4001333232407024987)
3.3600000000000100897	-nan	-nan
gamma = (0,0.10170103313017082869)
(-0,-0)	(inf,-nan)	(-0,-3.8137480205304488123)
3.4000000000000101252	-nan	-nan
gamma = (0,0.11185647422438933785)
(-0,-0)	(inf,-nan)	(-0,-4.2254454550821911596)
3.4400000000000101608	-nan	-nan
gamma = (0,0.12182178089960224443)
(-0,-0)	(inf,-nan)	(-0,-4.6353518371978452706)
3.4800000000000101963	-nan	-nan
gamma = (0,0.13160508467998208171)
(-0,-0)	(inf,-nan)	(-0,-5.043583526047893173)
3.5200000000000102318	-nan	-nan
gamma = (0,0.14121400700061467748)
(-0,-0)	(inf,-nan)	(-0,-5.4502479266844980899)
3.5600000000000102673	-nan	-nan
gamma = (0,0.15065570057648838831)
(-0,-0)	(inf,-nan)	(-0,-5.8554442919675508961)
3.6000000000000103029	-nan	-nan
gamma = (0,0.15993688669853473039)
(-0,-0)	(inf,-nan)	(-0,-6.2592644419880985041)
3.6400000000000103384	-nan	-nan
gamma = (0,0.16906388892514451205)
(-0,-0)	(inf,-nan)	(-0,-6.6617934100586246871)
3.6800000000000103739	-nan	-nan
gamma = (0,0.17804266357627768214)
(-0,-0)	(inf,-nan)	(-0,-7.063110024763028072)
3.7200000000000104095	-nan	-nan
gamma = (0,0.18687882738493721835)
(-0,-0)	(inf,-nan)	(-0,-7.4632874341389854322)
3.760000000000010445	-nan	-nan
gamma = (0,0.19557768261594565828)
(-0,-0)	(inf,-nan)	(-0,-7.8623935786371443868)
3.8000000000000104805	-nan	-nan
gamma = (0,0.20414423992346628078)
(-0,-0)	(inf,-nan)	(-0,-8.2604916198134858973)
3.8400000000000100719	-nan	-nan
gamma = (0,0.21258323918555163679)
(-0,-0)	(inf,-nan)	(-0,-8.6576403276025040157)
3.8800000000000101075	-nan	-nan
gamma = (0,0.22089916852537977432)
(-0,-0)	(inf,-nan)	(-0,-9.0538944331622257522)
3.920000000000010143	-nan	-nan
gamma = (0,0.22909628170405627046)
(-0,-0)	(inf,-nan)	(-0,-9.449304947000074506)
3.9600000000000101785	-nan	-nan
gamma = (0,0.23717861404835438588)
(-0,-0)	(inf,-nan)	(-0,-9.8439194511842256219)
4.00000000000000977	-nan	-nan
