3.252512368412194	2.99995	-0.00017882288308223817
3.253463860116367	3.0009815702381437	-0.00018241406780346368
3.25441535182054	3.002013087578219	-0.0001862111282067369
3.255366843524713	3.003044552074737	-0.00019023233831199385
3.2563183352288863	3.004075963782129	-0.0001944981926413724
3.2572698269330598	3.005107322754751	-0.0001990317541098529
3.258221318637233	3.0061386290468795	-0.00020385906944270563
3.259172810341406	3.0071698827127142	-0.00020900966792274003
3.260124302045579	3.0082010838063793	-0.00021451716364321427
3.261075793749752	3.0092322323819207	-0.00022041998722499776
3.262027285453925	3.0102633284933074	-0.00022676228067350875
3.2629787771580983	3.0112943721944325	-0.00023359499944797593
3.2639302688622713	3.012325363539112	-0.00024097727996900796
3.264881760566445	3.0133563025810854	-0.0002489781502711547
3.265833252270618	3.0143871893740166	-0.0002576786886400532
3.266784743974791	3.015418023971493	-0.0002671747733515341
3.267736235678964	3.0164488064270256	-0.0002775806213821409
3.268687727383137	3.017479536794051	-0.00028903339346057896
3.2696392190873103	3.018510215125928	-0.0003016992601645352
3.2705907107914833	3.0195408414759424	-0.0003157815000468695
3.2715422024956564	3.0205714158973023	-0.0003315314709747975
3.2724936941998295	3.0216019384431414	-0.000349263718509422
3.273445185904003	3.022632409166519	-0.0003693771637145355
3.274396677608176	3.023662828120418	-0.00039238542924972255
3.275348169312349	3.0246931953577474	-0.0004189612582485068
3.2762996610165223	3.025723510931341	-0.0004500033079418872
3.2772511527206953	3.0267537748939586	-0.0004867396721908244
3.2782026444248684	3.0277839872982852	-0.000530894073137148
3.2791541361290415	3.0288141481969313	-0.0005849639495425999
3.2801056278332146	3.0298442576424334	-0.0006527094486023625
3.281057119537388	3.030874315687255	-0.0007400669300748234
3.282008611241561	3.0319043223837827	-0.0008569896748193284
3.2829601029457343	3.032934277784332	-0.0010215373158412025
3.2839115946499073	3.0339641819411445	-0.0012702384537384439
3.2848630863540804	3.0349940349063877	-0.0016898096211797105
3.2858145780582535	3.036023836732156	-0.002548444874680194
3.2867660697624266	3.03705358747047	-0.005291473812597253
3.2877175614665997	3.0380832871732775	0.053846943993501206
3.2886690531707727	3.0391129358924536	0.0043405340079326156
3.2896205448749463	3.040142533679801	0.0022392094953148046
3.2905720365791193	3.041172080587048	0.0014985790268951782
3.2915235282832924	3.042201576665852	0.001120250513370612
3.2924750199874655	3.0432310219677974	0.0008906302175980896
3.2934265116916386	3.044260416544396	0.0007364468330441293
3.2943780033958117	3.045289760447087	0.000625774721756187
3.2953294950999847	3.0463190537272395	0.0005424761011444278
3.296280986804158	3.047348296436148	0.0004775155703584257
3.2972324785083313	3.0483774886250385	0.0004254401260242863
3.2981839702125044	3.0494066303450613	0.00038276381880282724
3.2991354619166775	3.050435721647298	0.0003471541583995966
3.3000869536208506	3.0514647625827584	0.0003169914804911039
3.3010384453250237	3.05249375320238	0.0002911159680735906
3.3019899370291967	3.05352269355703	0.0002686752697109577
3.30294142873337	3.054551583697505	0.00024902894605798465
3.303892920437543	3.0555804236745296	0.00023168646617904693
3.304844412141716	3.056609213538758	0.00021626577046452935
3.3057959038458895	3.057637953340775	0.00020246485816915362
3.3067473955500626	3.058666643131092	0.0001900418610720896
3.3076988872542357	3.059695282960153	0.00017880078644301738
3.3086503789584087	3.06072387287833	0.00016858113268396928
3.309601870662582	3.0617524129359257	0.0001592502035319199
3.310553362366755	3.0627809031831723	0.00015069733663834294
3.311504854070928	3.0638093436702323	0.00014282951239428127
3.312456345775101	3.064837734447199	0.00013556797265875506
3.3134078374792746	3.065866075564095	0.0001288455884206523
3.3143593291834477	3.0668943670708737	0.0001226047897513742
3.3153108208876207	3.06792260901742	0.00011679592273795139
3.316262312591794	3.068950801453548	0.00011137593405236064
3.317213804295967	3.069978944429004	0.00010630730940740593
3.31816529600014	3.0710070379934655	0.0001015572104862968
3.319116787704313	3.07203508219654	9.709676837916664e-05
3.320068279408486	3.073063077087766	9.290050137998096e-05
3.3210197711126592	3.074091022716615	8.894583233598567e-05
3.3219712628168327	3.0751189191324886	8.521268623976172e-05
3.322922754521006	3.07614676638472	8.168315291917347e-05
3.323874246225179	3.0771745645225757	7.83412028614329e-05
3.324825737929352	3.078202313595252	7.517244665598526e-05
3.325777229633525	3.079230013651878	7.216393043993634e-05
3.326728721337698	3.080257664741516	6.930396121250043e-05
3.3276802130418712	3.081285266913159	6.658197069754328e-05
3.3286317047460443	3.0823128202157317	6.398834108855211e-05
3.3295831964502174	3.0833403246980944	6.151435292804614e-05
3.330534688154391	3.084367780409037	5.9152053700426313e-05
3.331486179858564	3.0853951873972822	5.689418186214069e-05
3.332437671562737	3.0864225457114878	5.4734093720014064e-05
3.33338916326691	3.0874498554002416	5.2665699461291646e-05
3.3343406549710832	3.0884771165120677	5.068340704109017e-05
3.3352921466752563	3.08950432909542	4.878207282295198e-05
3.3362436383794294	3.0905314931986885	4.69569580371062e-05
3.3371951300836025	3.0915586088701947	4.520369028419255e-05
3.338146621787776	3.092585676158196	4.3518229405616586e-05
3.339098113491949	3.093612695110879	4.189683715268742e-05
3.340049605196122	3.0946396657763686	4.0336050170981086e-05
3.3410010969002952	3.0956665882027217	3.883265587484343e-05
3.3419525886044683	3.096693462437929	3.73836708572026e-05
3.3429040803086414	3.0977202885299158	3.598632152230667e-05
3.3438555720128145	3.098747066526542	3.463802667360488e-05
3.3448070637169875	3.0997737964756005	3.3336381824548915e-05
3.3457585554211606	3.10080047842482	3.207914503081126e-05
3.346710047125334	3.101827112421864	3.0864224068800835e-05
3.3476615388295072	3.1028536985143287	2.968966480790519e-05
3.3486130305336803	3.1038802367497462	2.8553640643453667e-05
3.3495645222378534	3.104906727175585	2.7454442874111135e-05
3.3505160139420265	3.105933169839246	2.639047192202705e-05
3.3514675056461996	3.106959564788068	2.5360229306534096e-05
3.3524189973503726	3.1079859120693225	2.436231029313727e-05
3.3533704890545457	3.1090122117302186	2.339539714897351e-05
3.3543219807587192	3.1100384638178995	2.2458252944134768e-05
3.3552734724628923	3.1110646683794436	2.15497158453564e-05
3.3562249641670654	3.1120908254618667	2.0668693854866147e-05
3.3571764558712385	3.1131169351121186	1.9814159952469757e-05
3.3581279475754116	3.114142997377087	1.898514760391831e-05
3.3590794392795846	3.115169012303594	1.8180746602393982e-05
3.3600309309837577	3.116194979938399	1.7400099214052768e-05
3.360982422687931	3.117220900328197	1.6642396600743922e-05
3.361933914392104	3.1182467735196195	1.5906875497765806e-05
3.3628854060962774	3.119272599559235	1.5192815124032705e-05
3.3638368978004505	3.120298378493547	1.4499534306475404e-05
3.3647883895046236	3.1213241103689984	1.3826388803670607e-05
3.3657398812087966	3.122349795231967	1.317276880914161e-05
3.3666913729129697	3.123375433128768	1.2538096624009997e-05
3.367642864617143	3.1244010241056537	1.1921824485158098e-05
3.368594356321316	3.125426568208814	1.1323432537500672e-05
3.369545848025489	3.126452065484375	1.0742426940004422e-05
3.3704973397296625	3.1274775159784016	1.0178338095933433e-05
3.3714488314338356	3.128502919736895	9.630718998601624e-06
3.3724003231380086	3.129528276805795	9.099143684632147e-06
3.3733518148421817	3.130553587230978	8.583205787360979e-06
3.374303306546355	3.131578851058259	8.082517183599628e-06
3.375254798250528	3.132604068333391	7.596706727477394e-06
3.376206289954701	3.1336292391020653	7.1254190655559065e-06
3.377157781658874	3.13465436340991	6.668313527848329e-06
3.378109273363047	3.1356794413024933	6.225063089644703e-06
3.3790607650672206	3.1367044728253206	5.795353399620078e-06
3.3800122567713937	3.1377294580238355	5.378881869678778e-06
3.380963748475567	3.138754396943421	4.975356822857042e-06
3.38191524017974	3.1397792896293986	4.584496693975743e-06
3.382866731883913	3.1408041361270285	4.206029283444069e-06
3.383818223588086	3.1418289364815095	3.8396910527734664e-06
3.384769715292259	3.14285369073798	3.4852264705861326e-06
3.385721206996432	3.1438783989415175	3.142387394129954e-06
3.3866726987006057	3.1449030611371387	2.8109324903154672e-06
3.387624190404779	3.1459276773697984	2.490626691999971e-06
3.388575682108952	3.1469522476843927	2.18124068654876e-06
3.389527173813125	3.1479767721257557	1.882550434370308e-06
3.390478665517298	3.1490012507386624	1.5943367149896696e-06
3.391430157221471	3.1500256835678266	1.316384698351348e-06
3.392381648925644	3.1510500706579028	1.0484835390619002e-06
3.3933331406298173	3.1520744120534845	7.904259913803818e-07
3.3942846323339904	3.1530987077991064	5.420080427507913e-07
3.395236124038164	3.1541229579392422	3.030285637475164e-07
3.396187615742337	3.1551471625183067	7.328897225638493e-08
3.39713910744651	3.156171321580654	-1.4740709029704318e-07
3.398090599150683	3.15719543517058	-3.5925407280360487e-07
3.399042090854856	3.1582195033323215	-5.624448208486614e-07
3.3999935825590293	3.1592435261100533	-7.571708777237469e-07
3.4009450742632024	3.160267503547894	-9.436227828129162e-07
3.4018965659673754	3.1612914356899022	-1.1219903695500155e-06
3.402848057671549	3.162315322580077	-1.292463066835581e-06
3.403799549375722	3.1633391642623576	-1.4552302051512295e-06
3.404751041079895	3.1643629607806263	-1.610481331849092e-06
3.405702532784068	3.165386712178706	-1.7583902359413126e-06
3.4066540244882413	3.166410418500361	-1.899163316251761e-06
3.4076055161924144	3.1674340797892975	-2.0329793698280766e-06
3.4085570078965874	3.168457696089162	-2.160023150616005e-06
3.4095084996007605	3.1694812674435435	-2.2804773092197366e-06
3.4104599913049336	3.1705047938959736	-2.3945216775375393e-06
3.411411483009107	3.171528275489925	-2.502332509121629e-06
3.41236297471328	3.172551712268812	-2.604081726059981e-06
3.4133144664174533	3.173575104275991	-2.6999362371960037e-06
3.4142659581216264	3.1745984515547616	-2.7900573981531194e-06
3.4152174498257994	3.175621754148365	-2.8746006726180616e-06
3.4161689415299725	3.176645012099985	-2.9537155686463957e-06
3.4171204332341456	3.177668225452748	-3.0275459047570127e-06
3.4180719249383187	3.178691394249723	-3.0962304646681172e-06
3.419023416642492	3.179714518533921	-3.159904099359236e-06
3.4199749083466653	3.180737598348296	-3.2186993157040177e-06
3.4209264000508384	3.1817606337357454	-3.272748422817533e-06
3.4218778917550114	3.1827836247391095	-3.3221862816398464e-06
3.4228293834591845	3.183806571401172	-3.3671537320840096e-06
3.4237808751633576	3.1848294737646583	-3.407801782440184e-06
3.4247323668675307	3.1858523318722387	-3.4442966711088227e-06
3.4256838585717038	3.1868751457665265	-3.4768259463892855e-06
3.426635350275877	3.187897915490078	-3.5056057582617534e-06
3.4275868419800504	3.1889206410853936	-3.530889623470641e-06
3.4285383336842234	3.1899433225949165	-3.5529790192726607e-06
3.4294898253883965	3.190965960061034	-3.5722362810048654e-06
3.4304413170925696	3.191988553526078	-3.589100464722607e-06
3.4313928087967427	3.1930111030323247	-3.604107074920613e-06
3.4323443005009158	3.194033608621992	-3.6179129109679687e-06
3.433295792205089	3.1950560703372437	-3.6313277893503923e-06
3.434247283909262	3.1960784882201883	-3.645355640179748e-06
3.4351987756134355	3.197100862312878	-3.6612485832204945e-06
3.4361502673176085	3.198123192657308	-3.6805792643239974e-06
3.4371017590217816	3.199145479295421	-3.705339338441932e-06
3.4380532507259547	3.200167722269101	-3.7380761393017705e-06
3.4390047424301278	3.2011899216201796	-3.782086326946658e-06
3.439956234134301	3.2022120773904317	-3.841696663013848e-06
3.440907725838474	3.203234189621577	-3.922681752728287e-06
3.441859217542647	3.2042562583552807	-4.032904036293412e-06
3.44281070924682	3.2052782836331537	-4.183327872230512e-06
3.4437622009509936	3.206300265496751	-4.3896908780392225e-06
3.4447136926551667	3.207322203987572	-4.675390271566392e-06
3.4456651843593398	3.2083440991470638	-5.076757373947002e-06
3.446616676063513	3.209365951016618	-5.653395038374742e-06
3.447568167767686	3.210387759637571	-6.5103284478199776e-06
3.448519659471859	3.2114095250512054	-7.851425880953743e-06
3.449471151176032	3.21243124729875	-1.0131436475804198e-05
3.450422642880205	3.213452926421379	-1.4613428409847233e-05
3.4513741345843787	3.2144745624602122	-2.6601534187887797e-05
3.4523256262885518	3.2154961554563153	-0.00013620219968832532
3.453277117992725	3.216517705450701	4.7164004318017526e-05
3.454228609696898	3.2175392124843274	2.1228896215504174e-05
3.455180101401071	3.2185606765981	1.4345193234478093e-05
3.456131593105244	3.2195820978328684	1.1277224884511526e-05
3.457083084809417	3.2206034762294315	9.619738798933855e-06
3.4580345765135903	3.2216248118285327	8.640646417337547e-06
3.4589860682177633	3.2226461046708623	8.041600256079298e-06
3.459937559921937	3.223667354797059	7.678147459132917e-06
3.46088905162611	3.224688562247706	7.471782381444511e-06
3.461840543330283	3.225709727063334	7.376121936683315e-06
3.462792035034456	3.2267308492844227	7.361960373725494e-06
3.463743526738629	3.2277519289513963	7.409955992603825e-06
3.4646950184428023	3.228772966104627	7.506759653631339e-06
3.4656465101469753	3.2297939607844355	7.642832869755345e-06
3.4665980018511484	3.230814913031088	7.811153638458494e-06
3.467549493555322	3.2318358228848	8.006415448276225e-06
3.468500985259495	3.232856690385732	8.224513360991876e-06
3.469452476963668	3.2338775155739947	8.462203944660955e-06
3.470403968667841	3.2348982984896457	8.7168741516024e-06
3.4713554603720143	3.2359190391726895	8.986380523684792e-06
3.4723069520761873	3.2369397376630795	9.26893499343161e-06
3.4732584437803604	3.2379603940007162	9.563022283744331e-06
3.4742099354845335	3.2389810082254495	9.867339174342856e-06
3.4751614271887066	3.240001580377076	1.018074918770951e-05
3.47611291889288	3.241022110495342	1.0502248328375784e-05
3.477064410597053	3.2420425986199404	1.083093886562623e-05
3.4780159023012263	3.2430630447905133	1.1166009050112527e-05
3.4789673940053993	3.244083449046652	1.1506717262757514e-05
3.4799188857095724	3.245103811427896	1.1852379512177719e-05
3.4808703774137455	3.246124131973732	1.2202359487843776e-05
3.4818218691179186	3.2471444107235974	1.2556060582604017e-05
3.4827733608220917	3.248164647716878	1.2912919446536008e-05
3.483724852526265	3.2491848429929084	1.3272400739766162e-05
3.4846763442304383	3.2502049965909707	1.3633992830397739e-05
3.4856278359346113	3.2512251085502992	1.3997204244320318e-05
3.4865793276387844	3.252245178910074	1.4361560714468014e-05
3.4875308193429575	3.2532652077094273	1.4726602711267655e-05
3.4884823110471306	3.2542851949874385	1.509188336076338e-05
3.4894338027513037	3.2553051407831384	1.5456966676287515e-05
3.4903852944554767	3.256325045135505	1.582142604412992e-05
3.49133678615965	3.2573449080834678	1.618484291590063e-05
3.4922882778638233	3.2583647296659057	1.6546805666400565e-05
3.4932397695679964	3.2593845099216465	1.690690859096612e-05
3.4941912612721695	3.260404248889468	1.7264751009462527e-05
3.4951427529763426	3.261423946608099	1.761993645978603e-05
3.4960942446805157	3.2624436031162176	1.7972071961748128e-05
3.4970457363846887	3.2634632184524515	1.832076733667059e-05
3.497997228088862	3.264482792655379	1.866563456939397e-05
3.498948719793035	3.2655023257635296	1.9006287202694258e-05
3.4999002114972084	3.266521817815382	1.934233975412074e-05
3.5008517032013815	3.2675412688493646	1.9673407147481704e-05
3.5018031949055546	3.2685606789038584	1.9999104152183307e-05
3.5027546866097277	3.2695800480171937	2.031904482292124e-05
3.5037061783139007	3.2705993762276515	2.063284193608279e-05
3.504657670018074	3.271618663573464	2.0940106413955595e-05
3.505609161722247	3.2726379100928136	2.124044673880592e-05
3.50656065342642	3.273657115823834	2.1533468341934182e-05
3.507512145130593	3.2746762808046106	2.1818772973200773e-05
3.5084636368347666	3.2756954050731792	2.2095958040224028e-05
3.5094151285389397	3.2767144886675257	2.2364615916136958e-05
3.5103666202431127	3.277733531625589	2.2624333208590554e-05
3.511318111947286	3.2787525339852586	2.2874689991151696e-05
3.512269603651459	3.2797714957843755	2.311525898274049e-05
3.513221095355632	3.2807904170607314	2.33456046827596e-05
3.514172587059805	3.2818092978520714	2.356528244495983e-05
3.515124078763978	3.28282813819609	2.37738374911351e-05
3.5160755704681517	3.283846938130436	2.397080385896411e-05
3.5170270621723247	3.284865697692707	2.4155703273484616e-05
3.517978553876498	3.285884416920455	2.4328043939020094e-05
3.518930045580671	3.2869030958511822	2.4487319243428735e-05
3.519881537284844	3.287921734522344	2.4633006365058738e-05
3.520833028989017	3.2889403329713476	2.4764564774256075e-05
3.52178452069319	3.2899588912355524	2.4881434620157573e-05
3.5227360123973632	3.29097740935227	2.4983034991346762e-05
3.5236875041015363	3.2919958873587643	2.5068762038589705e-05
3.52463899580571	3.293014325292252	2.513798694655265e-05
3.525590487509883	3.294032723189901	2.5190053739884458e-05
3.526541979214056	3.2950510810888343	2.5224276907629508e-05
3.527493470918229	3.2960693990261243	2.5239938828014604e-05
3.528444962622402	3.2970876770387996	2.5236286973655675e-05
3.5293964543265752	3.298105915163839	2.521253087537679e-05
3.5303479460307483	3.2991241134381752	2.5167838819559688e-05
3.5312994377349214	3.3001422718986944	2.5101334251310165e-05
3.532250929439095	3.3011603905822344	2.501209185425568e-05
3.533202421143268	3.302178469525588	2.4899133270490587e-05
3.534153912847441	3.303196508765499	2.4761422420954704e-05
3.535105404551614	3.3042145083386663	2.459786039021974e-05
3.5360568962557872	3.3052324682817416	2.440727981602387e-05
3.5370083879599603	3.3062503886313297	2.4188438737177864e-05
3.5379598796641334	3.30726826942399	2.3940013834543077e-05
3.5389113713683065	3.3082861106962334	2.3660592995814433e-05
3.5398628630724795	3.3093039124845265	2.3348667125014838e-05
3.540814354776653	3.3103216748252895	2.3002621107253853e-05
3.541765846480826	3.311339397754894	2.2620723826876926e-05
3.5427173381849992	3.3123570813096688	2.220111712346655e-05
3.5436688298891723	3.313374725525895	2.1741803553873507e-05
3.5446203215933454	3.314392330439807	2.124063280986229e-05
3.5455718132975185	3.3154098960875946	2.0695286619169653e-05
3.5465233050016916	3.316427422505402	2.010326193300905e-05
3.5474747967058646	3.3174449097293266	1.9461852173305895e-05
3.548426288410038	3.3184623577954206	1.8768126278625036e-05
3.5493777801142112	3.3194797667396903	1.801890524951208e-05
3.5503292718183843	3.320497136598097	1.7210735843254947e-05
3.5512807635225574	3.3215144674065566	1.6339861017629177e-05
3.5522322552267305	3.322531759200939	1.5402186653723157e-05
3.5531837469309036	3.3235490120170694	1.4393244014026849e-05
3.5541352386350766	3.3245662258907274	1.330814729894736e-05
3.5550867303392497	3.325583400857648	1.2141545556247643e-05
3.556038222043423	3.3266005369535203	1.0887568069341776e-05
3.5569897137475963	3.32761763421399	9.539762194093516e-06
3.5579412054517694	3.3286346926746546	8.09102242774483e-06
3.5588926971559425	3.3296517123710703	6.53350926892327e-06
3.5598441888601156	3.330668693338747	4.858556156011774e-06
3.5607956805642886	3.33168563561315	3.0565624415196065e-06
3.5617471722684617	3.3327025392296994	1.1168699583107331e-06
3.562698663972635	3.3337194042237717	-9.723797575770187e-07
3.563650155676808	3.3347362306306985	-3.2244111272755832e-06
3.5646016473809814	3.3357530184857676	-5.654007354093365e-06
3.5655531390851545	3.33676976782422	-8.277735621505905e-06
3.5665046307893276	3.3377864786812563	-1.1114211016924504e-05
3.5674561224935006	3.3388031510920295	-1.4184406971917007e-05
3.5684076141976737	3.3398197850916502	-1.7512021817826155e-05
3.569359105901847	3.3408363807151846	-2.1123913337287102e-05
3.57031059760602	3.341852937997655	-2.5050616097523868e-05
3.571262089310193	3.3428694569740394	-2.9326960063713435e-05
3.572213581014366	3.343885937679272	-3.399281377133902e-05
3.5731650727185396	3.3449023801482443	-3.909398152522977e-05
3.5741165644227126	3.345918784415802	-4.468329216524963e-05
3.5750680561268857	3.346935150516749	-5.082192754511265e-05
3.576019547831059	3.347951478485845	-5.7581052913077636e-05
3.576971039535232	3.3489677683578054	-6.504383011664885e-05
3.577922531239405	3.3499840201673043	-7.330791977729789e-05
3.578874022943578	3.35100023394897	-8.248861285061458e-05
3.579825514647751	3.3520164097373892	-9.272277898345781e-05
3.5807770063519246	3.3530325475671057	-0.00010417388422968171
3.5817284980560977	3.354048647472617	-0.00011703842198220653
3.582679989760271	3.3550647094883814	-0.0001315542304558988
3.583631481464444	3.356080733648812	-0.00014801135602051383
3.584582973168617	3.3570967199882795	-0.00016676639247618853
3.58553446487279	3.3581126685411116	-0.0001882616265455971
3.586485956576963	3.3591285793415944	-0.00021305092080948704
3.587437448281136	3.3601444524239685	-0.00024183518360666018
3.5883889399853093	3.361160287822435	-0.00027551170554494775
3.589340431689483	3.3621760855711504	-0.0003152439163276292
3.590291923393656	3.363191845704229	-0.0003625618153577713
3.591243415097829	3.364207568255743	-0.000419509503235027
3.592194906802002	3.365223253259722	-0.0004888668373032585
3.593146398506175	3.366238900750153	-0.0005744910032578086
3.594097890210348	3.367254510760982	-0.0006818582432716077
3.5950493819145213	3.3682700833261108	-0.0008189518153587489
3.5960008736186944	3.3692856184794002	-0.0009977740473755318
3.596952365322868	3.3703011162546703	-0.0012370387601033242
3.597903857027041	3.371316576685696	-0.0015672269519496611
3.598855348731214	3.372331999806213	-0.0020407099403288347
3.599806840435387	3.3733473856499137	-0.0027536953258220104
3.60075833213956	3.3743627342504494	-0.003898864574459234
3.6017098238437333	3.3753780456414297	-0.0059096740794323775
3.6026613155479064	3.3763933198564224	-0.009937071986097144
3.6036128072520794	3.377408556928953	-0.01994139418247804
3.6045642989562525	3.378423756892507	-0.0579489786758369
3.605515790660426	3.3794389197805277	-0.6443128514937999
3.606467282364599	3.3804540456264154	-0.36978034430183615
3.607418774068772	3.3814691344635315	-0.04887757655146924
3.6083702657729453	3.382484186325195	-0.018304330573494704
3.6093217574771184	3.3834992012446845	-0.009514601875423818
3.6102732491812914	3.384514179255236	-0.00582044045761216
3.6112247408854645	3.385529120390045	-0.0039254402111695025
3.6121762325896376	3.3865440246822676	-0.0028250798709654433
3.613127724293811	3.387558892165017	-0.002129560153439792
3.614079215997984	3.3885737228713655	-0.0016618960538314275
3.6150307077021573	3.3895885168343463	-0.001332280131512614
3.6159821994063304	3.39060327408695	-0.0010911892288457113
3.6169336911105034	3.391617994662128	-0.0009094886419153676
3.6178851828146765	3.39263267859279	-0.0007691258266307997
3.6188366745188496	3.3936473259118056	-0.0006584289171225684
3.6197881662230227	3.394661936652004	-0.0005695784417649315
3.6207396579271958	3.3956765108461746	-0.0004971754469236054
3.6216911496313693	3.396691048527065	-0.0004373943725709561
3.6226426413355424	3.397705549727383	-0.0003874628100010544
3.6235941330397154	3.398720014479797	-0.00034533151306155737
3.6245456247438885	3.399734442816934	-0.00030945908848536616
3.6254971164480616	3.400748834771382	-0.00027866796655659054
3.6264486081522347	3.4017631903756884	-0.000252045896196243
3.6274000998564078	3.402777509662361	-0.00022887722660528483
3.628351591560581	3.403791792663867	-0.0002085941053808941
3.6293030832647544	3.404806039412635	-0.00019074125651799686
3.6302545749689275	3.405820249941052	-0.0001749501833645293
3.6312060666731005	3.4068344242814663	-0.00016092001933149902
3.6321575583772736	3.4078485624661874	-0.00014840313728472837
3.6331090500814467	3.4088626645274833	-0.0001371942118803222
3.6340605417856198	3.4098767304975843	-0.0001271218189141207
3.635012033489793	3.41089076040868	-0.00011804192038891004
3.635963525193966	3.4119047542929204	-0.00010983276631163798
3.636915016898139	3.412918712182418	-0.00010239087153963365
3.637866508602312	3.4139326341092433	-9.562781601935954e-05
3.6388180003064856	3.414946520105431	-8.946768117633531e-05
3.6397694920106587	3.415960370202973	-8.384498181072882e-05
3.6407209837148318	3.4169741844338235	-7.870298690912234e-05
3.641672475419005	3.4179879628298995	-7.399234791372869e-05
3.642623967123178	3.4190017054230757	-6.966997170348733e-05
3.643575458827351	3.420015412245191	-6.569808959605469e-05
3.644526950531524	3.4210290833280435	-6.20434843195142e-05
3.6454784422356976	3.422042718703393	-5.867684502020509e-05
3.6464299339398707	3.4230563184029608	-5.557222660965353e-05
3.6473814256440438	3.424069882458429	-5.270659457920265e-05
3.648332917348217	3.4250834109014416	-5.0059440167877166e-05
3.64928440905239	3.4260969037636038	-4.761245371302957e-05
3.650235900756563	3.427110361076483	-4.534924633295173e-05
3.651187392460736	3.4281237828716065	-4.325511192991853e-05
3.652138884164909	3.4291371691804646	-4.13168229646916e-05
3.6530903758690823	3.4301505200345095	-3.952245463197858e-05
3.6540418675732553	3.431163835465154	-3.786123300205069e-05
3.654993359277429	3.432177115503774	-3.632340346494716e-05
3.655944850981602	3.4331903601817055	-3.4900116428729404e-05
3.656896342685775	3.4342035695302484	-3.358332773007266e-05
3.657847834389948	3.4352167435806633	-3.236571162929021e-05
3.658799326094121	3.436229882364173	-3.1240584603647425e-05
3.6597508177982943	3.4372429859119626	-3.0201838429862665e-05
3.6607023095024673	3.4382560542551803	-2.9243881284124945e-05
3.661653801206641	3.4392690874249348	-2.8361585777634645e-05
3.662605292910814	3.440282085452298	-2.7550243009880006e-05
3.663556784614987	3.441295048368304	-2.680552185246231e-05
3.66450827631916	3.442307976203949	-2.6123432797208073e-05
3.665459768023333	3.4433208689901917	-2.55002957866679e-05
3.6664112597275063	3.4443337267579546	-2.493271153825346e-05
3.6673627514316793	3.4453465495381215	-2.4417535930238563e-05
3.6683142431358524	3.446359337361539	-2.3951857082346557e-05
3.6692657348400255	3.4473720902590155	-2.353297481219023e-05
3.6702172265441986	3.4483848082613244	-2.3158382189122456e-05
3.671168718248372	3.4493974913992007	-2.2825748943524222e-05
3.672120209952545	3.4504101397033407	-2.253290652062058e-05
3.6730717016567183	3.451422753204406	-2.2277834595984896e-05
3.6740231933608913	3.4524353319330205	-2.2058648890539118e-05
3.6749746850650644	3.45344787591977	-2.187359014437106e-05
3.6759261767692375	3.454460385195205	-2.1721014121367464e-05
3.6768776684734106	3.4554728597898388	-2.1599382544370348e-05
3.677829160177584	3.456485299734147	-2.1507254851863485e-05
3.678780651881757	3.4574977050585685	-2.1443280700103587e-05
3.6797321435859303	3.4585100757935066	-2.1406193131371794e-05
3.6806836352901033	3.4595224119693277	-2.1394802342106266e-05
3.6816351269942764	3.4605347136163602	-2.1407989990137076e-05
3.6825866186984495	3.461546980764898	-2.1444703991340232e-05
3.6835381104026226	3.4625592134451977	-2.1503953754051404e-05
3.6844896021067957	3.4635714116874787	-2.1584805812527953e-05
3.6854410938109687	3.464583575521926	-2.1686379820496908e-05
3.686392585515142	3.4655957049786856	-2.1807844871353965e-05
3.6873440772193153	3.466607800087871	-2.194841611485926e-05
3.6882955689234884	3.4676198608795543	-2.2107351643249563e-05
3.6892470606276615	3.468631887383777	-2.2283949622532698e-05
3.6901985523318346	3.4696438796305404	-2.2477545647041054e-05
3.6911500440360077	3.470655837649813	-2.2687510297426122e-05
3.6921015357401807	3.471667761471524	-2.2913246884849142e-05
3.693053027444354	3.4726796511255698	-2.3154189364394054e-05
3.6940045191485273	3.4736915066418095	-2.3409800404470593e-05
3.6949560108527004	3.4747033280500657	-2.367956959781355e-05
3.6959075025568735	3.475715115380127	-2.3963011803179047e-05
3.6968589942610466	3.4767268686617445	-2.4259665606423215e-05
3.6978104859652197	3.477738587924635	-2.4569091891413764e-05
3.6987619776693927	3.47875027319848	-2.4890872511824604e-05
3.699713469373566	3.4797619245129243	-2.5224609055724516e-05
3.700664961077739	3.480773541897577	-2.5569921695816815e-05
3.701616452781912	3.481785125382014	-2.592644811743769e-05
3.702567944486085	3.4827966749957735	-2.6293842521113823e-05
3.7035194361902586	3.48380819076836	-2.667177469062025e-05
3.7044709278944317	3.484819672729241	-2.705992912179516e-05
3.7054224195986047	3.4858311209078505	-2.7458004212687925e-05
3.706373911302778	3.4868425353335866	-2.786571150235037e-05
3.707325403006951	3.487853916035813	-2.828277496083699e-05
3.708276894711124	3.4888652630438566	-2.8708930324197938e-05
3.709228386415297	3.489876576387012	-2.914392447160898e-05
3.7101798781194706	3.490887856094537	-2.9587514841599935e-05
3.7111313698236437	3.4918991021956542	-3.0039468884578748e-05
3.7120828615278167	3.4929103147195533	-3.0499563549112114e-05
3.71303435323199	3.4939214936953866	-3.096758480056397e-05
3.713985844936163	3.494932639152275	-3.1443327163884956e-05
3.714937336640336	3.495943751119302	-3.192659330374446e-05
3.715888828344509	3.4969548296255173	-3.241719362053532e-05
3.716840320048682	3.4979658746999367	-3.2914945871245135e-05
3.7177918117528552	3.4989768863715405	-3.3419674819148646e-05
3.7187433034570283	3.4999878646692753	-3.3931211896182496e-05
3.719694795161202	3.500998809622054	-3.44493948884927e-05
3.720646286865375	3.5020097212587524	-3.4974067639118936e-05
3.721597778569548	3.503020599608215	-3.5505079767492e-05
3.722549270273721	3.50403144469925	-3.604228640460609e-05
3.723500761977894	3.505042256560634	-3.658554794296959e-05
3.7244522536820672	3.506053035221106	-3.713472980002708e-05
3.7254037453862403	3.507063780709374	-3.768970219508414e-05
3.726355237090414	3.508074493054111	-3.8250339937739214e-05
3.727306728794587	3.509085172283954	-3.8816522227971e-05
3.72825822049876	3.510095818427509	-3.938813246682813e-05
3.729209712202933	3.5111064315133467	-3.996505807712764e-05
3.730161203907106	3.512117011570004	-4.05471903335656e-05
3.7311126956112792	3.5131275586259845	-4.113442420166917e-05
3.7320641873154523	3.5141380727097578	-4.172665818507018e-05
3.7330156790196254	3.5151485538497598	-4.232379418063405e-05
3.7339671707237985	3.516159002074393	-4.292573734083718e-05
3.7349186624279715	3.517169417412026	-4.3532395943331333e-05
3.735870154132145	3.5181797998909947	-4.414368126681e-05
3.736821645836318	3.5191901495396	-4.4759507473201376e-05
3.7377731375404912	3.5202004663861106	-4.5379791495471805e-05
3.7387246292446643	3.5212107504587613	-4.600445293129646e-05
3.7396761209488374	3.5222210017857547	-4.663341394153779e-05
3.7406276126530105	3.5232312203952585	-4.7266599153808996e-05
3.7415791043571835	3.5242414063154084	-4.7903935570632554e-05
3.742530596061357	3.5252515595743064	-4.8545352481967154e-05
3.74348208776553	3.526261680200021	-4.919078138200558e-05
3.7444335794697032	3.5272717682205887	-4.984015588922874e-05
3.7453850711738763	3.528281823664012	-5.049341167149101e-05
3.7463365628780494	3.529291846558261	-5.11504863732791e-05
3.7472880545822225	3.530301836931273	-5.181131954702985e-05
3.7482395462863956	3.531311794810952	-5.2475852587329866e-05
3.7491910379905686	3.5323217202251693	-5.314402866778076e-05
3.7501425296947417	3.5333316132017636	-5.38157926820044e-05
3.751094021398915	3.5343414737685412	-5.449109118568726e-05
3.7520455131030883	3.535351301953275	-5.5169872342102416e-05
3.7529970048072614	3.536361097783706	-5.585208586985313e-05
3.7539484965114345	3.5373708612875414	-5.653768299291714e-05
3.7548999882156076	3.5383805924924574	-5.7226616393180946e-05
3.7558514799197806	3.5393902914260966	-5.7918840163518214e-05
3.7568029716239537	3.54039995811607	-5.861430976607674e-05
3.757754463328127	3.5414095925899565	-5.9312981988600085e-05
3.7587059550323003	3.5424191948753014	-6.001481490558965e-05
3.7596574467364734	3.5434287649996183	-6.0719767839349434e-05
3.7606089384406465	3.544438302990389	-6.142780132342657e-05
3.7615604301448196	3.5454478088750627	-6.213887706741923e-05
3.7625119218489926	3.5464572826810565	-6.28529579232751e-05
3.7634634135531657	3.5474667244357554	-6.357000785332462e-05
3.764414905257339	3.548476134166513	-6.428999189794572e-05
3.765366396961512	3.54948551190065	-6.501287614794514e-05
3.766317888665685	3.550494857665456	-6.57386277149191e-05
3.767269380369858	3.5515041714881876	-6.646721470445167e-05
3.7682208720740316	3.5525134533960707	-6.719860618708453e-05
3.7691723637782046	3.553522703416299	-6.79327721785788e-05
3.7701238554823777	3.5545319215760336	-6.866968361180523e-05
3.771075347186551	3.555541107902406	-6.940931231544206e-05
3.772026838890724	3.5565502624225136	-7.015163098860423e-05
3.772978330594897	3.5575593851634237	-7.089661318427162e-05
3.77392982229907	3.558568476152172	-7.164423328561342e-05
3.7748813140032436	3.5595775354157633	-7.239446648712828e-05
3.7758328057074166	3.5605865629811677	-7.314728877692507e-05
3.7767842974115897	3.5615955588753274	-7.390267691386747e-05
3.777735789115763	3.562604523125153	-7.466060841727357e-05
3.778687280819936	3.563613455757521	-7.542106154539646e-05
3.779638772524109	3.5646223567992803	-7.618401528054799e-05
3.780590264228282	3.5656312262772456	-7.694944931450586e-05
3.781541755932455	3.566640064218202	-7.771734403023837e-05
3.782493247636628	3.5676488706489025	-7.848768049283428e-05
3.7834447393408013	3.56865764559607	-7.926044043232274e-05
3.784396231044975	3.569666389086396	-8.00356062313882e-05
3.785347722749148	3.570675101146541	-8.081316091273309e-05
3.786299214453321	3.571683781803134	-8.159308812692769e-05
3.787250706157494	3.572692431082774	-8.2375372140748e-05
3.788202197861667	3.5737010490120276	-8.315999782596864e-05
3.78915368956584	3.5747096356174333	-8.394695064866244e-05
3.7901051812700133	3.575718190925496	-8.473621665862867e-05
3.791056672974187	3.5767267149626925	-8.552778247983159e-05
3.79200816467836	3.577735207755466	-8.632163530063542e-05
3.792959656382533	3.578743669330231	-8.711776286472653e-05
3.793911148086706	3.5797520997133714	-8.791615346236753e-05
3.794862639790879	3.58076049893124	-8.871679592189153e-05
3.795814131495052	3.581768867010159	-8.951967960309409e-05
3.7967656231992253	3.5827772039764216	-9.032479438412011e-05
3.7977171149033984	3.583785509856288	-9.113213066203743e-05
3.7986686066075714	3.5847937846759903	-9.19416793404135e-05
3.7996200983117445	3.5858020284617296	-9.27534318238571e-05
3.800571590015918	3.5868102412396765	-9.356738001152109e-05
3.801523081720091	3.587818423035971	-9.43835162908799e-05
3.802474573424264	3.5888265738767235	-9.520183353179166e-05
3.8034260651284373	3.589834693788015	-9.602232508082106e-05
3.8043775568326104	3.5908427827958946	-9.684498475582423e-05
3.8053290485367834	3.5918508409263827	-9.766980684078571e-05
3.8062805402409565	3.59285886820547	-9.849678608089994e-05
3.80723203194513	3.593866864659116	-9.932591767882475e-05
3.808183523649303	3.594874830313251	-0.00010015719728647668
3.809135015353476	3.595882765193775	-0.0001009906210066116
3.8100865070576493	3.5968906693265588	-0.0001018261853844356
3.8110379987618224	3.5978985427374433	-0.00010266388740567102
3.8119894904659954	3.5989063854522394	-0.00010350372449236839
3.8129409821701685	3.5999141974967284	-0.0001043456944996818
3.8138924738743416	3.6009219788966615	-0.00010518979571291427
3.8148439655785147	3.6019297296777615	-0.00010603602684363891
3.8157954572826878	3.60293744986572	-0.00010688438702825764
3.8167469489868613	3.6039451394862017	-0.00010773487582449214
3.8176984406910344	3.604952798564838	-0.00010858749320918329
3.8186499323952074	3.605960427127234	-0.0001094422395760789
3.8196014240993805	3.6069680251989644	-0.00011029911573366589
3.8205529158035536	3.6079755928055746	-0.00011115812290341301
3.8215044075077267	3.6089831299725805	-0.00011201926271796526
3.8224558992118998	3.6099906367254686	-0.0001128825372217765
3.8234073909160733	3.6109981130896975	-0.00011374794886099904
3.8243588826202464	3.6120055590906945	-0.00011461550049532818
3.8253103743244194	3.6130129747538593	-0.00011548519538821733
3.8262618660285925	3.614020360104562	-0.00011635703720813522
3.8272133577327656	3.6150277151681443	-0.00011723103002781138
3.8281648494369387	3.6160350399699173	-0.00011810717832362457
3.8291163411411118	3.6170423345351654	-0.00011898548697515126
3.830067832845285	3.618049598889142	-0.00011986596126749027
3.831019324549458	3.6190568330570727	-0.00012074860688055429
3.831970816253631	3.620064037064154	-0.00012163342990495596
3.8329223079578045	3.621071210935555	-0.00012252043683150907
3.8338737996619776	3.622078354696413	-0.00012340963455418345
3.8348252913661507	3.6230854683718388	-0.0001243010303705372
3.8357767830703238	3.624092551986914	-0.00012519463198391628
3.836728274774497	3.6250996055666924	-0.00012609044749763208
3.83767976647867	3.6261066291361983	-0.0001269884854256879
3.838631258182843	3.627113622720427	-0.0001278887546871698
3.8395827498870165	3.6281205863443464	-0.00012879126460905215
3.8405342415911896	3.629127520032896	-0.0001296960249274922
3.8414857332953627	3.630134423810985	-0.00013060304578926948
3.8424372249995358	3.631141297703497	-0.0001315123377559943
3.843388716703709	3.632148141735285	-0.00013242391179510858
3.844340208407882	3.6331549559311753	-0.00013333777929794895
3.845291700112055	3.6341617403159647	-0.0001342539520708819
3.846243191816228	3.6351684949144225	-0.00013517244234018038
3.847194683520401	3.63617521975129	-0.00013609326275431413
3.8481461752245743	3.6371819148512796	-0.00013701642638640343
3.8490976669287478	3.638188580239077	-0.0001379419467367343
3.850049158632921	3.639195215939338	-0.00013886983773558556
3.851000650337094	3.6402018219766914	-0.00013980011374604357
3.851952142041267	3.641208398375738	-0.0001407327895670454
3.85290363374544	3.6422149451610513	-0.00014166788043655585
3.853855125449613	3.6432214623571753	-0.0001426054020383208
3.8548066171537863	3.644227949988628	-0.0001435453704915809
3.8557581088579598	3.645234408079899	-0.0001444878023764945
3.856709600562133	3.646240836655449	-0.00014543271471995913
3.857661092266306	3.647247235739712	-0.0001463801250091566
3.858612583970479	3.6482536053570946	-0.0001473300511916013
3.859564075674652	3.649259945531975	-0.000148282511680439
3.860515567378825	3.6502662562887047	-0.00014923752536136588
3.8614670590829983	3.6512725376516064	-0.00015019511158729574
3.8624185507871713	3.6522787896449764	-0.00015115529019814572
3.8633700424913444	3.6532850122930833	-0.00015211808151573505
3.8643215341955175	3.6542912056201677	-0.0001530835063514473
3.865273025899691	3.655297369650444	-0.00015405158601153812
3.866224517603864	3.6563035044080974	-0.00015502234230262734
3.867176009308037	3.657309609917287	-0.00015599579753738002
3.8681275010122103	3.658315686202145	-0.0001569719745403621
3.8690789927163833	3.6593217332867747	-0.00015795089665416454
3.8700304844205564	3.6603277511952546	-0.0001589325877454082
3.8709819761247295	3.6613337399516337	-0.00015991707221155405
3.871933467828903	3.662339699579936	-0.0001609043749873137
3.872884959533076	3.6633456301041565	-0.0001618945215515642
3.873836451237249	3.6643515315482635	-0.00016288753793441835
3.8747879429414223	3.6653574039362002	-0.0001638834507245086
3.8757394346455953	3.6663632472918803	-0.0001648822870764809
3.8766909263497684	3.667369061639192	-0.00016588407471872859
3.8776424180539415	3.6683748470019966	-0.00016688884196134008
3.8785939097581146	3.6693806034041274	-0.00016789661770428823
3.8795454014622877	3.670386330869393	-0.0001689074314458574
3.8804968931664607	3.671392029421573	-0.00016992131329143323
3.881448384870634	3.6723976990844216	-0.00017093829396193784
3.8823998765748073	3.6734033398816663	-0.0001719584048037357
3.8833513682789804	3.674408951837007	-0.000172981677797587
3.8843028599831535	3.6754145349741174	-0.00017400814556846653
3.8852543516873266	3.6764200893166454	-0.00017503784139554814
3.8862058433914997	3.6774256148882114	-0.00017607079922246643
3.8871573350956727	3.6784311117124098	-0.0001771070536680364
3.8881088267998463	3.679436579812809	-0.0001781466400363886
3.8890603185040193	3.680442019212949	-0.0001791895943291816
3.8900118102081924	3.681447429936345	-0.00018023595325634457
3.8909633019123655	3.6824528120064866	-0.00018128575424802105
3.8919147936165386	3.6834581654468357	-0.0001823390354666754
3.8928662853207117	3.6844634902808275	-0.00018339583581951772
3.8938177770248847	3.685468786531873	-0.00018445619497128602
3.894769268729058	3.6864740542233556	-0.00018552015335736684
3.895720760433231	3.687479293378632	-0.0001865877521972913
3.896672252137404	3.6884845040210337	-0.00018765903350858833
3.897623743841577	3.689489686173866	-0.00018873404012103087
3.8985752355457506	3.690494839860409	-0.00018981281569127421
3.8995267272499237	3.691499965103915	-0.00019089540471786838
3.9004782189540967	3.6925050619276103	-0.00019198185255673962
3.90142971065827	3.693510130354697	-0.00019307220543731668
3.902381202362443	3.694515170408351	-0.00019416651047805833
3.903332694066616	3.695520182111721	-0.00019526481570364987
3.9042841857707895	3.6965251654879316	-0.00019636717006294178
3.9052356774749626	3.6975301205600792	-0.00019747362344570813
3.9061871691791357	3.6985350473512364	-0.00019858422670114562
3.9071386608833087	3.6995399458844496	-0.00019969903165655977
3.908090152587482	3.7005448161827403	-0.00020081809113657695
3.909041644291655	3.7015496582691023	-0.00020194145898288606
3.909993135995828	3.7025544721665056	-0.00020306919007481567
3.910944627700001	3.7035592578978944	-0.00020420134034905446
3.911896119404174	3.7045640154861865	-0.00020533796682280605
3.9128476111083472	3.705568744954275	-0.0002064791276146791
3.9137991028125203	3.7065734463250273	-0.00020762488196800135
3.914750594516694	3.707578119621286	-0.0002087752902726549
3.915702086220867	3.708582764865866	-0.0002099304140912249
3.91665357792504	3.7095873820815597	-0.00021109031618215954
3.917605069629213	3.710591971291133	-0.0002122550605254805
3.918556561333386	3.7115965325173255	-0.00021342471234878373
3.9195080530375592	3.7126010657828536	-0.00021459933815409657
3.9204595447417327	3.7136055711104077	-0.0002157790057453862
3.921411036445906	3.7146100485226516	-0.0002169637842569197
3.922362528150079	3.7156144980422257	-0.00021815374418242302
3.923314019854252	3.716618919691745	-0.0002193489574050874
3.924265511558425	3.7176233134937986	-0.00022054949722843318
3.925217003262598	3.7186276794709516	-0.00022175543840926882
3.9261684949667712	3.7196320176457434	-0.00022296685718562197
3.9271199866709443	3.7206363280406887	-0.00022418383131756246
3.9280714783751174	3.7216406106782776	-0.00022540644011703235
3.9290229700792905	3.7226448655809747	-0.00022663476448472238
3.9299744617834635	3.7236490927712196	-0.0002278688869467767
3.930925953487637	3.7246532922714284	-0.00022910889169259813
3.93187744519181	3.725657464103991	-0.00023035486461377944
3.9328289368959832	3.726661608291272	-0.00023160689334420035
3.9337804286001563	3.727665724855614	-0.0002328650673013274
3.9347319203043294	3.728669813819333	-0.00023412947772875623
3.9356834120085025	3.72967387520472	-0.00023540021774005085
3.936634903712676	3.730677909034042	-0.0002366773823639135
3.937586395416849	3.731681915329542	-0.00023796106859072245
3.938537887121022	3.7326858941134367	-0.00023925137542052185
3.9394893788251952	3.733689845407921	-0.00024054840391246645
3.9404408705293683	3.7346937692351627	-0.0002418522572358095
3.9413923622335414	3.735697665617307	-0.00024316304072247126
3.9423438539377145	3.736701534576474	-0.0002444808619224847
3.9432953456418876	3.7377053761347585	-0.0002458058306549601
3.9442468373460606	3.7387091903142324	-0.00024713805907320313
3.9451983290502337	3.7397129771369433	-0.00024847766171924015
3.946149820754407	3.740716736624913	-0.0002498247555864487
3.9471013124585803	3.7417204688001413	-0.00025117946018291817
3.9480528041627534	3.7427241736846013	-0.0002525418975968605
3.9490042958669265	3.743727851300244	-0.0002539121925640305
3.9499557875710996	3.744731501668995	-0.00025529047253752997
3.9509072792752726	3.745735124812757	-0.00025667686776333694
3.9518587709794457	3.7467387207534073	-0.0002580715113428113
3.9528102626836192	3.7477422895128	-0.00025947453932024253
3.9537617543877923	3.7487458311127653	-0.0002608860907642981
3.9547132460919654	3.749749345575108	-0.0002623063078424017
3.9556647377961385	3.7507528329216115	-0.000263735335908217
3.9566162295003116	3.7517562931740334	-0.00026517332358918014
3.9575677212044846	3.752759726354108	-0.0002666204228769785
3.9585192129086577	3.7537631324835457	-0.0002680767892210985
3.959470704612831	3.754766511584033	-0.0002695425816255756
3.960422196317004	3.755769863677233	-0.0002710179627515752
3.961373688021177	3.756773188784785	-0.0002725030990108005
3.96232517972535	3.7577764869283046	-0.0002739981606878398
3.9632766714295236	3.7587797581293834	-0.0002755033220408126
3.9642281631336966	3.759783002409589	-0.0002770187614186637
3.9651796548378697	3.760786219790467	-0.0002785446613799593
3.966131146542043	3.7617894102935376	-0.0002800812088158763
3.967082638246216	3.7627925739402985	-0.00028162859507868573
3.968034129950389	3.7637957107522246	-0.0002831870161093364
3.9689856216545625	3.764798820750766	-0.00028475667258076164
3.9699371133587356	3.7658019039573487	-0.0002863377700387365
3.9708886050629086	3.7668049603933773	-0.00028793051903547854
3.9718400967670817	3.767807990080233	-0.0002895351353035489
3.972791588471255	3.7688109930392715	-0.00029115183989923655
3.973743080175428	3.769813969291827	-0.00029278085936995283
3.974694571879601	3.77081691885921	-0.00029442242592409766
3.975646063583774	3.7718198417627082	-0.00029607677760733534
3.976597555287947	3.772822738023585	-0.0002977441584855229
3.97754904699212	3.773825607663081	-0.0002994248188346284
3.9785005386962933	3.7748284507024152	-0.0003011190153379119
3.979452030400467	3.775831267162782	-0.0003028270112935464
3.98040352210464	3.7768340570653516	-0.0003045490768159814
3.981355013808813	3.777836820431274	-0.0003062854890741388
3.982306505512986	3.7788395572816733	-0.0003080365325096682
3.983257997217159	3.7798422676376533	-0.000309802499078661
3.984209488921332	3.780844951520293	-0.00031158368849998694
3.9851609806255057	3.7818476089506494	-0.00031338040851358986
3.986112472329679	3.782850239949756	-0.0003151929751499346
3.987063964033852	3.783852844538624	-0.00031702171300667954
3.988015455738025	3.784855422738241	-0.00031886695554419
3.988966947442198	3.785857974569573	-0.00032072904538560875
3.989918439146371	3.7868605000535625	-0.0003226083346333076
3.990869930850544	3.787862999211129	-0.00032450518519722284
3.9918214225547173	3.7888654720631703	-0.0003264199691381043
3.9927729142588904	3.78986791863056	-0.00032835306902415323
3.9937244059630634	3.790870338934151	-0.0003303048752414877
3.9946758976672365	3.791872732994772	-0.00033227579660389845
3.99562738937141	3.792875100833231	-0.00033426624736397544
3.996578881075583	3.7938774424703103	-0.0003362766555320727
3.997530372779756	3.7948797579267723	-0.00033830746150196743
3.9984818644839293	3.7958820472233565	-0.00034035911847969766
3.9994333561881024	3.79688431038078	-0.00034243209292970434
4.000384847892276	3.797886547419737	-0.00034452686504047594
4.001336339596449	3.798888758360899	-0.0003466439292118627
4.002287831300622	3.799890943224916	-0.0003487837945658909
4.003239323004795	3.800893102032415	-0.0003509469854825142
4.004190814708968	3.8018952348040016	-0.00035313404216315134
4.005142306413141	3.802897341560258	-0.0003553455212242254
4.006093798117314	3.803899422321746	-0.00035758199632205317
4.007045289821487	3.804901477109003	-0.000359844058813669
4.0079967815256605	3.805903505942545	-0.0003621323184488437
4.008948273229834	3.806905508842867	-0.00036444740411122376
4.009899764934007	3.80790748583044	-0.0003667899645905347
4.01085125663818	3.808909436925715	-0.0003691606694035143
4.011802748342353	3.8099113621491196	-0.0003715602096598262
4.012754240046526	3.810913261521059	-0.000373989298976458
4.013705731750699	3.8119151350619176	-0.0003764486744431137
4.014657223454872	3.812916982792057	-0.00037893909764120535
4.015608715159046	3.813918804731819	-0.000381461355719182
4.016560206863219	3.8149206009015195	-0.0003840162625269958
4.017511698567392	3.815922371321455	-0.0003866046598127993
4.018463190271565	3.8169241160119007	-0.0003892274184849678
4.019414681975738	3.8179258349931087	-0.0003918854399429232
4.0203661736799114	3.818927528285311	-0.0003945796574803925
4.0213176653840845	3.8199291959087156	-0.0003973110377649974
4.022269157088258	3.8209308378835107	-0.0004000805823990431
4.023220648792431	3.821932454229861	-0.00040288932956237335
4.024172140496604	3.822934044967912	-0.0004057383557514446
4.025123632200777	3.8239356101177853	-0.00040862877760760674
4.02607512390495	3.8249371496995814	-0.0004115617538496641
4.027026615609123	3.825938663733381	-0.00041453848731338007
4.027978107313296	3.8269401522392408	-0.0004175602271048389
4.028929599017469	3.8279416152371977	-0.0004206282708759906
4.029881090721643	3.828943052747267	-0.0004237439672281745
4.030832582425816	3.829944464789441	-0.0004269087182590346
4.031784074129989	3.830945851383692	-0.00043012398224720255
4.032735565834162	3.83194721254997	-0.0004333912765045598
4.0336870575383355	3.8329485483082055	-0.0004367121803931232
4.0346385492425085	3.833949858678305	-0.00044008833851975763
4.035590040946682	3.8349511436801564	-0.0004435214641325992
4.036541532650855	3.835952403333625	-0.0004470133427174069
4.037493024355028	3.8369536376585542	-0.00045056583582113853
4.038444516059201	3.837954846674767	-0.0004541808851146421
4.039396007763374	3.8389560304020653	-0.0004578605167133532
4.040347499467547	3.83995718886023	-0.0004616068457757548
4.04129899117172	3.8409583220690204	-0.00046542208140107414
4.042250482875893	3.8419594300481745	-0.0004693085318495978
4.043201974580066	3.8429605128174096	-0.00047326861011113695
4.044153466284239	3.8439615703964223	-0.00047730483984949747
4.045104957988412	3.844962602804888	-0.00048141986175336243
4.0460564496925855	3.8459636100624603	-0.0004856164403267886
4.047007941396759	3.846964592188773	-0.0004898974711558862
4.0479594331009325	3.847965549203439	-0.0004942659886911841
4.048910924805106	3.848966481126049	-0.0004987251745897988
4.049862416509279	3.8499673879761733	-0.0005032783666651044
4.050813908213452	3.8509682697733623	-0.0005079290684964087
4.051765399917625	3.8519691265371447	-0.0005126809597570709
4.052716891621798	3.852969958287029	-0.0005175379073245702
4.053668383325971	3.8539707650425026	-0.0005225039772428187
4.054619875030144	3.854971546823032	-0.0005275834476145524
4.055571366734317	3.8559723036480644	-0.0005327808225094829
4.05652285843849	3.8569730355370235	-0.0005381008469832276
4.057474350142663	3.8579737425093152	-0.0005435485233122571
4.058425841846836	3.858974424584323	-0.0005491291285614141
4.0593773335510095	3.8599750817814105	-0.0005548482336140972
4.060328825255183	3.8609757141199212	-0.0005607117238088615
4.061280316959356	3.861976321619177	-0.0005667258213436109
4.06223180866353	3.8629769042984807	-0.000572897109626589
4.063183300367703	3.8639774621771124	-0.0005792325597746581
4.064134792071876	3.864977995274334	-0.000585739559483308
4.065086283776049	3.8659785036093863	-0.0005924259445199028
4.066037775480222	3.866978987201489	-0.0005993000331226904
4.066989267184395	3.8679794460698425	-0.0006063706636234149
4.067940758888568	3.8689798802336255	-0.0006136472356515723
4.068892250592741	3.869980289711999	-0.0006211397553248205
4.069843742296914	3.8709806745240996	-0.0006288588848825423
4.070795234001087	3.871981034689048	-0.0006368159972810069
4.07174672570526	3.8729813702259417	-0.000645023236338651
4.0726982174094335	3.8739816811538588	-0.0006534935831013181
4.073649709113607	3.8749819674918586	-0.0006622409291899363
4.07460120081778	3.8759822292589776	-0.0006712801580046324
4.075552692521953	3.876982466474235	-0.0006806272347837762
4.076504184226126	3.877982679156627	-0.0006902993066656268
4.077455675930299	3.878982867325133	-0.000700314814074509
4.078407167634472	3.8799830309987104	-0.0007106936149451738
4.079358659338645	3.880983170196296	-0.0007214571235768621
4.080310151042819	3.8819832849368088	-0.0007326284661144413
4.081261642746992	3.8829833752391445	-0.0007442326550793249
4.082213134451165	3.8839834411221825	-0.0007562967856988953
4.083164626155338	3.88498348260478	-0.0007688502572880026
4.084116117859511	3.885983499705776	-0.0007819250234860349
4.085067609563684	3.886983492443987	-0.0007955558758707069
4.0860191012678575	3.8879834608382136	-0.0008097807661672987
4.086970592972031	3.8889834049072327	-0.0008246411734516967
4.087922084676204	3.889983324669804	-0.000840182523751849
4.088873576380377	3.890983220144666	-0.0008564546710249355
4.08982506808455	3.8919830913505384	-0.0008735124502384728
4.090776559788723	3.892982938306121	-0.0008914163154891511
4.091728051492896	3.893982761030094	-0.0009102330788146167
4.092679543197069	3.894982559541117	-0.0009300367687359478
4.093631034901242	3.8959823338578317	-0.0009509096317966597
4.094582526605416	3.89698208399886	-0.0009729433056785212
4.095534018309589	3.897981809982801	-0.0009962401991939894
4.096485510013762	3.8989815118282385	-0.0010209151230077835
4.097437001717935	3.899981189553735	-0.0010470972258941442
4.098388493422108	3.9009808431778334	-0.001074932305471391
4.0993399851262815	3.901980472719058	-0.0011045855807195145
4.100291476830455	3.9029800781959123	-0.0011362450376638435
4.101242968534628	3.9039796596268825	-0.0011701254913912172
4.102194460238801	3.9049792170304327	-0.0012064735499585852
4.103145951942974	3.905978750425009	-0.0012455737227940599
4.104097443647147	3.9069782598290397	-0.0012877559937523593
4.10504893535132	3.907977745260931	-0.0013334052855816826
4.106000427055493	3.9089772067390713	-0.0013829733910107845
4.106951918759666	3.909976644281831	-0.0014369941541060322
4.107903410463839	3.910976057907558	-0.0014961029846301279
4.108854902168012	3.9119754476345845	-0.0015610622198165452
4.109806393872185	3.9129748134812212	-0.001632794485418971
4.1107578855763585	3.9139741554657608	-0.001712427162853903
4.1117093772805315	3.914973473606476	-0.0018013525293235683
4.1126608689847055	3.9159727679216227	-0.0019013104180201877
4.113612360688879	3.9169720384294333	-0.0020145038916739863
4.114563852393052	3.917971285148125	-0.0021437644086328357
4.115515344097225	3.9189705080958954	-0.0022927930847709216
4.116466835801398	3.919969707290922	-0.002466522354692369
4.117418327505571	3.9209688827513633	-0.0026716744899732345
4.118369819209744	3.9219680344953605	-0.0029176544572725696
4.119321310913917	3.9229671625410343	-0.0032180364938555186
4.12027280261809	3.923966266906487	-0.003593162410121941
4.121224294322263	3.924965347609803	-0.004074959695888048
4.122175786026436	3.9259644046690454	-0.004716559286426173
4.123127277730609	3.926963438102261	-0.0056134016644305
4.1240787694347825	3.9279624479274764	-0.006955820649756282
4.1250302611389555	3.9289614341627006	-0.009185992564530284
4.125981752843129	3.9299603968259222	-0.01362036602407839
4.126933244547303	3.9309593359351136	-0.026722494056044495
4.127884736251476	3.9319582515082248	-1.1761529147451695
4.128836227955649	3.9329571435631907	0.027538115929124703
4.129787719659822	3.933956012117926	0.01349742096599743
4.130739211363995	3.934954857190326	0.008889310912950085
4.131690703068168	3.93595367879827	0.006598325300506202
4.132642194772341	3.9369524769596156	0.00522774612610961
4.133593686476514	3.9379512516922044	0.004315593016836497
4.134545178180687	3.938950003013858	0.0036647467705722635
4.13549666988486	3.93994873094238	0.003176932588377297
4.136448161589033	3.9409474354955556	0.0027976654397050818
4.1373996532932065	3.941946116691151	0.002494304576981877
4.1383511449973795	3.9429447745469153	0.002246103445709876
4.139302636701553	3.943943409080578	0.0020392442240151974
4.140254128405726	3.9449420203098495	0.0018641681844349476
4.141205620109899	3.945940608252424	0.0017140520736819895
4.142157111814072	3.946939172925977	0.001583894878537283
4.143108603518245	3.9479377143481638	0.0014699475467734669
4.144060095222418	3.948936232536623	0.0013693442574636621
4.145011586926592	3.9499347275089756	0.0012798567551541259
4.145963078630765	3.950933199282822	0.0011997263561260075
4.146914570334938	3.951931647875746	0.001127546408527974
4.147866062039111	3.9529300733053128	0.0010621783696980573
4.148817553743284	3.9539284755890707	0.0010026907926355885
4.149769045447457	3.954926854744548	0.0009483142418203507
4.1507205371516305	3.9559252107892564	0.0008984074873603995
4.1516720288558036	3.956923543740688	0.0008524318160736957
4.152623520559977	3.9579218536163188	0.0008099312716098927
4.15357501226415	3.958920140433605	0.0007705172844031743
4.154526503968323	3.959918404209985	0.0007338565922137721
4.155477995672496	3.9609166449628814	0.0006996616552778113
4.156429487376669	3.9619148627096954	0.0006676829822317107
4.157380979080842	3.962913057467812	0.0006377029334037896
4.158332470785015	3.9639112292545997	0.0006095306760469836
4.159283962489189	3.9649093780874076	0.0005829980444199371
4.160235454193362	3.965907503983565	0.0005579561151442598
4.161186945897535	3.9669056069603874	0.0005342723504785995
4.162138437601708	3.9679036870351694	0.0005118281937636619
4.163089929305881	3.9689017442251893	0.0004905170244855004
4.1640414210100545	3.9698997785477075	0.0004702423975845141
4.164992912714228	3.970897790019966	0.0004509165035709012
4.165944404418401	3.971895778659189	0.0004324587948450065
4.166895896122574	3.972893744482584	0.0004147947265752958
4.167847387826747	3.9738916875073405	0.00039785456208670075
4.16879887953092	3.97488960775063	0.00038157218749065245
4.169750371235093	3.975887505229606	0.00036588386975591584
4.170701862939266	3.976885379961405	0.0003507268721159442
4.171653354643439	3.977883231963146	0.0003360378053174492
4.172604846347612	3.9788810612519296	0.000321750532325078
4.173556338051785	3.9798788678448407	0.00030779333822474644
4.174507829755958	3.9808766517589445	0.0002940848883545231
4.175459321460131	3.9818744130112895	0.00028052814939079
4.1764108131643045	3.982872151618908	0.00026700077691684914
4.1773623048684785	3.9838698675988136	0.0002533391096212952
4.178313796572652	3.9848675609680013	0.00023930996185019703
4.179265288276825	3.9858652317434506	0.00022455752244853426
4.180216779980998	3.9868628799421235	0.00020849499953732247
4.181168271685171	3.987860505580964	0.00019005947073209216
4.182119763389344	3.9888581086768986	0.00016707422641939822
4.183071255093517	3.989855689246837	0.00013421770086772638
4.18402274679769	3.990853247307672	7.4009866690749e-05
4.184974238501863	3.991850782876278	-0.00012477668791582202
4.185925730206036	3.992848295969513	0.0011723196347068151
4.186877221910209	3.9938457866042167	0.000389568947905882
4.187828713614382	3.9948432547972135	0.0002944586566004686
4.188780205318555	3.9958407005653096	0.0002533773224683393
4.1897316970227285	3.996838123925293	0.00022836690788352243
4.190683188726902	3.997835524893936	0.00021035569430736314
4.191634680431076	3.9988329034879952	0.00019606748700962622
4.192586172135249	3.999830259724205	0.00018402768897184986
4.193537663839422	4.000827593619287	0.00017347232156258064
4.194489155543595	4.001824905189946	0.0001639643159062952
4.195440647247768	4.002822194452868	0.0001552343050922758
4.196392138951941	4.003819461424722	0.00014710622331720087
4.197343630656114	4.004816706122161	0.0001394593989187028
4.198295122360287	4.00581392856182	0.0001322077328232915
4.19924661406446	4.006811128760319	0.00012528765745866067
4.200198105768633	4.007808306734258	0.00011865081944509889
4.201149597472806	4.008805462500223	0.00011225945625177488
4.202101089176979	4.009802596074782	0.0001060833742946483
4.2030525808811525	4.010799707474486	0.0001000979146405602
4.204004072585326	4.011796796715869	9.428254745509949e-05
4.204955564289499	4.012793863815449	8.861987800073279e-05
4.205907055993672	4.013790908789726	8.309492869001352e-05
4.206858547697845	4.014787931655186	7.769461035149041e-05
4.207810039402018	4.015784932428294	7.240732569704247e-05
4.208761531106191	4.016781911125501	6.722266674107633e-05
4.209713022810365	4.0177788677632424	6.213117999998529e-05
4.210664514514538	4.018775802357934	5.7124181224933e-05
4.211616006218711	4.019772714925976	5.219360676796115e-05
4.212567497922884	4.020769605483753	4.733189224164993e-05
4.213518989627057	4.021766474047632	4.253187169046206e-05
4.21447048133123	4.022763320633964	3.778669220736281e-05
4.2154219730354034	4.023760145259083	3.308974018022591e-05
4.2163734647395765	4.024756947939307	2.8434576235828956e-05
4.21732495644375	4.025753728690936	2.3814876584207618e-05
4.218276448147923	4.026750487530256	1.9224378923012506e-05
4.219227939852096	4.027747224473535	1.465683138812452e-05
4.220179431556269	4.028743939537024	1.0105943262387719e-05
4.221130923260442	4.029740632736957	5.565336313074285e-06
4.222082414964615	4.0307373040895556	1.0284957212526085e-06
4.223033906668788	4.03173395361102	-3.5112803873784364e-06
4.223985398372962	4.032730581317539	-8.060933793891292e-06
4.224936890077135	4.033727187225279	-1.2627702440173254e-05
4.225888381781308	4.034723771350394	-1.7219181175294533e-05
4.226839873485481	4.035720333709023	-2.1843388202066078e-05
4.227791365189654	4.0367168743172845	-2.650883858165613e-05
4.2287428568938275	4.037713393191284	-3.122462636503706e-05
4.2296943485980005	4.038709890347111	-3.6000517184803875e-05
4.230645840302174	4.039706365800835	-4.0847053481061326e-05
4.231597332006347	4.040702819568514	-4.577567496314328e-05
4.23254882371052	4.041699251666186	-5.079885745752767e-05
4.233500315414693	4.0426956621098755	-5.593027395729842e-05
4.234451807118866	4.04369205091559	-6.118496655255519e-05
4.235403298823039	4.044688418099321	-6.657960986686746e-05
4.236354790527212	4.045684763677042	-7.213271783319032e-05
4.237306282231385	4.046681087664713	-7.786498052013134e-05
4.238257773935558	4.047677390078277	-8.379962573702867e-05
4.239209265639731	4.0486736709336615	-8.996286174851034e-05
4.240160757343904	4.049669930246777	-9.638441369950359e-05
4.2411122490480775	4.050666168033518	-0.00010309817812655633
4.2420637407522515	4.051662384309765	-0.00011014302729653883
4.2430152324564245	4.0526585790913785	-0.0001175638051217748
4.243966724160598	4.053654752394207	-0.0001254125700816346
4.244918215864771	4.054650904234081	-0.0001337501596024219
4.245869707568944	4.0556470346268165	-0.00014264817705857496
4.246821199273117	4.056643143588213	-0.00015219154062138108
4.24777269097729	4.057639231134053	-0.00016248178820249784
4.248724182681463	4.058635297280105	-0.0001736414135239863
4.249675674385636	4.059631342042121	-0.00018581962904695712
4.250627166089809	4.060627365435837	-0.00019920013526106186
4.251578657793982	4.061623367476972	-0.0002140117615279408
4.252530149498155	4.062619348181233	-0.00023054329822726465
4.253481641202328	4.063615307564307	-0.0002491645820289209
4.2544331329065015	4.064611245641868	-0.0002703571430629678
4.2553846246106755	4.065607162429573	-0.00029475988745969423
4.2563361163148485	4.066603057943063	-0.00032323918847623425
4.257287608019022	4.067598932197965	-0.0003570000905655804
4.258239099723195	4.068594785209889	-0.0003977698114848978
4.259190591427368	4.069590616994431	-0.0004481150467605666
4.260142083131541	4.07058642756717	-0.000512022649713386
4.261093574835714	4.071582216943667	-0.0005960396869290167
4.262045066539887	4.072577985139474	-0.0007117217726907021
4.26299655824406	4.073573732170121	-0.0008815554597826408
4.263948049948233	4.074569458051125	-0.0011558871379479954
4.264899541652406	4.07556516279799	-0.0016754315239778275
4.265851033356579	4.0765608464262	-0.0030390759553910094
4.266802525060752	4.077556508951227	-0.01633025277080568
4.2677540167649255	4.078552150388525	0.004830721195973558
4.268705508469099	4.079547770753534	0.0021003954819058075
4.269657000173272	4.080543370061679	0.0013396967322752292
4.270608491877445	4.081538948328369	0.0009819333649278852
4.271559983581618	4.082534505568997	0.000773783462510384
4.272511475285791	4.083530041798942	0.0006374917934636821
4.273462966989964	4.084525557033567	0.0005412336328929805
4.274414458694137	4.08552105128822	0.0004695642102022304
4.27536595039831	4.086516524578232	0.0004140816878373543
4.276317442102484	4.087511976918922	0.00036982334757829023
4.277268933806657	4.088507408325591	0.00033366919021909577
4.27822042551083	4.089502818813526	0.0003035592287342852
4.279171917215003	4.090498208397998	0.00027807849388929623
4.280123408919176	4.091493577094264	0.00025622284573012755
4.2810749006233495	4.092488924917564	0.00023725990976559966
4.282026392327523	4.093484251883127	0.00022064291788815357
4.282977884031696	4.094479558006161	0.00020595537295830531
4.283929375735869	4.095474843301862	0.000192874395958357
4.284880867440042	4.096470107785413	0.00018114578888180907
4.285832359144215	4.0974653514719765	0.00017056666546200937
4.286783850848388	4.0984605743767055	0.0001609730993729399
4.287735342552562	4.099455776514736	0.00015223117667226987
4.288686834256735	4.100450957901186	0.00014423040601270162
4.289638325960908	4.101446118551164	0.00013687879231856243
4.290589817665081	4.102441258479758	0.000130099103855811
4.291541309369254	4.103436377702044	0.0001238260085404676
4.292492801073427	4.104431476233085	0.00011800385219288873
4.2934442927776	4.1054265540879245	0.00011258491692881298
4.2943957844817735	4.106421611281595	0.00010752804286021466
4.295347276185947	4.107416647829111	0.00010279752767394223
4.29629876789012	4.108411663745476	9.83622408713298e-05
4.297250259594293	4.109406659045673	9.419490536563912e-05
4.298201751298466	4.110401633744676	9.027151068284943e-05
4.299153243002639	4.111396587857441	8.657083048203577e-05
4.300104734706812	4.11239152139891	8.307402338616532e-05
4.301056226410985	4.113386434384011	7.976430081689027e-05
4.302007718115158	4.1143813268276554	7.662664907177167e-05
4.302959209819331	4.11537619874474	7.364759558565194e-05
4.303910701523504	4.11637105015015	7.081501139614524e-05
4.304862193227677	4.117365881058752	6.81179434344896e-05
4.3058136849318505	4.1183606914854005	6.55464715179897e-05
4.3067651766360235	4.119355481444934	6.309158590031823e-05
4.307716668340197	4.1203502509521766	6.074508201272517e-05
4.308668160044371	4.12134500002194	5.849946964162322e-05
4.309619651748544	4.122339728669017	5.6347894284068464e-05
4.310571143452717	4.123334436908189	5.428406881699024e-05
4.31152263515689	4.124329124754221	5.230221392859805e-05
4.312474126861063	4.125323792221865	5.039700603317631e-05
4.313425618565236	4.126318439325859	4.856353158785447e-05
4.314377110269409	4.127313066080925	4.6797246910651246e-05
4.315328601973582	4.128307672501769	4.509394274233485e-05
4.316280093677755	4.1293022586030865	4.3449712893803347e-05
4.317231585381928	4.130296824399557	4.186092647233139e-05
4.318183077086101	4.131291369905843	4.032420317147385e-05
4.3191345687902745	4.1322858951365955	3.883639126735712e-05
4.320086060494448	4.133280400106451	3.739454796685945e-05
4.3210375521986215	4.13427488483003	3.599592181860911e-05
4.321989043902795	4.1352693493219395	3.4637936937761595e-05
4.322940535606968	4.136263793596772	3.33181788231454e-05
4.323892027311141	4.137258217669107	3.203438158750313e-05
4.324843519015314	4.138252621553506	3.078441643096805e-05
4.325795010719487	4.139247005264521	2.9566281216333987e-05
4.32674650242366	4.140241368816688	2.8378091028757284e-05
4.327697994127833	4.141235712224526	2.721806960577121e-05
4.328649485832006	4.142230035502543	2.608454154606239e-05
4.329600977536179	4.143224338665231	2.4975925212712085e-05
4.330552469240352	4.14421862172707	2.3890726258847498e-05
4.331503960944525	4.145212884702524	2.2827531711576695e-05
4.3324554526486985	4.146207127606042	2.178500455542137e-05
4.3334069443528715	4.147201350452061	2.076187876721941e-05
4.334358436057045	4.148195553255002	1.9756954756764282e-05
4.335309927761218	4.149189736029275	1.8769095174235236e-05
4.336261419465391	4.150183898789271	1.779722104829609e-05
4.337212911169564	4.151178041549371	1.684030822444439e-05
4.338164402873737	4.1521721643239395	1.5897384075661836e-05
4.33911589457791	4.153166267127331	1.4967524458958727e-05
4.340067386282083	4.154160349973878	1.4049850900709224e-05
4.341018877986257	4.155154412877909	1.3143527971866585e-05
4.34197036969043	4.156148455853731	1.2247760876980895e-05
4.342921861394603	4.15714247891564	1.1361793186662603e-05
4.343873353098776	4.158136482077916	1.048490473953779e-05
4.344824844802949	4.1591304653548296	9.616409683698118e-06
4.3457763365071225	4.160124428760631	8.755654649127764e-06
4.3467278282112956	4.161118372309564	7.902017040678625e-06
4.347679319915469	4.1621122960158505	7.054903440273842e-06
4.348630811619642	4.163106199893705	6.213748112201673e-06
4.349582303323815	4.164100083957326	5.378011601152244e-06
4.350533795027988	4.165093948220896	4.547179416601632e-06
4.351485286732161	4.166087792698587	3.7207607973252988e-06
4.352436778436335	4.1670816174045555	2.8982875495839397e-06
4.353388270140508	4.168075422352944	2.0793129536564434e-06
4.354339761844681	4.1690692075578815	1.263410733701153e-06
4.355291253548854	4.170062973033483	4.501740867159298e-07
4.356242745253027	4.171056718793852	-3.607852347468387e-07
4.3571942369572	4.172050444853075	-1.1698377883237771e-06
4.358145728661373	4.173044151225227	-1.977337260341868e-06
4.3590972203655465	4.174037837924368	-2.783621241123313e-06
4.36004871206972	4.175031504964546	-3.5890119578124502e-06
4.361000203773893	4.176025152359793	-4.3938169704835174e-06
4.361951695478066	4.17701878012413	-5.19832983125774e-06
4.362903187182239	4.178012388271562	-6.002830710928686e-06
4.363854678886412	4.179005976816081	-6.807586993350778e-06
4.364806170590585	4.179999545771667	-7.612853840868039e-06
4.365757662294758	4.180993095152286	-8.41887473197107e-06
4.366709153998931	4.181986624971889	-9.22588197629402e-06
4.367660645703104	4.182980135244413	-1.0034097198566095e-05
4.368612137407277	4.183973625983783	-1.0843731806722772e-05
4.36956362911145	4.184967097203911	-1.165498743561923e-05
4.370515120815623	4.185960548918696	-1.2468056371384289e-05
4.3714666125197965	4.18695398114202	-1.328312195618274e-05
4.37241810422397	4.187947393887755	-1.4100358976491049e-05
4.373369595928144	4.188940787169758	-1.4919934034059023e-05
4.374321087632317	4.189934161001874	-1.5742005901472114e-05
4.37527257933649	4.190927515397932	-1.6566725863032404e-05
4.376224071040663	4.19192085037175	-1.7394238041901687e-05
4.377175562744836	4.192914165937132	-1.8224679714353907e-05
4.378127054449009	4.193907462107868	-1.90581816120136e-05
4.379078546153182	4.1949007388977355	-1.9894868212704045e-05
4.380030037857355	4.195893996320499	-2.0734858020990542e-05
4.380981529561528	4.196887234389908	-2.157826383863346e-05
4.381933021265701	4.1978804531197005	-2.2425193026877342e-05
4.382884512969874	4.1988736525236	-2.3275747759085523e-05
4.383836004674047	4.199866832615317	-2.413002526741774e-05
4.3847874963782205	4.20085999340855	-2.4988118081733104e-05
4.3857389880823945	4.201853134916985	-2.5850114263235475e-05
4.386690479786568	4.202846257154288	-2.6716097632562028e-05
4.387641971490741	4.203839360134121	-2.758614799421598e-05
4.388593463194914	4.204832443870128	-2.8460341357660002e-05
4.389544954899087	4.2058255083759395	-2.933875015612569e-05
4.39049644660326	4.206818553665175	-3.022144346524845e-05
4.391447938307433	4.20781157975144	-3.110848722173496e-05
4.392399430011606	4.208804586648326	-3.1999944444746716e-05
4.393350921715779	4.2097975743694125	-3.289587546121901e-05
4.394302413419952	4.210790542928266	-3.379633813743664e-05
4.395253905124125	4.211783492338439	-3.470138812101773e-05
4.396205396828298	4.212776422613472	-3.5611079094481136e-05
4.397156888532471	4.213769333766892	-3.6525463046184756e-05
4.3981083802366445	4.214762225812211	-3.744459056261411e-05
4.399059871940818	4.215755098762933	-3.836851114986849e-05
4.400011363644991	4.216747952632544	-3.9297273592911774e-05
4.400962855349164	4.21774078743452	-4.023092635990745e-05
4.401914347053337	4.218733603182323	-4.116951807009986e-05
4.40286583875751	4.219726399889402	-4.211309803953104e-05
4.403817330461683	4.220719177569193	-4.3061716930374144e-05
4.404768822165856	4.2217119362351205	-4.4015427535008574e-05
4.40572031387003	4.222704675900594	-4.4974285737995324e-05
4.406671805574203	4.22369739657901	-4.593835171495751e-05
4.407623297278376	4.224690098283756	-4.6907691450210155e-05
4.408574788982549	4.225682781028201	-4.78823786884177e-05
4.409526280686722	4.226675444825706	-4.886249748533504e-05
4.4104777723908954	4.227668089689617	-4.984814559759926e-05
4.4114292640950685	4.228660715633268	-5.083943906783957e-05
4.412380755799242	4.229653322669979	-5.183651854431584e-05
4.413332247503415	4.230645910813058	-5.283955817063828e-05
4.414283739207588	4.2316384800758	-5.38487783752777e-05
4.415235230911761	4.232631030471488	-5.486446473680283e-05
4.416186722615934	4.233623562013393	-5.58869966091531e-05
4.417138214320107	4.23461607471477	-5.691689198540329e-05
4.418089706024281	4.235608568588866	-5.7954880505877785e-05
4.419041197728454	4.23660104364891	-5.900202765864861e-05
4.419992689432627	4.237593499908122	-6.0059957649520544e-05
4.4209441811368	4.23858593737971	-6.113128041966987e-05
4.421895672840973	4.2395783560768665	-6.222048038110153e-05
